Intake Date,Intake Type,Intake Subtype,Animal Type,Sex,Years Old,Months Old,Days Old,Intake Condition,Breed,Coat Color Pattern
01-01-11,STRAY,FIELD,DOG,M,1,6,2,INJURED,PIT BULL,WHITE
01-01-11,STRAY,OTC,DOG,N,1,0,0,INJURED,DACHSHUND,CHOCOLATE
01-01-11,STRAY,FIELD,DOG,S,2,10,24,NORMAL,AUST SHEPHERD,WHITE
01-01-11,STRAY,FIELD,DOG,M,2,0,0,INJURED,PIT BULL,BROWN
01-01-11,PUBLIC AST,OIJ,DOG,S,4,0,28,INJURED,LABRADOR RETR,BLACK
01-01-11,STRAY,OTC,DOG,N,3,0,1,NORMAL,LABRADOR RETR,BROWN
01-01-11,STRAY,OTC,DOG,N,4,0,1,NORMAL,RAT TERRIER,WHITE
01-01-11,PUBLIC AST,EMERGENCY,DOG,S,4,0,1,NORMAL,BORDER COLLIE,WHITE
01-01-11,PUBLIC AST,EMERGENCY,DOG,F,4,0,1,NORMAL,BORDER COLLIE,BROWN
01-01-11,STRAY,OTC,DOG,S,4,4,28,NORMAL,DALMATIAN,WHITE
01-01-11,STRAY,OTC,DOG,N,8,0,29,NORMAL,CHIHUAHUA SH,WHITE
01-01-11,STRAY,FIELD,DOG,S,7,0,0,NORMAL,LABRADOR RETR,WHITE
01-01-11,OWNER SUR,OTC,DOG,S,7,0,2,NORMAL,CHIHUAHUA SH,TAN
01-01-11,STRAY,OTC,DOG,N,8,10,20,NORMAL,SCHNAUZER MIN,BLACK
01-01-11,STRAY,OTC,DOG,S,8,0,2,NORMAL,LABRADOR RETR,YELLOW
01-01-11,OWNER SUR,FIELD,DOG,S,9,0,2,NORMAL,GERM SHEPHERD,BROWN
01-01-11,STRAY,FIELD,DOG,N,10,0,2,NORMAL,BASSET HOUND,BROWN
01-01-11,STRAY,FIELD,DOG,N,10,0,2,NORMAL,CHOW CHOW,RED
01-01-11,OWNER SUR,OTC,DOG,S,11,0,3,NORMAL,DACHSHUND,RED
01-01-11,STRAY,OTC,DOG,S,12,11,12,NORMAL,PARSON RUSS TER,WHITE
01-02-11,STRAY,OTC,DOG,S,0,2,0,NORMAL,AUST CATTLE DOG,WHITE
01-02-11,STRAY,OTC,CAT,N,0,1,1,NORMAL,DOMESTIC SH,ORG TABBY
01-02-11,STRAY,OTC,DOG,N,0,1,8,NORMAL,CHINESE SHARPEI,WHITE
01-02-11,STRAY,OTC,DOG,N,0,1,8,NORMAL,CHINESE SHARPEI,WHITE
01-02-11,OWNER SUR,OTC,DOG,N,0,2,13,NORMAL,AUST CATTLE DOG,WHITE
01-02-11,STRAY,OTC,DOG,N,0,4,27,NORMAL,POODLE MIN,BLACK
01-02-11,STRAY,OTC,CAT,N,0,4,1,NORMAL,DOMESTIC MH,CRM TABBY
01-02-11,STRAY,OTC,CAT,S,0,4,1,NORMAL,DOMESTIC MH,WHITE
01-02-11,STRAY,OTC,CAT,N,0,4,12,NORMAL,DOMESTIC MH,ORG TABBY
01-02-11,STRAY,OTC,DOG,N,1,7,2,NORMAL,GREAT PYRENEES,WHITE
01-02-11,STRAY,OTC,DOG,N,1,10,3,NORMAL,LABRADOR RETR,YELLOW
01-02-11,STRAY,OTC,DOG,N,1,10,3,NORMAL,FLAT COAT RETR,BLACK
01-02-11,STRAY,OTC,DOG,F,1,10,3,NORMAL,POINTER,WHITE
01-02-11,STRAY,OTC,CAT,S,1,0,0,NORMAL,DOMESTIC SH,BRN TABBY
01-02-11,STRAY,OTC,DOG,N,1,0,0,NORMAL,COCKER SPAN,GOLD
01-02-11,STRAY,OTC,DOG,N,2,6,1,NORMAL,BOXER,BROWN
01-02-11,STRAY,OTC,DOG,N,2,6,2,NORMAL,LABRADOR RETR,BLACK
01-02-11,STRAY,FIELD,DOG,S,2,8,11,NORMAL,AUST CATTLE DOG,TRICOLOR
01-02-11,OWNER SUR,OTC,CAT,S,3,0,22,NORMAL,DOMESTIC SH,ORG TABBY
01-02-11,OWNER SUR,OTC,DOG,S,2,0,0,NORMAL,CHIHUAHUA SH,TAN
01-02-11,STRAY,OTC,DOG,N,2,0,0,NORMAL,JACK RUSS TERR,WHITE
01-02-11,STRAY,OTC,DOG,N,2,0,0,NORMAL,PIT BULL,BROWN
01-02-11,OWNER SUR,OTC,DOG,S,2,0,0,NORMAL,PIT BULL,TAN
01-02-11,STRAY,OTC,DOG,S,3,6,2,NORMAL,SIBERIAN HUSKY,WHITE
01-02-11,STRAY,OTC,DOG,S,3,0,1,NORMAL,LABRADOR RETR,BLACK
01-02-11,STRAY,OTC,DOG,S,4,6,2,NORMAL,JACK RUSS TERR,WHITE
01-02-11,STRAY,OTC,DOG,N,5,0,28,NORMAL,CHIHUAHUA SH,BLUE
01-02-11,STRAY,OTC,DOG,S,4,0,0,NORMAL,YORKSHIRE TERR,RED
01-02-11,STRAY,FIELD,DOG,S,4,0,1,NORMAL,PIT BULL,WHITE
01-02-11,STRAY,OTC,DOG,S,4,0,1,NORMAL,SHIH TZU,BLACK
01-02-11,PUBLIC AST,SURGERY,DOG,S,4,1,16,NORMAL,GERM SH POINT,BLACK
01-02-11,PUBLIC AST,QUARANTINE,DOG,N,4,6,25,NORMAL,LABRADOR RETR,BLACK
01-02-11,OWNER SUR,OTC,DOG,M,6,0,23,NORMAL,PIT BULL,TAN
01-02-11,STRAY,OTC,DOG,S,6,0,28,NORMAL,SHETLD SHEEPDOG,RED
01-02-11,STRAY,OTC,DOG,N,5,0,0,NORMAL,BOXER,BR BRINDLE
01-02-11,STRAY,FIELD,DOG,S,5,0,1,NORMAL,PIT BULL,BLACK
01-02-11,OWNER SUR,OTC,CAT,N,6,6,2,NORMAL,DOMESTIC SH,BRN TABBY
01-02-11,STRAY,OTC,DOG,S,6,0,1,INJURED,CHOW CHOW,BLACK
01-02-11,STRAY,OTC,DOG,M,7,0,1,NORMAL,BOXER,BROWN
01-02-11,OWNER SUR,OTC,DOG,N,7,0,2,NORMAL,BOXER,BR BRINDLE
01-02-11,OWNER SUR,OTC,CAT,S,7,0,2,NORMAL,DOMESTIC MH,CRM TABBY
01-02-11,STRAY,OTC,DOG,M,8,0,2,NORMAL,CHINESE SHARPEI,BLACK
01-02-11,STRAY,OTC,DOG,N,9,0,2,NORMAL,LABRADOR RETR,BLACK
01-02-11,OWNER SUR,OTC,DOG,N,9,0,2,NORMAL,BOXER,WHITE
01-02-11,OWNER SUR,OTC,DOG,N,10,0,2,NORMAL,LABRADOR RETR,BLACK
01-02-11,STRAY,OTC,DOG,F,10,0,2,OTHER,LABRADOR RETR,CHOCOLATE
01-02-11,STRAY,EMERG CLC,DOG,S,10,0,2,NORMAL,BASSET HOUND,BUFF
01-02-11,STRAY,OTC,DOG,S,13,0,3,OTHER,SIBERIAN HUSKY,BLACK
01-03-11,STRAY,OTC,DOG,F,0,0,6,NURSING,LABRADOR RETR,RED
01-03-11,STRAY,OTC,DOG,F,0,0,6,NURSING,LABRADOR RETR,RED
01-03-11,STRAY,OTC,DOG,N,0,0,6,NURSING,LABRADOR RETR,RED
01-03-11,STRAY,OTC,DOG,M,0,0,6,NURSING,LABRADOR RETR,RED
01-03-11,STRAY,OTC,DOG,M,0,0,6,NURSING,LABRADOR RETR,TAN
01-03-11,STRAY,OTC,DOG,S,0,0,6,NURSING,LABRADOR RETR,TAN
01-03-11,STRAY,OTC,DOG,F,0,0,6,NURSING,LABRADOR RETR,BRN MERLE
01-03-11,STRAY,OTC,DOG,N,0,3,29,NORMAL,CHIHUAHUA SH,WHITE
01-03-11,STRAY,FIELD,DOG,S,0,4,1,NORMAL,LABRADOR RETR,BLACK
01-03-11,STRAY,FIELD,DOG,N,0,4,12,NORMAL,MIN PINSCHER,TRICOLOR
01-03-11,OWNER SUR,OTC,DOG,S,0,4,13,NORMAL,CHIHUAHUA SH,BROWN
01-03-11,OWNER SUR,OTC,DOG,S,0,6,21,NORMAL,LABRADOR RETR,BLACK
01-03-11,OWNER SUR,OTC,DOG,N,1,8,1,NORMAL,BORDER COLLIE,BLACK
01-03-11,PUBLIC AST,QUARANTINE,DOG,S,1,9,16,NORMAL,PIT BULL,WHITE
01-03-11,STRAY,FIELD,DOG,N,1,9,2,NORMAL,COLLIE ROUGH,BLACK
01-03-11,OWNER SUR,OTC,DOG,N,1,10,24,NORMAL,LABRADOR RETR,RED
01-03-11,STRAY,FIELD,DOG,N,1,10,28,NORMAL,GOLDEN RETR,TAN
01-03-11,STRAY,FIELD,DOG,S,2,0,26,NORMAL,LABRADOR RETR,CHOCOLATE
01-03-11,STRAY,OTC,CAT,U,1,0,0,FERAL,DOMESTIC SH,BRN TABBY
01-03-11,STRAY,FIELD,DOG,N,1,0,0,NORMAL,MANCHESTER TERR,BLACK
01-03-11,STRAY,OTC,CAT,N,1,0,0,NORMAL,DOMESTIC SH,BLUE TABBY
01-03-11,PUBLIC AST,SURGERY,DOG,S,1,0,4,NORMAL,POODLE MIN,BLACK
01-03-11,STRAY,OTC,DOG,N,2,6,2,NORMAL,POODLE MIN,WHITE
01-03-11,OWNER SUR,OTC,DOG,S,2,6,2,NORMAL,CHIHUAHUA LH,TAN
01-03-11,STRAY,OTC,DOG,S,2,7,17,INJURED,SCHNAUZER MIN,BLACK
01-03-11,STRAY,FIELD,DOG,N,3,0,26,NORMAL,MIN PINSCHER,BLACK
01-03-11,STRAY,OTC,DOG,N,3,0,28,NORMAL,CHIHUAHUA SH,BLACK
01-03-11,STRAY,OTC,DOG,N,2,0,0,NORMAL,BLUE LACY,BLUE
01-03-11,OWNER SUR,OTC,DOG,N,2,0,0,NORMAL,POODLE MIN,BLACK
01-03-11,STRAY,OTC,DOG,N,2,0,0,NORMAL,BORDER COLLIE,WHITE
01-03-11,OWNER SUR,OTC,DOG,S,2,0,0,NORMAL,POODLE MIN,APRICOT
01-03-11,OWNER SUR,RETURN,DOG,N,2,2,22,NORMAL,GERM SHEPHERD,CREAM
01-03-11,STRAY,OTC,DOG,N,2,6,24,NORMAL,HARRIER,BROWN
01-03-11,STRAY,OTC,DOG,M,2,6,27,NORMAL,NORWICH TERRIER,TAN
01-03-11,PUBLIC AST,QUARANTINE,DOG,N,4,0,14,NORMAL,SCHNAUZER MIN,GRAY
01-03-11,STRAY,FIELD,DOG,N,4,0,26,NORMAL,LABRADOR RETR,BLACK
01-03-11,OWNER SUR,OTC,CAT,S,3,0,1,NORMAL,DOMESTIC SH,BRN TABBY
01-03-11,OWNER SUR,OTC,DOG,S,3,0,1,NORMAL,CHIHUAHUA SH,WHITE
01-03-11,OWNER SUR,OTC,CAT,S,3,0,1,NORMAL,DOMESTIC SH,BLACK
01-03-11,OWNER SUR,OTC,CAT,N,3,0,1,NORMAL,DOMESTIC SH,BRN TABBY
01-03-11,STRAY,FIELD,DOG,N,3,0,1,SICK,AMER BULLDOG,WHITE
01-03-11,PUBLIC AST,QUARANTINE,DOG,N,3,5,3,NORMAL,POODLE MIN,WHITE
01-03-11,STRAY,OTC,DOG,S,6,0,0,NORMAL,LABRADOR RETR,BLACK
01-03-11,STRAY,FIELD,CAT,S,5,0,0,INJURED,DOMESTIC SH,BROWN
01-03-11,EUTH REQ,OTC OWNED,CAT,N,5,0,1,SICK,DOMESTIC SH,BLUE
01-03-11,STRAY,OTC,CAT,N,5,0,1,NORMAL,DOMESTIC MH,ORG TABBY
01-03-11,OWNER SUR,OTC,DOG,N,5,0,1,NORMAL,CHIHUAHUA SH,BLACK
01-03-11,STRAY,OTC,CAT,N,5,0,1,NORMAL,DOMESTIC LH,FLAME PT
01-03-11,STRAY,OTC,CAT,N,5,0,1,NORMAL,DOMESTIC SH,BLACK
01-03-11,STRAY,FIELD,DOG,N,5,0,1,NORMAL,ROTTWEILER,BLACK
01-03-11,STRAY,OTC,DOG,S,6,0,1,NORMAL,GOLDEN RETR,RED
01-03-11,OWNER SUR,OTC,DOG,N,6,0,1,SICK,CHIHUAHUA SH,TAN
01-03-11,OWNER SUR,OTC,CAT,S,6,0,1,NORMAL,DOMESTIC SH,BLUE TABBY
01-03-11,PUBLIC AST,OIJ,DOG,N,7,0,2,NORMAL,SHIBA INU,CREAM
01-03-11,STRAY,OTC,DOG,S,8,0,2,NORMAL,LABRADOR RETR,BROWN
01-03-11,STRAY,OTC,CAT,S,11,0,23,NORMAL,DOMESTIC SH,BLACK
01-03-11,STRAY,EMERG CLC,DOG,S,11,0,27,INJURED,BORDER COLLIE,BLACK
01-04-11,STRAY,OTC,CAT,F,0,2,18,NORMAL,DOMESTIC LH,TORBIE
01-04-11,STRAY,FIELD,DOG,S,0,2,22,NORMAL,CHOW CHOW,BLACK
01-04-11,STRAY,FIELD,DOG,S,0,2,22,NORMAL,LABRADOR RETR,BLACK
01-04-11,STRAY,FIELD,DOG,N,0,2,22,NORMAL,CHOW CHOW,BLACK
01-04-11,STRAY,OTC,CAT,S,0,2,27,NORMAL,DOMESTIC LH,BLACK
01-04-11,OWNER SUR,OTC,DOG,S,0,2,0,NORMAL,LABRADOR RETR,BLACK
01-04-11,OWNER SUR,OTC,DOG,S,0,2,0,NORMAL,LABRADOR RETR,BLACK
01-04-11,OWNER SUR,OTC,DOG,S,0,2,0,NORMAL,LABRADOR RETR,BLACK
01-04-11,OWNER SUR,OTC,DOG,S,0,2,0,NORMAL,LABRADOR RETR,BLACK
01-04-11,OWNER SUR,OTC,DOG,N,0,2,0,NORMAL,LABRADOR RETR,BLACK
01-04-11,OWNER SUR,OTC,DOG,N,0,2,0,NORMAL,LABRADOR RETR,BLACK
01-04-11,OWNER SUR,OTC,DOG,S,0,2,0,NORMAL,LABRADOR RETR,BLACK
01-04-11,STRAY,OTC,CAT,N,0,2,11,NORMAL,RAGDOLL,SEAL PT
01-04-11,STRAY,OTC,CAT,S,0,2,11,NORMAL,RAGDOLL,SEAL PT
01-04-11,OWNER SUR,OTC,DOG,F,0,3,1,SICK,PIT BULL,WHITE
01-04-11,STRAY,OTC,CAT,N,0,5,12,NORMAL,DOMESTIC MH,BRN TABBY
01-04-11,STRAY,FIELD,DOG,N,1,8,29,NORMAL,POODLE MIN,WHITE
01-04-11,OWNER SUR,OTC,DOG,N,1,10,3,NORMAL,PIT BULL,RED
01-04-11,STRAY,OTC,DOG,S,1,11,15,NORMAL,PIT BULL,BLACK
01-04-11,STRAY,FIELD,DOG,N,1,11,27,NORMAL,PIT BULL,BUFF
01-04-11,STRAY,NO SUBTYPE,DOG,N,2,0,26,NORMAL,PIT BULL,WHITE
01-04-11,STRAY,OTC,DOG,S,2,0,0,NORMAL,CHIHUAHUA SH,WHITE
01-04-11,STRAY,OTC,CAT,S,2,0,0,NORMAL,DOMESTIC SH,BRN TABBY
01-04-11,STRAY,OTC,DOG,F,2,0,0,NORMAL,GOLDEN RETR,GOLD
01-04-11,OWNER SUR,OTC,CAT,N,2,0,0,FERAL,DOMESTIC LH,BLACK
01-04-11,OWNER SUR,OTC,CAT,M,2,0,0,NORMAL,DOMESTIC SH,ORG TABBY
01-04-11,OWNER SUR,OTC,CAT,M,2,0,0,NORMAL,DOMESTIC SH,ORG TABBY
01-04-11,PUBLIC AST,SURGERY,DOG,S,2,1,28,NORMAL,BEAGLE,BROWN
01-04-11,STRAY,FIELD,DOG,S,2,5,26,INJURED,AMER ESKIMO,WHITE
01-04-11,STRAY,FIELD,DOG,S,4,0,23,NORMAL,LABRADOR RETR,BLACK
01-04-11,STRAY,OTC,CAT,N,4,0,26,INJURED,DOMESTIC SH,BLACK
01-04-11,STRAY,FIELD,DOG,N,4,0,28,NORMAL,AUST SHEPHERD,RED MERLE
01-04-11,STRAY,FIELD,DOG,S,3,0,1,SICK,PIT BULL,TAN
01-04-11,STRAY,FIELD,DOG,M,3,0,1,NORMAL,ROTTWEILER,BR BRINDLE
01-04-11,STRAY,OTC,DOG,N,3,0,1,NORMAL,LABRADOR RETR,TAN
01-04-11,STRAY,FIELD,DOG,N,3,0,1,NORMAL,MIN PINSCHER,RED
01-04-11,STRAY,FIELD,DOG,N,3,0,1,NORMAL,PIT BULL,BR BRINDLE
01-04-11,STRAY,FIELD,DOG,S,4,7,14,NORMAL,PIT BULL,FAWN
01-04-11,STRAY,OTC,DOG,M,4,0,0,NORMAL,BOXER,BR BRINDLE
01-04-11,STRAY,OTC,DOG,N,4,0,1,NORMAL,WELSH CORGI CAR,BROWN
01-04-11,PUBLIC AST,QUARANTINE,DOG,N,4,6,23,NORMAL,CATAHOULA,BLUE MERLE
01-04-11,OWNER SUR,OTC,DOG,N,5,6,3,NORMAL,GREAT PYRENEES,WHITE
01-04-11,STRAY,OTC,CAT,S,6,0,25,NORMAL,DOMESTIC SH,BRN TABBY
01-04-11,OWNER SUR,OTC,DOG,S,5,2,1,NORMAL,CHIHUAHUA SH,TRICOLOR
01-04-11,OWNER SUR,OTC,DOG,S,7,0,0,NORMAL,CHIHUAHUA SH,TAN
01-04-11,OWNER SUR,OTC,CAT,S,7,0,0,NORMAL,BRITISH SH,ORG TABBY
01-04-11,OWNER SUR,OTC,CAT,S,6,0,1,NORMAL,DOMESTIC SH,BLACK
01-04-11,OWNER SUR,OTC,CAT,S,6,1,10,NORMAL,DOMESTIC SH,BLUE
01-04-11,STRAY,OTC,CAT,N,8,0,26,NORMAL,DOMESTIC SH,FLAME PT
01-04-11,STRAY,OTC,DOG,N,8,0,28,NORMAL,LABRADOR RETR,WHITE
01-04-11,OWNER SUR,OTC,DOG,S,9,8,11,NORMAL,BOXER,FAWN
01-04-11,OWNER SUR,OTC,DOG,S,10,2,29,NORMAL,JACK RUSS TERR,WHITE
01-04-11,OWNER SUR,OTC,CAT,S,11,4,14,NORMAL,DOMESTIC LH,BRN TABBY
01-04-11,STRAY,FIELD,CAT,M,NO AGE,INJURED,DOMESTIC SH,WHITE,,
01-05-11,OWNER SUR,OTC,CAT,M,0,2,0,NORMAL,DOMESTIC SH,ORG TABBY
01-05-11,OWNER SUR,OTC,CAT,N,0,2,0,NORMAL,DOMESTIC SH,ORG TABBY
01-05-11,STRAY,OTC,DOG,S,0,2,0,NORMAL,PIT BULL,BROWN
01-05-11,OWNER SUR,OTC,CAT,N,0,2,0,NORMAL,DOMESTIC SH,BRN TABBY
01-05-11,OWNER SUR,OTC,CAT,S,0,2,0,NORMAL,DOMESTIC SH,BRN TABBY
01-05-11,STRAY,OTC,CAT,S,0,3,20,NORMAL,DOMESTIC MH,BLACK
01-05-11,OWNER SUR,RETURN,DOG,N,0,3,22,NORMAL,LABRADOR RETR,TAN
01-05-11,STRAY,OTC,CAT,S,0,4,26,NORMAL,DOMESTIC LH,TORTIE
01-05-11,STRAY,FIELD,DOG,S,0,4,1,NORMAL,BOXER,WHITE
01-05-11,STRAY,OTC,CAT,M,0,4,4,NORMAL,DOMESTIC LH,BLACK
01-05-11,STRAY,OTC,CAT,M,0,5,1,NORMAL,DOMESTIC SH,BRN TABBY
01-05-11,STRAY,FIELD,CAT,N,0,6,16,SICK,DOMESTIC LH,WHITE
01-05-11,STRAY,OTC,DOG,N,0,6,19,NORMAL,BASSET HOUND,BLUE
01-05-11,STRAY,OTC,DOG,N,1,6,2,NORMAL,JACK RUSS TERR,BROWN
01-05-11,OWNER SUR,OTC,DOG,S,1,6,2,NORMAL,AUST CATTLE DOG,BLACK
01-05-11,STRAY,FIELD,DOG,S,1,7,2,NORMAL,PIT BULL,BLUE
01-05-11,STRAY,OTC,CAT,S,1,8,27,NORMAL,DOMESTIC LH,BLUE
01-05-11,STRAY,OTC,DOG,M,1,8,2,NORMAL,PIT BULL,BROWN
01-05-11,STRAY,OTC,CAT,N,1,9,2,NORMAL,DOMESTIC SH,BLACK
01-05-11,STRAY,FIELD,DOG,N,1,10,19,NORMAL,PIT BULL,TAN
01-05-11,OWNER SUR,OTC,CAT,S,1,11,26,NORMAL,DOMESTIC LH,BLK SMOKE
01-05-11,OWNER SUR,OTC,DOG,N,1,11,0,NORMAL,DACHSHUND,CHOCOLATE
01-05-11,OWNER SUR,OTC,CAT,S,1,11,0,NORMAL,DOMESTIC SH,BRN TABBY
01-05-11,STRAY,FIELD,DOG,N,2,0,29,NORMAL,CHIHUAHUA SH,CHOCOLATE
01-05-11,STRAY,FIELD,DOG,M,1,0,0,NORMAL,PIT BULL,WHITE
01-05-11,STRAY,FIELD,DOG,N,2,6,2,NORMAL,GERM SHEPHERD,BLACK
01-05-11,STRAY,FIELD,DOG,F,2,0,0,NORMAL,BOXER,BR BRINDLE
01-05-11,OWNER SUR,OTC,CAT,S,2,0,0,NORMAL,DOMESTIC SH,LYNX PT
01-05-11,STRAY,FIELD,DOG,F,2,0,0,NORMAL,PIT BULL,TAN
01-05-11,STRAY,EMERG CLC,DOG,N,2,0,0,INJURED,GERM SHEPHERD,BLACK
01-05-11,STRAY,FIELD,DOG,N,2,0,0,NORMAL,CHIHUAHUA SH,BLACK
01-05-11,STRAY,FIELD,DOG,N,2,0,0,NORMAL,POODLE MIN,WHITE
01-05-11,STRAY,FIELD,DOG,S,2,0,0,NORMAL,AMER BULLDOG,WHITE
01-05-11,OWNER SUR,OTC,CAT,N,2,0,0,FERAL,DOMESTIC SH,BLUE
01-05-11,OWNER SUR,RETURN,DOG,F,2,0,9,NORMAL,PIT BULL,WHITE
01-05-11,STRAY,OTC,CAT,S,2,5,26,NORMAL,DOMESTIC LH,BLACK
01-05-11,STRAY,FIELD,DOG,N,4,0,26,NORMAL,CHIHUAHUA SH,TAN
01-05-11,STRAY,OTC,DOG,N,3,0,1,NORMAL,LHASA APSO,WHITE
01-05-11,STRAY,OTC,DOG,N,3,0,1,NORMAL,GOLDEN RETR,GOLD
01-05-11,OWNER SUR,RETURN,DOG,S,3,1,15,NORMAL,DACHSHUND,WHITE
01-05-11,STRAY,OTC,CAT,M,4,0,1,NORMAL,DOMESTIC LH,BLUE
01-05-11,STRAY,FIELD,DOG,M,4,0,1,NORMAL,ENG BULLDOG,WHITE
01-05-11,OWNER SUR,OTC,CAT,N,4,6,27,NORMAL,DOMESTIC SH,BLUE
01-05-11,STRAY,FIELD,DOG,N,6,0,21,NORMAL,DACHSHUND,BROWN
01-05-11,STRAY,FIELD,DOG,N,6,0,24,NORMAL,GREAT DANE,TAN
01-05-11,STRAY,OTC,CAT,N,5,0,1,NORMAL,DOMESTIC LH,ORG TABBY
01-05-11,STRAY,FIELD,DOG,S,7,0,2,NORMAL,LABRADOR RETR,CHOCOLATE
01-05-11,OWNER SUR,OTC,DOG,S,8,8,27,NORMAL,CHIHUAHUA SH,CHOCOLATE
01-05-11,STRAY,FIELD,DOG,S,8,0,2,NORMAL,GOLDEN RETR,GOLD
01-05-11,STRAY,OTC,CAT,N,11,0,3,NORMAL,DOMESTIC SH,BLACK
01-05-11,EUTH REQ,OTC OWNED,CAT,S,16,0,4,SICK,DOMESTIC LH,CALICO
01-06-11,STRAY,OTC,CAT,N,0,1,5,NORMAL,DOMESTIC SH,BLUE
01-06-11,STRAY,OTC,CAT,S,0,1,5,NORMAL,SIAMESE,BLUE PT
01-06-11,STRAY,OTC,CAT,S,0,1,5,NORMAL,DOMESTIC SH,BLUE
01-06-11,STRAY,OTC,CAT,N,0,1,14,NORMAL,DOMESTIC SH,BLUE
01-06-11,STRAY,OTC,CAT,N,0,1,14,NORMAL,DOMESTIC SH,BLUE
01-06-11,STRAY,OTC,CAT,N,0,1,14,NORMAL,DOMESTIC SH,BLUE
01-06-11,STRAY,OTC,CAT,N,0,2,9,INJURED,DOMESTIC SH,BRN TABBY
01-06-11,OWNER SUR,OTC,DOG,S,0,2,12,NORMAL,POINTER,TAN
01-06-11,OWNER SUR,OTC,DOG,S,0,2,12,NORMAL,POINTER,SABLE
01-06-11,OWNER SUR,OTC,DOG,S,0,2,12,NORMAL,CAROLINA DOG,WHITE
01-06-11,OWNER SUR,OTC,DOG,N,0,3,15,NORMAL,POINTER,WHITE
01-06-11,OWNER SUR,OTC,DOG,N,0,3,15,NORMAL,POINTER,TAN
01-06-11,OWNER SUR,OTC,DOG,N,0,3,15,NORMAL,POINTER,WHITE
01-06-11,OWNER SUR,OTC,CAT,S,0,3,1,NORMAL,SIAMESE,LYNX PT
01-06-11,OWNER SUR,OTC,DOG,F,0,3,1,SICK,BORDER COLLIE,WHITE
01-06-11,EUTH REQ,OTC OWNED,DOG,N,0,3,1,SICK,LABRADOR RETR,BLACK
01-06-11,OWNER SUR,RETURN,CAT,N,0,4,22,NORMAL,DOMESTIC SH,BLACK
01-06-11,STRAY,OTC,CAT,N,0,4,12,NORMAL,DOMESTIC SH,BRN TABBY
01-06-11,STRAY,OTC,DOG,N,0,5,1,NORMAL,CHIHUAHUA SH,TAN
01-06-11,STRAY,FIELD,DOG,S,0,5,12,NORMAL,LABRADOR RETR,BLACK
01-06-11,STRAY,FIELD,DOG,N,1,7,2,NORMAL,AMERICAN STAFF,BLACK
01-06-11,OWNER SUR,OTC,CAT,M,1,8,2,NORMAL,DOMESTIC SH,BLACK
01-06-11,OWNER SUR,OTC,CAT,N,1,8,2,NORMAL,DOMESTIC LH,BLACK
01-06-11,OWNER SUR,OTC,CAT,S,1,8,2,NORMAL,DOMESTIC MH,WHITE
01-06-11,STRAY,OTC,DOG,S,1,8,2,NORMAL,BLACK MOUTH CUR,FAWN
01-06-11,STRAY,OTC,DOG,S,1,10,3,NORMAL,BLACK MOUTH CUR,FAWN
01-06-11,STRAY,OTC,DOG,N,1,10,3,NORMAL,BLACK MOUTH CUR,FAWN
01-06-11,STRAY,OTC,DOG,S,1,3,12,NORMAL,BORDER COLLIE,BLACK
01-06-11,STRAY,FIELD,DOG,N,1,5,28,NORMAL,GREAT PYRENEES,WHITE
01-06-11,OWNER SUR,OTC,DOG,N,2,6,2,NORMAL,LABRADOR RETR,BLACK
01-06-11,PUBLIC AST,QUARANTINE,DOG,N,2,8,22,NORMAL,LABRADOR RETR,BLACK
01-06-11,STRAY,OTC,DOG,N,2,0,0,NORMAL,CHIHUAHUA SH,FAWN
01-06-11,PUBLIC AST,QUARANTINE,CAT,N,2,0,0,NORMAL,DOMESTIC SH,BLUE TABBY
01-06-11,STRAY,OTC,DOG,N,2,0,0,NORMAL,AMER BULLDOG,FAWN
01-06-11,OWNER SUR,OTC,DOG,S,2,0,0,NORMAL,POINTER,WHITE
01-06-11,STRAY,OTC,DOG,S,2,0,0,NORMAL,GERM SHEPHERD,BLACK
01-06-11,STRAY,FIELD,DOG,S,2,3,29,NORMAL,LABRADOR RETR,BLACK
01-06-11,OWNER SUR,OTC,CAT,S,3,0,1,NORMAL,DOMESTIC LH,BLUE CREAM
01-06-11,OWNER SUR,OTC,CAT,S,3,0,1,NORMAL,DOMESTIC SH,BLUE CREAM
01-06-11,PUBLIC AST,QUARANTINE,DOG,U,4,7,20,NORMAL,RAT TERRIER,BLACK
01-06-11,OWNER SUR,OTC,CAT,F,4,0,1,NORMAL,DOMESTIC LH,TORTIE
01-06-11,STRAY,FIELD,DOG,S,6,0,21,NORMAL,CHIHUAHUA SH,BROWN
01-06-11,STRAY,FIELD,DOG,S,5,0,1,NORMAL,RHOD RIDGEBACK,TAN
01-06-11,STRAY,OTC,DOG,N,5,2,17,NORMAL,LABRADOR RETR,BLACK
01-06-11,STRAY,OTC,DOG,S,5,3,20,NORMAL,PIT BULL,WHITE
01-06-11,PUBLIC AST,NO SUBTYPE,DOG,S,5,6,22,NORMAL,LABRADOR RETR,BUFF
01-06-11,OWNER SUR,OTC,CAT,S,6,6,3,NORMAL,DOMESTIC SH,BLUE CREAM
01-06-11,STRAY,FIELD,DOG,M,7,0,25,INJURED,BORDER COLLIE,BLACK
01-06-11,OWNER SUR,OTC,DOG,S,7,0,29,NORMAL,LABRADOR RETR,BLACK
01-06-11,OWNER SUR,OTC,CAT,N,7,6,3,NORMAL,MAINE COON,BLUE TABBY
01-06-11,PUBLIC AST,QUARANTINE,DOG,S,8,0,2,NORMAL,LABRADOR RETR,TAN
01-06-11,OWNER SUR,OTC,DOG,S,8,3,10,NORMAL,AUST SHEPHERD,BLUE MERLE
01-06-11,PUBLIC AST,QUARANTINE,DOG,N,10,0,2,NORMAL,LABRADOR RETR,BLACK
01-06-11,STRAY,OTC,DOG,S,10,0,2,NORMAL,CHIHUAHUA SH,WHITE
01-07-11,BORN IN,SHELTER,CAT,N,0,0,0,NURSING,DOMESTIC SH,WHITE
01-07-11,BORN IN,SHELTER,CAT,N,0,0,0,NURSING,DOMESTIC SH,WHITE
01-07-11,BORN IN,SHELTER,CAT,M,0,0,0,NURSING,DOMESTIC SH,WHITE
01-07-11,BORN IN,SHELTER,CAT,F,0,0,0,NURSING,DOMESTIC SH,WHITE
01-07-11,OWNER SUR,OTC,CAT,N,0,1,11,NORMAL,DOMESTIC SH,BLACK
01-07-11,OWNER SUR,OTC,CAT,N,0,1,11,NORMAL,DOMESTIC SH,BLACK
01-07-11,OWNER SUR,OTC,CAT,N,0,1,11,NORMAL,DOMESTIC SH,BLACK
01-07-11,OWNER SUR,OTC,CAT,S,0,1,11,NORMAL,DOMESTIC SH,BLACK
01-07-11,OWNER SUR,OTC,CAT,S,0,1,11,NORMAL,DOMESTIC SH,BLACK
01-07-11,OWNER SUR,OTC,CAT,S,0,1,13,NORMAL,DOMESTIC SH,BLACK
01-07-11,OWNER SUR,OTC,CAT,S,0,2,17,NORMAL,DOMESTIC SH,BLACK
01-07-11,STRAY,OTC,DOG,S,0,2,28,NORMAL,GERM SHEPHERD,TAN
01-07-11,STRAY,OTC,DOG,S,0,2,28,NORMAL,SIBERIAN HUSKY,CREAM
01-07-11,STRAY,OTC,CAT,N,0,3,18,NORMAL,DOMESTIC SH,BRN TABBY
01-07-11,PUBLIC AST,QUARANTINE,CAT,N,0,3,1,NORMAL,DOMESTIC SH,BRN TABBY
01-07-11,OWNER SUR,OTC,DOG,N,0,4,14,NORMAL,AUST CATTLE DOG,RED TICK
01-07-11,OWNER SUR,OTC,DOG,N,0,4,12,NORMAL,POODLE MIN,WHITE
01-07-11,STRAY,OTC,CAT,S,0,6,28,NORMAL,DOMESTIC SH,TORBIE
01-07-11,STRAY,OTC,DOG,S,1,8,25,NORMAL,BULL TERR MIN,WHITE
01-07-11,STRAY,OTC,DOG,S,1,8,2,INJURED,PIT BULL,WHITE
01-07-11,OWNER SUR,RETURN,DOG,S,1,9,17,NORMAL,BORDER COLLIE,BLACK
01-07-11,OWNER SUR,OTC,CAT,S,1,10,3,NORMAL,ORIENTAL SH,BLACK
01-07-11,OWNER SUR,OTC,CAT,S,1,10,3,NORMAL,ORIENTAL SH,BLACK
01-07-11,STRAY,OTC,CAT,N,2,0,27,NORMAL,DOMESTIC LH,CRM TABBY
01-07-11,STRAY,FIELD,DOG,N,2,0,28,NORMAL,GERM SHEPHERD,BROWN
01-07-11,STRAY,FIELD,CAT,F,1,0,0,INJURED,DOMESTIC LH,BROWN
01-07-11,OWNER SUR,OTC,CAT,S,1,0,0,NORMAL,DOMESTIC MH,TORTIE
01-07-11,OWNER SUR,OTC,DOG,N,2,6,2,NORMAL,BEAGLE,TRICOLOR
01-07-11,PUBLIC AST,OIJ,DOG,S,3,0,21,PREGNANT,PIT BULL,BLK TIGER
01-07-11,STRAY,OTC,DOG,S,3,0,27,NORMAL,YORKSHIRE TERR,SABLE
01-07-11,OWNER SUR,OTC,DOG,N,2,0,0,NORMAL,AUST CATTLE DOG,BLUE TICK
01-07-11,STRAY,FIELD,DOG,M,2,0,0,NORMAL,PIT BULL,WHITE
01-07-11,STRAY,FIELD,DOG,N,2,0,0,NORMAL,LABRADOR RETR,CHOCOLATE
01-07-11,PUBLIC AST,QUARANTINE,DOG,N,2,0,3,NORMAL,STAFFORDSHIRE,BLACK
01-07-11,STRAY,OTC,DOG,S,2,3,17,NORMAL,BOXER,BROWN
01-07-11,STRAY,FIELD,DOG,F,3,6,2,NORMAL,MASTIFF,BR BRINDLE
01-07-11,STRAY,OTC,DOG,N,3,0,1,NORMAL,SHIH TZU,WHITE
01-07-11,OWNER SUR,OTC,CAT,N,5,0,21,NORMAL,DOMESTIC SH,BLUE
01-07-11,OWNER SUR,OTC,DOG,S,5,0,27,NORMAL,AUST CATTLE DOG,BLUE MERLE
01-07-11,STRAY,OTC,CAT,N,5,0,27,NORMAL,DOMESTIC SH,ORG TABBY
01-07-11,STRAY,OTC,DOG,S,4,0,1,NORMAL,BOXER,BROWN
01-07-11,STRAY,FIELD,DOG,M,4,0,1,NORMAL,MASTIFF,TAN
01-07-11,OWNER SUR,FIELD,DOG,M,5,0,1,SICK,PIT BULL,BROWN
01-07-11,STRAY,FIELD,CAT,F,5,0,1,SICK,DOMESTIC SH,BRN TABBY
01-07-11,STRAY,OTC,CAT,S,5,0,1,NORMAL,PERSIAN,CALICO
01-07-11,OWNER SUR,OTC,DOG,N,6,6,12,NORMAL,LABRADOR RETR,YELLOW
01-07-11,STRAY,OTC,DOG,N,6,11,9,NORMAL,LABRADOR RETR,BLACK
01-07-11,PUBLIC AST,QUARANTINE,DOG,M,7,0,11,NORMAL,GERM SHEPHERD,RED
01-07-11,STRAY,OTC,DOG,S,7,0,29,NORMAL,BEAGLE,TRICOLOR
01-07-11,STRAY,OTC,DOG,N,8,0,2,NORMAL,DACHSHUND WH,GRAY
01-07-11,OWNER SUR,OTC,CAT,N,9,0,2,NORMAL,DOMESTIC SH,ORG TABBY
01-07-11,STRAY,OTC,CAT,S,11,0,28,NORMAL,DOMESTIC SH,BRN TABBY
01-08-11,STRAY,OTC,CAT,N,0,2,27,NORMAL,DOMESTIC MH,BLUE
01-08-11,STRAY,OTC,CAT,S,0,2,27,NORMAL,DOMESTIC MH,BLACK
01-08-11,STRAY,OTC,CAT,N,0,2,27,NORMAL,DOMESTIC MH,BLUE
01-08-11,STRAY,OTC,CAT,N,0,2,27,NORMAL,DOMESTIC MH,BLACK
01-08-11,STRAY,OTC,CAT,S,0,2,27,NORMAL,DOMESTIC MH,BLACK
01-08-11,OWNER SUR,OTC,CAT,N,0,2,0,NORMAL,DOMESTIC SH,BRN TABBY
01-08-11,OWNER SUR,OTC,CAT,S,0,2,0,NORMAL,DOMESTIC SH,BRN TABBY
01-08-11,STRAY,OTC,DOG,N,0,2,0,NORMAL,GERM SHEPHERD,BROWN
01-08-11,STRAY,OTC,DOG,N,0,2,0,NORMAL,BORDER COLLIE,BLACK
01-08-11,STRAY,OTC,DOG,N,0,2,0,NORMAL,LABRADOR RETR,BROWN
01-08-11,STRAY,OTC,DOG,S,0,2,11,NORMAL,BORDER COLLIE,BLACK
01-08-11,OWNER SUR,OTC,DOG,S,0,3,29,NORMAL,DACHSHUND,BLACK
01-08-11,STRAY,OTC,CAT,S,0,4,12,NORMAL,DOMESTIC SH,BLACK
01-08-11,STRAY,OTC,CAT,N,0,5,27,NORMAL,DOMESTIC MH,BLACK
01-08-11,STRAY,OTC,CAT,S,0,5,27,NORMAL,DOMESTIC MH,BLACK
01-08-11,STRAY,OTC,CAT,S,0,5,28,NORMAL,DOMESTIC SH,BLACK
01-08-11,STRAY,FIELD,DOG,F,0,5,0,NORMAL,PIT BULL,TAN
01-08-11,STRAY,FIELD,DOG,S,0,5,0,SICK,PIT BULL,TAN
01-08-11,STRAY,OTC,CAT,S,0,5,12,NORMAL,DOMESTIC SH,BLUE TABBY
01-08-11,STRAY,OTC,CAT,S,1,8,29,NORMAL,DOMESTIC SH,WHITE
01-08-11,STRAY,OTC,DOG,N,1,8,0,NORMAL,GREYHOUND,WHITE
01-08-11,STRAY,FIELD,DOG,S,1,8,2,NORMAL,BEAGLE,TRICOLOR
01-08-11,STRAY,FIELD,DOG,N,1,9,2,NORMAL,LABRADOR RETR,BLACK
01-08-11,STRAY,OTC,DOG,N,1,10,28,NORMAL,SCHNAUZER STAND,GRAY
01-08-11,STRAY,OTC,DOG,N,2,0,26,NORMAL,PIT BULL,CHOCOLATE
01-08-11,STRAY,OTC,DOG,N,1,0,0,NORMAL,DACHSHUND,BLACK
01-08-11,STRAY,OTC,DOG,N,1,0,0,NORMAL,DACHSHUND,BLACK
01-08-11,OWNER SUR,OTC,CAT,S,1,0,0,NORMAL,DOMESTIC MH,BRN TABBY
01-08-11,OWNER SUR,OTC,DOG,N,1,5,25,NORMAL,BORDER COLLIE,BLACK
01-08-11,STRAY,OTC,DOG,S,1,6,27,NORMAL,CHIHUAHUA SH,BLACK
01-08-11,STRAY,OTC,DOG,S,2,9,6,NORMAL,BORDER COLLIE,TRICOLOR
01-08-11,STRAY,FIELD,DOG,N,3,0,22,NORMAL,BULL TERRIER,BR BRINDLE
01-08-11,STRAY,OTC,CAT,F,2,0,0,NORMAL,DOMESTIC SH,WHITE
01-08-11,PUBLIC AST,QUARANTINE,DOG,M,2,0,0,NORMAL,CANE CORSO,BLUE
01-08-11,OWNER SUR,NO SUBTYPE,DOG,S,2,0,0,NORMAL,QUEENSLAND HEEL,WHITE
01-08-11,STRAY,OTC,CAT,N,2,0,1,NORMAL,DOMESTIC SH,GRAY
01-08-11,STRAY,OTC,DOG,S,3,6,2,NORMAL,PIT BULL,BLACK
01-08-11,STRAY,OTC,DOG,N,4,0,27,NORMAL,GERM SHEPHERD,BROWN
01-08-11,STRAY,OTC,DOG,S,4,0,27,NORMAL,PIT BULL,WHITE
01-08-11,STRAY,OTC,DOG,S,4,0,28,NORMAL,CHIHUAHUA SH,TAN
01-08-11,OWNER SUR,OTC,DOG,N,5,0,27,NORMAL,CHIHUAHUA SH,BLACK
01-08-11,STRAY,OTC,DOG,S,4,0,1,NORMAL,ENG SHEPHERD,BLACK
01-08-11,PUBLIC AST,QUARANTINE,DOG,N,4,0,1,NORMAL,DOGO ARGENTINO,WHITE
01-08-11,STRAY,FIELD,DOG,N,4,0,1,NORMAL,DACHSHUND,RED
01-08-11,STRAY,OTC,CAT,S,6,0,28,NORMAL,DOMESTIC SH,BLACK
01-08-11,STRAY,OTC,DOG,N,5,0,1,NORMAL,PIT BULL,WHITE
01-08-11,STRAY,OTC,DOG,F,5,0,1,INJURED,STAFFORDSHIRE,WHITE
01-08-11,OWNER SUR,OTC,DOG,S,5,3,8,NORMAL,AUST CATTLE DOG,BLACK
01-08-11,OWNER SUR,OTC,CAT,N,6,3,23,INJURED,SIAMESE,LYNX PT
01-08-11,OWNER SUR,FIELD,DOG,S,7,0,2,SICK,CHIHUAHUA SH,BLACK
01-08-11,STRAY,OTC,DOG,N,11,0,29,NORMAL,GOLDEN RETR,GOLD
01-09-11,OWNER SUR,OTC,DOG,S,0,2,0,NORMAL,COCKER SPAN,WHITE
01-09-11,OWNER SUR,OTC,DOG,S,0,2,0,NORMAL,COCKER SPAN,BLACK
01-09-11,OWNER SUR,OTC,DOG,S,0,2,0,NORMAL,COCKER SPAN,BLACK
01-09-11,OWNER SUR,OTC,DOG,N,0,3,15,SICK,BORDER COLLIE,BLACK
01-09-11,STRAY,OTC,CAT,S,0,4,12,NORMAL,DOMESTIC SH,BLACK
01-09-11,OWNER SUR,OTC,DOG,S,0,6,20,NORMAL,BEAGLE,TAN
01-09-11,STRAY,OTC,DOG,N,1,6,2,SICK,PIT BULL,BR BRINDLE
01-09-11,STRAY,OTC,DOG,S,1,8,2,NORMAL,ROTTWEILER,BLACK
01-09-11,OWNER SUR,OTC,CAT,N,1,8,3,NORMAL,DOMESTIC SH,ORG TABBY
01-09-11,OWNER SUR,OTC,CAT,N,1,8,7,NORMAL,DOMESTIC SH,BLUE TABBY
01-09-11,OWNER SUR,OTC,DOG,S,1,9,2,NORMAL,AUST SHEPHERD,TRICOLOR
01-09-11,OWNER SUR,OTC,CAT,S,1,10,15,NORMAL,DOMESTIC SH,CALICO
01-09-11,STRAY,OTC,DOG,N,1,10,29,NORMAL,PLOTT HOUND,BR BRINDLE
01-09-11,OWNER SUR,OTC,DOG,S,1,10,29,OTHER,PIT BULL,WHITE
01-09-11,OWNER SUR,OTC,DOG,S,1,11,0,NORMAL,LABRADOR RETR,SABLE
01-09-11,OWNER SUR,FIELD,DOG,F,1,0,0,NORMAL,PIT BULL,TAN
01-09-11,STRAY,FIELD,DOG,N,1,0,0,INJURED,PIT BULL,BLACK
01-09-11,STRAY,FIELD,DOG,N,2,0,0,NORMAL,PIT BULL,BROWN
01-09-11,STRAY,FIELD,DOG,N,2,0,0,NORMAL,BORDER COLLIE,WHITE
01-09-11,STRAY,OTC,DOG,S,2,3,22,NORMAL,PIT BULL,BLACK
01-09-11,STRAY,OTC,CAT,M,3,6,2,SICK,DOMESTIC SH,ORG TABBY
01-09-11,OWNER SUR,OTC,CAT,M,3,0,1,INJURED,DOMESTIC SH,BRN TABBY
01-09-11,STRAY,OTC,DOG,S,3,0,1,NORMAL,BOXER,WHITE
01-09-11,OWNER SUR,OTC,DOG,S,3,6,29,OTHER,PIT BULL,WHITE
01-09-11,OWNER SUR,OTC,DOG,M,4,0,1,NORMAL,ITAL GREYHOUND,BR BRINDLE
01-09-11,STRAY,FIELD,DOG,N,6,6,4,INJURED,SCOT TERRIER,BLACK
01-09-11,OWNER SUR,OTC,CAT,S,7,10,14,NORMAL,DOMESTIC SH,CALICO
01-09-11,STRAY,OTC,CAT,N,8,1,1,NORMAL,DOMESTIC SH,BLUE
01-09-11,OWNER SUR,OTC,CAT,S,10,0,0,NORMAL,DOMESTIC LH,BLUE
01-09-11,STRAY,OTC,DOG,M,9,0,2,SICK,PIT BULL,WHITE
01-09-11,OWNER SUR,OTC,CAT,S,9,0,2,NORMAL,DOMESTIC SH,BLUE
01-09-11,EUTH REQ,NO SUBTYPE,CAT,U,19,0,5,SICK,DOMESTIC SH,BLACK
01-10-11,BORN IN,NO SUBTYPE,DOG,N,0,0,0,NURSING,PIT BULL,BR BRINDLE
01-10-11,BORN IN,NO SUBTYPE,DOG,N,0,0,0,NURSING,PIT BULL,BR BRINDLE
01-10-11,BORN IN,NO SUBTYPE,DOG,N,0,0,0,NURSING,PIT BULL,BR BRINDLE
01-10-11,OWNER SUR,OTC,DOG,S,0,0,6,NURSING,LABRADOR RETR,TAN
01-10-11,OWNER SUR,OTC,DOG,S,0,0,6,NURSING,LABRADOR RETR,TAN
01-10-11,OWNER SUR,FIELD,DOG,U,0,1,15,NURSING,CHIHUAHUA SH,WHITE
01-10-11,OWNER SUR,FIELD,DOG,U,0,1,15,NURSING,CHIHUAHUA SH,WHITE
01-10-11,OWNER SUR,FIELD,DOG,U,0,1,15,NURSING,CHIHUAHUA SH,BLACK
01-10-11,OWNER SUR,FIELD,DOG,U,0,1,15,NURSING,CHIHUAHUA SH,BLACK
01-10-11,OWNER SUR,FIELD,DOG,U,0,1,15,NURSING,CHIHUAHUA SH,BLACK
01-10-11,OWNER SUR,FIELD,DOG,U,0,1,15,NURSING,CHIHUAHUA SH,BLACK
01-10-11,STRAY,OTC,DOG,N,0,1,12,NORMAL,AMERICAN STAFF,BLACK
01-10-11,STRAY,OTC,CAT,N,0,2,0,NORMAL,DOMESTIC SH,BRN TABBY
01-10-11,STRAY,OTC,CAT,N,0,2,0,NORMAL,DOMESTIC SH,BRN TABBY
01-10-11,STRAY,OTC,CAT,N,0,2,0,NORMAL,DOMESTIC LH,BRN TABBY
01-10-11,STRAY,FIELD,DOG,S,0,3,17,NORMAL,COLLIE SMOOTH,TAN
01-10-11,STRAY,OTC,DOG,N,0,3,17,NORMAL,KUVASZ,WHITE
01-10-11,PUBLIC AST,QUARANTINE,CAT,N,0,4,1,NORMAL,DOMESTIC MH,BLUE
01-10-11,STRAY,OTC,CAT,S,0,4,1,NORMAL,DOMESTIC MH,BLUE
01-10-11,STRAY,FIELD,CAT,U,0,5,1,INJURED,DOMESTIC SH,WHITE
01-10-11,STRAY,FIELD,DOG,S,0,5,9,NORMAL,PIT BULL,BL BRINDLE
01-10-11,STRAY,FIELD,DOG,S,0,6,26,NORMAL,BULL TERRIER,WHITE
01-10-11,STRAY,FIELD,DOG,S,1,6,10,NORMAL,PIT BULL,FAWN
01-10-11,STRAY,OTC,CAT,N,1,7,14,NORMAL,DOMESTIC SH,BRN TABBY
01-10-11,STRAY,OTC,CAT,N,1,7,14,NORMAL,DOMESTIC SH,ORG TABBY
01-10-11,EUTH REQ,NO SUBTYPE,CAT,F,1,7,2,SICK,DOMESTIC SH,WHITE
01-10-11,STRAY,FIELD,DOG,N,1,7,2,NORMAL,YORKSHIRE TERR,BLACK
01-10-11,STRAY,FIELD,DOG,S,1,8,2,NORMAL,LEONBERGER,BROWN
01-10-11,STRAY,OTC,DOG,S,1,9,28,NORMAL,CHIHUAHUA SH,CREAM
01-10-11,OWNER SUR,FIELD,DOG,S,1,0,0,NURSING,CHIHUAHUA LH,CHOCOLATE
01-10-11,STRAY,OTC,DOG,S,1,0,0,NORMAL,BLACK/TAN HOUND,BLACK
01-10-11,PUBLIC AST,QUARANTINE,DOG,M,1,0,1,NORMAL,SIBERIAN HUSKY,GRAY
01-10-11,STRAY,EMERG CLC,CAT,S,1,3,1,INJURED,DOMESTIC LH,TORBIE
01-10-11,OWNER SUR,OTC,DOG,S,1,4,1,NURSING,SCHNAUZER MIN,BLACK
01-10-11,STRAY,FIELD,DOG,N,1,5,17,NORMAL,PIT BULL,BLUE
01-10-11,STRAY,OTC,DOG,N,1,6,28,NORMAL,LAKELAND TERR,BLUE
01-10-11,OWNER SUR,OTC,CAT,N,1,6,28,NORMAL,DOMESTIC SH,ORG TABBY
01-10-11,OWNER SUR,FIELD,DOG,S,1,6,29,NORMAL,CAIRN TERRIER,TAN
01-10-11,STRAY,OTC,DOG,N,2,6,2,NORMAL,DACHSHUND,CHOCOLATE
01-10-11,STRAY,OTC,DOG,S,3,0,27,NORMAL,NORWICH TERRIER,TAN
01-10-11,STRAY,OTC,DOG,F,2,0,0,NORMAL,PIT BULL,BR BRINDLE
01-10-11,STRAY,OTC,CAT,N,2,0,0,NORMAL,DOMESTIC LH,BLUE TABBY
01-10-11,STRAY,OTC,DOG,S,2,0,0,NORMAL,SCHNAUZER MIN,BLACK
01-10-11,OWNER SUR,OTC,CAT,N,2,0,0,NORMAL,DOMESTIC SH,BRN TABBY
01-10-11,STRAY,OTC,DOG,F,2,0,0,NORMAL,PIT BULL,BR BRINDLE
01-10-11,OWNER SUR,OTC,DOG,N,2,0,0,NORMAL,AUST CATTLE DOG,BLUE TICK
01-10-11,STRAY,OTC,DOG,N,2,1,18,NORMAL,LABRADOR RETR,WHITE
01-10-11,STRAY,FIELD,DOG,S,4,0,28,NORMAL,PUG,TAN
01-10-11,STRAY,OTC,DOG,S,4,0,28,NORMAL,BULLDOG,BLACK
01-10-11,STRAY,OTC,DOG,N,3,0,1,NORMAL,POODLE MIN,TAN
01-10-11,PUBLIC AST,INVESTIGAT,DOG,N,3,0,1,NORMAL,AMER BULLDOG,WHITE
01-10-11,STRAY,OTC,CAT,M,4,6,3,NORMAL,DOMESTIC SH,ORG TABBY
01-10-11,STRAY,FIELD,DOG,S,5,0,22,NORMAL,STAFFORDSHIRE,WHITE
01-10-11,OWNER SUR,OTC,CAT,M,4,0,1,NORMAL,DOMESTIC SH,BLACK
01-10-11,STRAY,OTC,DOG,M,4,0,1,NORMAL,POMERANIAN,TAN
01-10-11,STRAY,OTC,DOG,N,5,6,3,INJURED,LABRADOR RETR,CHOCOLATE
01-10-11,STRAY,OTC,DOG,S,6,0,1,NORMAL,SHIH TZU,TAN
01-10-11,PUBLIC AST,QUARANTINE,DOG,N,6,0,2,NORMAL,CHIHUAHUA SH,TAN
01-10-11,OWNER SUR,OTC,DOG,N,8,0,2,NORMAL,FOX TERR WIRE,BLACK
01-10-11,PUBLIC AST,QUARANTINE,DOG,S,8,0,2,NORMAL,COCKER SPAN,BUFF
01-10-11,STRAY,OTC,DOG,N,9,0,2,NORMAL,RAT TERRIER,TRICOLOR
01-10-11,EUTH REQ,OTC OWNED,DOG,S,10,0,2,AGED,AMER BULLDOG,WHITE
01-10-11,STRAY,FIELD,DOG,N,10,0,2,NORMAL,CHIHUAHUA LH,TRICOLOR
01-10-11,OWNER SUR,OTC,CAT,N,12,0,3,AGED,DOMESTIC SH,ORG TABBY
01-10-11,OWNER SUR,OTC,DOG,F,13,0,3,NORMAL,BEAGLE,TAN
01-11-11,STRAY,OTC,CAT,N,0,0,9,NURSING,DOMESTIC MH,BRN TABBY
01-11-11,STRAY,OTC,DOG,N,0,2,0,NORMAL,CHIHUAHUA SH,BLACK
01-11-11,OWNER SUR,FIELD,DOG,N,0,3,15,NORMAL,WELSH CORGI CAR,TAN
01-11-11,OWNER SUR,FIELD,DOG,S,0,3,20,NORMAL,WELSH CORGI CAR,BLACK
01-11-11,STRAY,OTC,CAT,S,0,3,1,NORMAL,DOMESTIC SH,BRN TABBY
01-11-11,STRAY,OTC,CAT,S,0,4,1,NORMAL,DOMESTIC SH,BLUE TABBY
01-11-11,STRAY,OTC,CAT,S,0,4,1,NORMAL,DOMESTIC SH,BRN TABBY
01-11-11,STRAY,FIELD,DOG,N,0,6,18,NORMAL,AMERICAN STAFF,FAWN
01-11-11,STRAY,OTC,CAT,M,1,6,2,INJURED,DOMESTIC SH,BRN TABBY
01-11-11,STRAY,OTC,CAT,S,1,8,2,NORMAL,DOMESTIC SH,TORBIE
01-11-11,STRAY,FIELD,DOG,M,1,8,2,NORMAL,LHASA APSO,BLACK
01-11-11,STRAY,OTC,CAT,N,1,9,28,NORMAL,DOMESTIC LH,BLACK
01-11-11,STRAY,FIELD,DOG,S,1,9,1,NORMAL,ROTTWEILER,BLACK
01-11-11,STRAY,FIELD,DOG,N,1,9,2,NORMAL,LHASA APSO,CREAM
01-11-11,STRAY,OTC,DOG,N,1,9,2,NORMAL,BEARDED COLLIE,BLACK
01-11-11,STRAY,OTC,DOG,N,1,9,3,NORMAL,DACHSHUND,TRICOLOR
01-11-11,STRAY,OTC,CAT,N,2,0,22,NORMAL,DOMESTIC SH,BLACK
01-11-11,STRAY,OTC,CAT,M,2,0,24,NORMAL,DOMESTIC SH,SLVR TABBY
01-11-11,STRAY,OTC,DOG,S,2,0,24,NORMAL,BORDER COLLIE,TRICOLOR
01-11-11,STRAY,FIELD,DOG,M,1,0,0,NORMAL,PIT BULL,BR BRINDLE
01-11-11,STRAY,OTC,CAT,N,1,0,0,NORMAL,DOMESTIC SH,BLACK
01-11-11,STRAY,FIELD,DOG,S,1,0,0,INJURED,BRITTANY,BROWN
01-11-11,STRAY,OTC,CAT,S,1,0,0,NORMAL,DOMESTIC SH,BRN TABBY
01-11-11,STRAY,OTC,DOG,N,1,5,28,NORMAL,DACHSHUND,BROWN
01-11-11,OWNER SUR,OTC,DOG,N,1,6,19,NORMAL,CHIHUAHUA SH,BROWN
01-11-11,STRAY,OTC,DOG,S,2,6,2,NORMAL,PIT BULL,BROWN
01-11-11,STRAY,FIELD,DOG,S,2,11,14,NORMAL,GERM SHEPHERD,TAN
01-11-11,STRAY,OTC,CAT,N,3,0,23,NORMAL,DOMESTIC SH,BLACK
01-11-11,STRAY,OTC,DOG,S,3,0,27,NORMAL,CHIHUAHUA SH,TRICOLOR
01-11-11,STRAY,OTC,DOG,S,2,0,0,NORMAL,PIT BULL,BR BRINDLE
01-11-11,STRAY,OTC,CAT,N,2,0,0,NORMAL,DOMESTIC SH,BRN TABBY
01-11-11,STRAY,FIELD,DOG,S,2,0,0,NORMAL,LABRADOR RETR,BR BRINDLE
01-11-11,STRAY,EMERG CLC,DOG,N,2,0,0,NORMAL,YORKSHIRE TERR,SILVER
01-11-11,OWNER SUR,OTC,CAT,N,2,0,0,FERAL,DOMESTIC LH,BLUE
01-11-11,OWNER SUR,OTC,DOG,S,2,0,0,NORMAL,PIT BULL,BR BRINDLE
01-11-11,PUBLIC AST,QUARANTINE,CAT,N,2,0,1,NORMAL,DOMESTIC SH,CRM TABBY
01-11-11,OWNER SUR,OTC,DOG,S,3,6,2,PREGNANT,PIT BULL,BLUE CREAM
01-11-11,STRAY,OTC,DOG,N,4,0,23,NORMAL,LABRADOR RETR,BLACK
01-11-11,STRAY,OTC,DOG,S,4,0,23,NORMAL,AUST CATTLE DOG,WHITE
01-11-11,STRAY,OTC,CAT,N,3,0,1,NORMAL,DOMESTIC SH,BLACK
01-11-11,STRAY,FIELD,DOG,M,3,0,1,NORMAL,ROTTWEILER,BLACK
01-11-11,STRAY,FIELD,DOG,F,3,0,1,NORMAL,ROTTWEILER,BLACK
01-11-11,STRAY,OTC,DOG,N,3,5,29,NORMAL,CHIHUAHUA SH,BLACK
01-11-11,STRAY,OTC,DOG,N,5,0,1,INJURED,POMERANIAN,BROWN
01-11-11,OWNER SUR,OTC,DOG,S,5,0,1,NORMAL,PIT BULL,BLACK
01-11-11,STRAY,OTC,DOG,S,5,3,25,NORMAL,PIT BULL,WHITE
01-11-11,STRAY,OTC,CAT,S,7,0,25,NORMAL,DOMESTIC SH,TORBIE
01-11-11,OWNER SUR,FIELD,DOG,S,7,0,27,NORMAL,BORDER COLLIE,WHITE
01-11-11,STRAY,FIELD,DOG,S,6,0,1,NORMAL,CHIHUAHUA SH,TAN
01-11-11,PUBLIC AST,QUARANTINE,DOG,S,6,0,5,NORMAL,BULLDOG,WHITE
01-11-11,PUBLIC AST,QUARANTINE,DOG,S,8,0,7,NORMAL,LABRADOR RETR,TAN
01-11-11,STRAY,OTC,DOG,S,9,0,2,NORMAL,RAT TERRIER,TAN
01-11-11,STRAY,FIELD,DOG,S,9,0,2,NORMAL,CHIHUAHUA SH,BLACK
01-11-11,STRAY,OTC,CAT,F,10,0,2,NORMAL,DOMESTIC MH,TORTIE
01-11-11,STRAY,FIELD,DOG,N,11,11,4,SICK,PIT BULL,WHITE
01-12-11,STRAY,OTC,DOG,N,0,2,6,NORMAL,GERM WH POINT,CHOCOLATE
01-12-11,STRAY,OTC,DOG,S,0,2,6,NORMAL,GERM SHEPHERD,BROWN
01-12-11,STRAY,FIELD,DOG,N,0,3,18,NORMAL,AIREDALE TERR,TAN
01-12-11,STRAY,OTC,DOG,N,0,3,18,NORMAL,ROTTWEILER,BLACK
01-12-11,STRAY,OTC,DOG,S,0,3,18,NORMAL,ROTTWEILER,BLACK
01-12-11,STRAY,OTC,DOG,M,1,6,2,SICK,PIT BULL,BLUE
01-12-11,STRAY,OTC,DOG,S,1,6,2,INJURED,GERM SHEPHERD,BLACK
01-12-11,STRAY,OTC,CAT,S,1,7,26,NORMAL,DOMESTIC SH,BLACK
01-12-11,STRAY,OTC,CAT,S,1,7,26,NORMAL,DOMESTIC MH,BLACK
01-12-11,STRAY,OTC,DOG,N,1,8,2,NORMAL,CHIHUAHUA SH,FAWN
01-12-11,STRAY,FIELD,DOG,S,1,8,9,NORMAL,QUEENSLAND HEEL,BLACK
01-12-11,STRAY,OTC,DOG,S,1,10,29,NORMAL,PEKINGESE,CREAM
01-12-11,STRAY,OTC,DOG,S,1,10,3,INJURED,SCHNAUZER MIN,TRICOLOR
01-12-11,ABANDONED,NO SUBTYPE,DOG,S,1,10,3,NORMAL,CATAHOULA,BRN MERLE
01-12-11,STRAY,OTC,CAT,S,2,0,25,NORMAL,DOMESTIC SH,TORTIE
01-12-11,STRAY,FIELD,DOG,S,2,0,0,NORMAL,LABRADOR RETR,YELLOW
01-12-11,STRAY,FIELD,DOG,F,1,0,0,NORMAL,PIT BULL,BROWN
01-12-11,STRAY,FIELD,DOG,N,1,0,0,NORMAL,GERM SHEPHERD,BLACK
01-12-11,STRAY,OTC,DOG,S,1,4,29,NORMAL,BEAGLE,WHITE
01-12-11,OWNER SUR,FIELD,DOG,S,1,5,1,NORMAL,IBIZAN HOUND,TAN
01-12-11,STRAY,OTC,CAT,S,1,5,11,NORMAL,DOMESTIC SH,TORTIE
01-12-11,OWNER SUR,OTC,CAT,N,1,6,28,NORMAL,DOMESTIC SH,BLUE
01-12-11,STRAY,FIELD,DOG,M,2,6,2,NORMAL,PIT BULL,TAN
01-12-11,STRAY,OTC,DOG,N,2,6,2,NORMAL,AKITA,BLACK
01-12-11,PUBLIC AST,QUARANTINE,DOG,N,2,7,18,NORMAL,CHIHUAHUA SH,TAN
01-12-11,STRAY,FIELD,DOG,N,3,0,20,NORMAL,CHIHUAHUA SH,TAN
01-12-11,STRAY,FIELD,DOG,S,3,0,25,NORMAL,CATAHOULA,TAN
01-12-11,OWNER SUR,OTC,DOG,N,2,0,0,NORMAL,PIT BULL,BROWN
01-12-11,STRAY,FIELD,DOG,F,2,0,0,NORMAL,PIT BULL,WHITE
01-12-11,STRAY,OTC,CAT,N,2,0,0,NORMAL,SIAMESE,LYNX PT
01-12-11,OWNER SUR,OTC,CAT,N,2,0,0,FERAL,DOMESTIC SH,BLUE
01-12-11,STRAY,OTC,DOG,N,2,0,0,SICK,CHIHUAHUA SH,BROWN
01-12-11,STRAY,FIELD,DOG,N,2,0,0,NORMAL,CHIHUAHUA SH,CHOCOLATE
01-12-11,OWNER SUR,RETURN,DOG,S,2,5,5,NORMAL,GREYHOUND,BR BRINDLE
01-12-11,STRAY,FIELD,DOG,S,5,0,26,SICK,POODLE TOY,WHITE
01-12-11,STRAY,OTC,CAT,S,6,0,25,NORMAL,DOMESTIC SH,WHITE
01-12-11,PUBLIC AST,QUARANTINE,DOG,M,5,0,2,NORMAL,PIT BULL,TAN
01-12-11,PUBLIC AST,QUARANTINE,DOG,M,6,7,5,NORMAL,HARRIER,WHITE
01-12-11,STRAY,FIELD,DOG,N,7,0,2,NORMAL,VIZSLA,RED
01-12-11,STRAY,OTC,DOG,N,7,0,2,AGED,AUST TERRIER,RED
01-12-11,OWNER SUR,OTC,CAT,N,8,0,2,NORMAL,BALINESE,FLAME PT
01-12-11,STRAY,FIELD,DOG,F,11,0,21,NORMAL,LABRADOR RETR,BLACK
01-12-11,OWNER SUR,OTC,DOG,S,12,0,3,OTHER,AUST CATTLE DOG,BLUE TICK
01-12-11,EUTH REQ,OTC OWNED,DOG,M,12,0,3,AGED,GERM SHEPHERD,BLACK
01/13/2011,STRAY,OTC,DOG,S,0,2,0,NORMAL,LABRADOR RETR,BROWN
01/13/2011,STRAY,OTC,DOG,N,0,2,0,NORMAL,GERM SHEPHERD,BROWN
01/13/2011,STRAY,OTC,DOG,N,0,2,0,NORMAL,LABRADOR RETR,BROWN
01/13/2011,STRAY,OTC,DOG,N,0,2,0,NORMAL,GERM SHEPHERD,BROWN
01/13/2011,STRAY,OTC,DOG,N,0,2,0,NORMAL,GERM SHEPHERD,BROWN
01/13/2011,STRAY,OTC,DOG,S,0,2,0,NORMAL,GERM SHEPHERD,BROWN
01/13/2011,OWNER SUR,RETURN,CAT,N,0,3,20,NORMAL,RAGDOLL,SEAL PT
01/13/2011,STRAY,FIELD,DOG,S,0,3,1,NORMAL,PIT BULL,RED
01/13/2011,STRAY,OTC,CAT,S,0,4,1,NORMAL,DOMESTIC SH,TORBIE
01/13/2011,STRAY,OTC,DOG,S,0,5,11,NORMAL,GERM SHEPHERD,BLACK
01/13/2011,OWNER SUR,OTC,CAT,N,1,8,28,NORMAL,DOMESTIC MH,BRN TABBY
01/13/2011,OWNER SUR,RETURN,DOG,N,1,10,12,NORMAL,COLLIE ROUGH,BLACK
01/13/2011,OWNER SUR,OTC,CAT,S,1,10,3,NORMAL,SIAMESE,TORTIE PT
01/13/2011,STRAY,OTC,CAT,S,2,0,25,NORMAL,MANX,TORBIE
01/13/2011,OWNER SUR,OTC,CAT,S,2,0,29,NORMAL,DOMESTIC SH,BLACK
01/13/2011,STRAY,OTC,DOG,N,1,0,0,NORMAL,LABRADOR RETR,TAN
01/13/2011,STRAY,OTC,DOG,M,1,0,0,NORMAL,YORKSHIRE TERR,BROWN
01/13/2011,PUBLIC AST,EMERGENCY,DOG,N,1,0,0,INJURED,PEKINGESE,TAN
01/13/2011,STRAY,OTC,CAT,S,1,2,5,NORMAL,DOMESTIC SH,BRN TABBY
01/13/2011,OWNER SUR,OTC,DOG,S,1,4,21,NORMAL,BORDER COLLIE,BLACK
01/13/2011,OWNER SUR,OTC,DOG,S,2,6,2,NORMAL,PIT BULL,BLACK
01/13/2011,STRAY,FIELD,DOG,N,3,0,27,NORMAL,BEAGLE,TRICOLOR
01/13/2011,STRAY,FIELD,CAT,N,2,0,0,INJURED,DOMESTIC MH,ORG TABBY
01/13/2011,PUBLIC AST,INVESTIGAT,DOG,N,2,0,0,NORMAL,PIT BULL,TAN
01/13/2011,OWNER SUR,OTC,DOG,N,3,6,2,NORMAL,PIT BULL,BUFF
01/13/2011,STRAY,OTC,DOG,N,3,11,25,NORMAL,LABRADOR RETR,TAN
01/13/2011,STRAY,FIELD,DOG,N,4,0,25,INJURED,PIT BULL,BROWN
01/13/2011,STRAY,OTC,CAT,N,3,0,1,NORMAL,DOMESTIC SH,BLACK
01/13/2011,STRAY,OTC,DOG,S,3,0,1,NORMAL,PIT BULL,TAN
01/13/2011,STRAY,FIELD,DOG,N,3,0,1,NORMAL,GREAT PYRENEES,WHITE
01/13/2011,STRAY,OTC,DOG,N,4,0,1,NORMAL,PIT BULL,WHITE
01/13/2011,STRAY,FIELD,DOG,N,4,0,1,INJURED,ANATOL SHEPHERD,TAN
01/13/2011,OWNER SUR,OTC,DOG,N,4,0,1,NORMAL,GOLDEN RETR,GOLD
01/13/2011,STRAY,FIELD,DOG,N,6,0,25,NORMAL,GERM SHEPHERD,RED
01/13/2011,EUTH REQ,NO SUBTYPE,DOG,N,5,0,1,INJURED,BEAGLE,TRICOLOR
01/13/2011,STRAY,OTC,DOG,N,6,0,1,NORMAL,CHIHUAHUA SH,TAN
01/13/2011,STRAY,OTC,CAT,N,7,0,2,NORMAL,DOMESTIC SH,BLUE
01/13/2011,OWNER SUR,OTC,DOG,S,7,0,2,NORMAL,GOLDEN RETR,TAN
01/13/2011,OWNER SUR,OTC,DOG,N,7,0,2,NORMAL,GOLDEN RETR,RED
01/13/2011,STRAY,OTC,CAT,S,10,0,28,NORMAL,DOMESTIC SH,CALICO
01/13/2011,STRAY,FIELD,DOG,N,9,0,2,NORMAL,SHIH TZU,WHITE
01/13/2011,STRAY,OTC,DOG,N,12,0,3,AGED,BASSET HOUND,TRICOLOR
01/14/2011,STRAY,OTC,CAT,N,0,2,23,SICK,DOMESTIC SH,BRN TABBY
01/14/2011,OWNER SUR,OTC,DOG,M,0,2,28,NORMAL,GERM SHEPHERD,BLACK
01/14/2011,PUBLIC AST,EMERGENCY,DOG,N,0,2,0,SICK,PIT BULL,BR BRINDLE
01/14/2011,STRAY,FIELD,DOG,S,0,2,3,NORMAL,PIT BULL,BLACK
01/14/2011,STRAY,OTC,DOG,S,0,3,1,NORMAL,CHIHUAHUA SH,BLACK
01/14/2011,STRAY,OTC,CAT,M,0,4,1,SICK,DOMESTIC SH,BRN TABBY
01/14/2011,OWNER SUR,FIELD,DOG,S,0,6,13,NORMAL,AUST CATTLE DOG,WHITE
01/14/2011,OWNER SUR,RETURN,DOG,S,0,6,20,NORMAL,LABRADOR RETR,BLACK
01/14/2011,OWNER SUR,FIELD,DOG,N,1,6,2,NORMAL,BORDER COLLIE,BLACK
01/14/2011,STRAY,OTC,CAT,S,1,8,17,SICK,DOMESTIC SH,BLACK
01/14/2011,STRAY,OTC,DOG,S,1,8,28,NORMAL,LABRADOR RETR,BROWN
01/14/2011,STRAY,OTC,CAT,N,1,8,29,NORMAL,DOMESTIC SH,BRN TABBY
01/14/2011,OWNER SUR,FIELD,DOG,N,1,8,2,NORMAL,BORDER COLLIE,TRICOLOR
01/14/2011,OWNER SUR,OTC,DOG,S,1,8,2,NORMAL,AUST SHEPHERD,WHITE
01/14/2011,STRAY,FIELD,DOG,S,1,8,2,OTHER,AMER BULLDOG,WHITE
01/14/2011,STRAY,FIELD,DOG,N,1,0,0,OTHER,STAFFORDSHIRE,BR BRINDLE
01/14/2011,STRAY,OTC,DOG,N,1,0,0,NORMAL,COLLIE ROUGH,TAN
01/14/2011,STRAY,FIELD,DOG,S,1,2,9,NORMAL,LABRADOR RETR,BLACK
01/14/2011,PUBLIC AST,QUARANTINE,DOG,N,1,5,5,NORMAL,PIT BULL,FAWN
01/14/2011,STRAY,OTC,DOG,S,2,6,2,NORMAL,CHIHUAHUA SH,TRICOLOR
01/14/2011,STRAY,OTC,DOG,S,3,0,26,NORMAL,STAFFORDSHIRE,BLACK
01/14/2011,STRAY,FIELD,CAT,N,3,0,26,NORMAL,DOMESTIC SH,BRN TABBY
01/14/2011,STRAY,FIELD,DOG,N,2,0,0,NORMAL,POODLE MIN,BROWN
01/14/2011,STRAY,OTC,DOG,M,2,0,0,NORMAL,AMER BULLDOG,WHITE
01/14/2011,STRAY,OTC,CAT,U,2,0,0,NORMAL,DOMESTIC SH,BLACK
01/14/2011,STRAY,OTC,CAT,S,2,0,0,NORMAL,DOMESTIC SH,WHITE
01/14/2011,STRAY,OTC,CAT,N,4,0,27,NORMAL,BENGAL,BRN TABBY
01/14/2011,OWNER SUR,OTC,DOG,S,3,0,1,NORMAL,SIBERIAN HUSKY,BLACK
01/14/2011,STRAY,OTC,DOG,N,3,0,1,NORMAL,JACK RUSS TERR,WHITE
01/14/2011,OWNER SUR,OTC,DOG,N,3,0,1,NORMAL,AMER BULLDOG,BROWN
01/14/2011,OWNER SUR,RETURN,DOG,N,3,1,19,NORMAL,LABRADOR RETR,BLACK
01/14/2011,PUBLIC AST,QUARANTINE,DOG,N,3,2,16,NORMAL,GERM SHEPHERD,BLACK
01/14/2011,STRAY,OTC,DOG,S,3,4,22,NORMAL,MIN PINSCHER,BLACK
01/14/2011,OWNER SUR,OTC,DOG,S,5,0,24,NORMAL,LABRADOR RETR,BLACK
01/14/2011,STRAY,OTC,CAT,N,4,0,1,NORMAL,MAINE COON,ORG TABBY
01/14/2011,STRAY,FIELD,DOG,S,6,0,18,NORMAL,LABRADOR RETR,BLACK
01/14/2011,OWNER SUR,OTC,CAT,N,6,0,28,NORMAL,DOMESTIC SH,BLUE TABBY
01/14/2011,OWNER SUR,OTC,CAT,F,5,0,1,SICK,DOMESTIC SH,CRM TABBY
01/14/2011,OWNER SUR,OTC,DOG,S,7,0,24,NORMAL,LABRADOR RETR,BLACK
01/14/2011,EUTH REQ,OTC OWNED,DOG,N,7,0,4,INJURED,VIZSLA,RED
01/14/2011,EUTH REQ,OTC OWNED,DOG,M,9,0,2,SICK,LABRADOR RETR,BUFF
01/14/2011,STRAY,FIELD,CAT,F,9,0,2,NORMAL,DOMESTIC SH,BLACK
01/14/2011,OWNER SUR,OTC,DOG,S,9,0,2,NORMAL,BEAGLE,TRICOLOR
01/15/2011,STRAY,FIELD,DOG,N,0,2,0,INJURED,BORDER TERRIER,BROWN
01/15/2011,OWNER SUR,OTC,DOG,N,0,2,5,NORMAL,LABRADOR RETR,TAN
01/15/2011,STRAY,OTC,DOG,N,0,3,15,SICK,STAFFORDSHIRE,BLACK
01/15/2011,STRAY,FIELD,DOG,N,0,3,15,NORMAL,LABRADOR RETR,TAN
01/15/2011,STRAY,FIELD,DOG,S,0,3,15,NORMAL,LABRADOR RETR,CREAM
01/15/2011,OWNER SUR,RETURN,DOG,S,1,8,2,NORMAL,BULL TERR MIN,WHITE
01/15/2011,STRAY,FIELD,DOG,N,1,10,24,NORMAL,GERM SHEPHERD,BROWN
01/15/2011,STRAY,OTC,DOG,M,1,10,3,NORMAL,CHINESE SHARPEI,BLACK
01/15/2011,STRAY,OTC,CAT,S,1,10,3,NORMAL,DOMESTIC SH,BRN TABBY
01/15/2011,STRAY,OTC,CAT,N,1,0,0,NORMAL,DOMESTIC SH,CRM TABBY
01/15/2011,OWNER SUR,OTC,DOG,N,1,5,1,NORMAL,SHIH TZU,TAN
01/15/2011,STRAY,OTC,DOG,M,2,0,0,NORMAL,SILKY TERRIER,BLUE
01/15/2011,STRAY,OTC,DOG,S,4,0,17,NORMAL,GERM SHEPHERD,BLACK
01/15/2011,OWNER SUR,OTC,DOG,M,3,0,1,NORMAL,MASTIFF,BROWN
01/15/2011,OWNER SUR,OTC,DOG,S,3,2,12,NORMAL,PIT BULL,BLACK
01/15/2011,OWNER SUR,OTC,DOG,N,5,2,3,NORMAL,DACHSHUND WH,TAN
01/15/2011,OWNER SUR,OTC,CAT,N,5,5,2,NORMAL,DOMESTIC SH,BRN TABBY
01/15/2011,PUBLIC AST,SURGERY,DOG,N,8,0,10,NORMAL,DACHSHUND WH,GRAY
01/15/2011,STRAY,OTC,DOG,N,10,0,2,NORMAL,SHIH TZU,BUFF
01/15/2011,STRAY,OTC,DOG,N,13,0,2,NORMAL,CHOW CHOW,SABLE
01/15/2011,STRAY,FIELD,CAT,F,15,0,3,SICK,DOMESTIC MH,GRAY
01/16/2011,OWNER SUR,OTC,CAT,M,0,2,23,NORMAL,DOMESTIC LH,GRAY TABBY
01/16/2011,OWNER SUR,OTC,CAT,N,0,2,23,NORMAL,DOMESTIC LH,BLK TABBY
01/16/2011,OWNER SUR,OTC,CAT,N,0,2,23,NORMAL,DOMESTIC SH,BLUE TABBY
01/16/2011,OWNER SUR,OTC,CAT,N,0,2,25,NORMAL,DOMESTIC SH,BRN TABBY
01/16/2011,OWNER SUR,OTC,CAT,N,0,2,25,NORMAL,DOMESTIC SH,BLUE TABBY
01/16/2011,OWNER SUR,OTC,DOG,S,0,2,0,NORMAL,LABRADOR RETR,BROWN
01/16/2011,STRAY,OTC,DOG,S,0,2,0,NORMAL,SHIH TZU,BROWN
01/16/2011,OWNER SUR,RETURN,DOG,N,0,2,8,NORMAL,BORDER COLLIE,BLACK
01/16/2011,OWNER SUR,OTC,CAT,S,0,3,23,NORMAL,RAGDOLL,SEAL PT
01/16/2011,STRAY,OTC,DOG,M,0,3,1,NORMAL,PIT BULL,GRAY
01/16/2011,STRAY,OTC,DOG,S,0,4,12,NORMAL,LABRADOR RETR,BLACK
01/16/2011,STRAY,OTC,DOG,S,1,10,25,NORMAL,PIT BULL,WHITE
01/16/2011,STRAY,FIELD,DOG,N,1,10,28,NORMAL,GERM SHEPHERD,BLACK
01/16/2011,STRAY,OTC,DOG,N,1,10,28,NORMAL,GERM SHEPHERD,BROWN
01/16/2011,OWNER SUR,OTC,DOG,S,2,0,29,NORMAL,LABRADOR RETR,TAN
01/16/2011,STRAY,FIELD,DOG,N,1,0,0,NORMAL,WELSH CORGI CAR,TRICOLOR
01/16/2011,STRAY,FIELD,DOG,N,1,0,0,NORMAL,AFFENPINSCHER,BLACK
01/16/2011,OWNER SUR,OTC,CAT,S,1,0,0,NORMAL,DOMESTIC SH,BLUE TABBY
01/16/2011,OWNER SUR,OTC,CAT,S,1,0,0,NORMAL,DOMESTIC SH,BLUE TABBY
01/16/2011,OWNER SUR,OTC,DOG,N,1,1,27,NORMAL,BORDER COLLIE,WHITE
01/16/2011,STRAY,FIELD,DOG,M,1,3,1,FERAL,LABRADOR RETR,BLACK
01/16/2011,STRAY,OTC,DOG,S,1,6,28,NORMAL,YORKSHIRE TERR,BLACK
01/16/2011,STRAY,OTC,DOG,N,2,10,14,NORMAL,GERM SHEPHERD,BROWN
01/16/2011,OWNER SUR,OTC,CAT,N,3,0,28,NORMAL,DOMESTIC SH,BLACK
01/16/2011,STRAY,OTC,DOG,N,2,0,0,NORMAL,BORDER COLLIE,BLACK
01/16/2011,OWNER SUR,OTC,CAT,S,2,0,0,NORMAL,SIAMESE,LYNX PT
01/16/2011,STRAY,FIELD,DOG,N,2,0,0,NORMAL,BASENJI,CHOCOLATE
01/16/2011,STRAY,OTC,CAT,U,2,0,0,NORMAL,RAGDOLL,SILVER
01/16/2011,PUBLIC AST,INVESTIGAT,CAT,S,2,0,0,NORMAL,DOMESTIC MH,CALICO
01/16/2011,OWNER SUR,RETURN,DOG,S,2,2,1,NORMAL,AMER BULLDOG,WHITE
01/16/2011,STRAY,OTC,DOG,S,3,0,1,NORMAL,CHIHUAHUA SH,TAN
01/16/2011,OWNER SUR,OTC,DOG,N,4,10,23,NORMAL,AUST SHEPHERD,BLUE MERLE
01/16/2011,OWNER SUR,OTC,DOG,N,4,0,1,NORMAL,AMER BULLDOG,BLACK
01/16/2011,STRAY,OTC,DOG,S,6,0,25,NORMAL,LABRADOR RETR,CHOCOLATE
01/16/2011,STRAY,OTC,DOG,N,5,0,1,NORMAL,CHIHUAHUA SH,BR BRINDLE
01/16/2011,OWNER SUR,OTC,CAT,N,6,7,18,NORMAL,DOMESTIC SH,ORG TABBY
01/16/2011,STRAY,FIELD,DOG,S,6,8,29,NORMAL,CHIHUAHUA SH,WHITE
01/16/2011,PUBLIC AST,QUARANTINE,CAT,N,9,0,23,NORMAL,DOMESTIC LH,BRN TABBY
01/16/2011,STRAY,FIELD,DOG,N,10,0,25,NORMAL,LABRADOR RETR,CHOCOLATE
01/16/2011,STRAY,OTC,DOG,N,13,0,3,NORMAL,AUST CATTLE DOG,TAN
01/16/2011,PUBLIC AST,QUARANTINE,DOG,N,NO AGE,NORMAL,MALTESE,WHITE,,
01/17/2011,STRAY,OTC,CAT,N,1,6,2,NORMAL,DOMESTIC SH,ORG TABBY
01/17/2011,STRAY,FIELD,DOG,S,1,7,2,NORMAL,WEIMARANER,CHOCOLATE
01/17/2011,STRAY,OTC,DOG,N,1,8,29,NORMAL,AUST CATTLE DOG,BLUE TICK
01/17/2011,STRAY,OTC,DOG,N,1,8,9,NORMAL,GREYHOUND,WHITE
01/17/2011,STRAY,FIELD,DOG,S,1,10,3,NORMAL,PIT BULL,WHITE
01/17/2011,STRAY,FIELD,DOG,N,2,0,26,NORMAL,GERM SHEPHERD,RED
01/17/2011,PUBLIC AST,QUARANTINE,CAT,N,1,0,0,NORMAL,DOMESTIC SH,BRN TABBY
01/17/2011,STRAY,OTC,DOG,S,1,3,27,NORMAL,PIT BULL,BLACK
01/17/2011,STRAY,FIELD,DOG,N,1,3,7,NORMAL,LABRADOR RETR,BLACK
01/17/2011,STRAY,FIELD,DOG,N,1,6,28,NORMAL,AUST KELPIE,BLACK
01/17/2011,STRAY,FIELD,DOG,N,1,6,28,NORMAL,AUST KELPIE,BLACK
01/17/2011,STRAY,FIELD,DOG,S,3,0,27,SICK,PIT BULL,BLACK
01/17/2011,STRAY,FIELD,DOG,N,2,0,0,NORMAL,PIT BULL,BR BRINDLE
01/17/2011,STRAY,FIELD,DOG,F,2,0,0,FERAL,PIT BULL,BLACK
01/17/2011,OWNER SUR,OTC,DOG,M,2,0,0,NORMAL,PIT BULL,WHITE
01/17/2011,STRAY,FIELD,DOG,S,2,0,0,NORMAL,PIT BULL,CHOCOLATE
01/17/2011,OWNER SUR,OTC,CAT,N,2,0,0,FERAL,SIAMESE,SEAL PT
01/17/2011,PUBLIC AST,QUARANTINE,CAT,N,2,0,0,NORMAL,DOMESTIC SH,BRN TABBY
01/17/2011,STRAY,FIELD,DOG,N,2,1,11,NORMAL,PIT BULL,BLACK
01/17/2011,STRAY,FIELD,DOG,S,3,10,27,NORMAL,LABRADOR RETR,BLACK
01/17/2011,STRAY,FIELD,DOG,N,4,0,28,NORMAL,AUST KELPIE,BLACK
01/17/2011,OWNER SUR,OTC,DOG,N,3,0,1,NORMAL,JACK RUSS TERR,BROWN
01/17/2011,STRAY,FIELD,DOG,S,6,11,20,NORMAL,LABRADOR RETR,BLACK
01/17/2011,OWNER SUR,OTC,DOG,N,6,0,1,NORMAL,MIN PINSCHER,BLACK
01/17/2011,STRAY,FIELD,DOG,S,6,4,18,NORMAL,LABRADOR RETR,BLACK
01/17/2011,STRAY,FIELD,DOG,N,6,5,25,NORMAL,NEWFOUNDLAND,BLACK
01/17/2011,STRAY,FIELD,DOG,N,7,0,1,NORMAL,CATAHOULA,BL BRINDLE
01/17/2011,STRAY,OTC,CAT,F,7,0,2,SICK,DOMESTIC LH,BLACK
01/18/2011,PUBLIC AST,QUARANTINE,DOG,N,0,2,20,NORMAL,AMERICAN STAFF,BLACK
01/18/2011,STRAY,OTC,DOG,S,0,2,0,NORMAL,RAT TERRIER,TRICOLOR
01/18/2011,STRAY,OTC,CAT,S,0,3,18,NORMAL,DOMESTIC SH,BRN TABBY
01/18/2011,PUBLIC AST,QUARANTINE,CAT,N,0,3,20,NORMAL,MAINE COON,BRN TABBY
01/18/2011,STRAY,OTC,DOG,S,0,3,1,NORMAL,PIT BULL,CHOCOLATE
01/18/2011,STRAY,OTC,DOG,N,0,3,11,NORMAL,LABRADOR RETR,BUFF
01/18/2011,STRAY,OTC,DOG,N,0,3,11,NORMAL,CATAHOULA,BLUE MERLE
01/18/2011,STRAY,OTC,DOG,M,0,4,1,NORMAL,AIREDALE TERR,BR BRINDLE
01/18/2011,STRAY,OTC,DOG,N,0,5,16,NORMAL,ITAL GREYHOUND,WHITE
01/18/2011,OWNER SUR,RETURN,CAT,N,0,5,6,NORMAL,DOMESTIC MH,BLACK
01/18/2011,OWNER SUR,RETURN,CAT,S,0,5,6,NORMAL,DOMESTIC MH,BLACK
01/18/2011,OWNER SUR,OTC,CAT,S,1,6,1,NORMAL,DOMESTIC SH,BLUE TABBY
01/18/2011,OWNER SUR,OTC,CAT,S,1,6,1,NORMAL,DOMESTIC SH,BLACK
01/18/2011,OWNER SUR,OTC,CAT,S,1,6,1,NORMAL,SIAMESE,LYNX PT
01/18/2011,OWNER SUR,OTC,CAT,N,1,6,2,NORMAL,DOMESTIC LH,BLACK
01/18/2011,OWNER SUR,OTC,DOG,N,1,6,2,NORMAL,LABRADOR RETR,BLACK
01/18/2011,OWNER SUR,OTC,DOG,N,1,6,2,NORMAL,ENG SPRNGR SPAN,BROWN
01/18/2011,STRAY,OTC,CAT,S,1,6,2,NORMAL,DOMESTIC SH,BRN TABBY
01/18/2011,OWNER SUR,OTC,CAT,N,1,6,2,NORMAL,DOMESTIC LH,BLUE TABBY
01/18/2011,STRAY,FIELD,CAT,N,1,8,1,INJURED,DOMESTIC SH,TORBIE
01/18/2011,STRAY,FIELD,DOG,N,1,10,3,NORMAL,ROTTWEILER,BLACK
01/18/2011,STRAY,FIELD,DOG,S,2,0,25,NORMAL,LABRADOR RETR,BLACK
01/18/2011,OWNER SUR,OTC,DOG,F,2,0,28,NORMAL,MIN PINSCHER,BLACK
01/18/2011,STRAY,FIELD,CAT,M,1,0,0,INJURED,DOMESTIC SH,CRM TABBY
01/18/2011,STRAY,FIELD,DOG,S,1,0,0,NORMAL,POODLE STND,BLACK
01/18/2011,OWNER SUR,OTC,DOG,N,1,0,0,SICK,PIT BULL,WHITE
01/18/2011,STRAY,OTC,CAT,S,1,0,0,NORMAL,DOMESTIC SH,CALICO
01/18/2011,STRAY,OTC,CAT,S,1,0,0,NORMAL,DOMESTIC SH,BLACK
01/18/2011,STRAY,FIELD,DOG,N,1,0,0,NORMAL,BOXER,BR BRINDLE
01/18/2011,STRAY,OTC,DOG,S,1,0,0,NORMAL,BASSET HOUND,BLACK
01/18/2011,OWNER SUR,OTC,DOG,S,1,2,10,NORMAL,CATAHOULA,BROWN
01/18/2011,STRAY,FIELD,DOG,S,1,3,25,NORMAL,PIT BULL,WHITE
01/18/2011,PUBLIC AST,SURGERY,DOG,N,1,6,0,NORMAL,LABRADOR RETR,BUFF
01/18/2011,STRAY,EMERG CLC,DOG,S,2,6,2,INJURED,CAIRN TERRIER,TAN
01/18/2011,STRAY,FIELD,DOG,N,2,6,2,NORMAL,LABRADOR RETR,CHOCOLATE
01/18/2011,PUBLIC AST,QUARANTINE,DOG,M,2,0,0,NORMAL,GERM SHEPHERD,BR BRINDLE
01/18/2011,STRAY,FIELD,DOG,N,2,0,0,NORMAL,LABRADOR RETR,BUFF
01/18/2011,STRAY,FIELD,DOG,S,2,0,0,NORMAL,BORDER COLLIE,BLACK
01/18/2011,STRAY,OTC,DOG,N,2,0,0,NORMAL,YORKSHIRE TERR,RED
01/18/2011,STRAY,FIELD,DOG,N,2,0,0,NORMAL,SIBERIAN HUSKY,WHITE
01/18/2011,STRAY,FIELD,DOG,S,2,0,0,NORMAL,SIBERIAN HUSKY,WHITE
01/18/2011,STRAY,FIELD,CAT,N,2,0,0,NORMAL,DOMESTIC SH,BLACK
01/18/2011,STRAY,FIELD,CAT,N,2,0,0,NORMAL,DOMESTIC LH,BLACK
01/18/2011,OWNER SUR,OTC,DOG,N,2,2,12,NORMAL,GERM SHEPHERD,BROWN
01/18/2011,OWNER SUR,OTC,DOG,N,2,6,25,NORMAL,GERM SHEPHERD,TAN
01/18/2011,OWNER SUR,OTC,CAT,S,3,6,2,NORMAL,DOMESTIC SH,BLACK
01/18/2011,STRAY,OTC,DOG,N,3,6,2,NORMAL,ROTTWEILER,SABLE
01/18/2011,STRAY,OTC,DOG,N,4,0,28,NORMAL,CHIHUAHUA SH,TAN
01/18/2011,STRAY,EMERG CLC,DOG,S,3,0,1,INJURED,GERM SHEPHERD,WHITE
01/18/2011,STRAY,FIELD,DOG,M,3,0,1,INJURED,PAPILLON,WHITE
01/18/2011,STRAY,FIELD,DOG,N,4,9,29,NORMAL,ANATOL SHEPHERD,TAN
01/18/2011,OWNER SUR,OTC,DOG,S,4,0,0,NORMAL,CHIHUAHUA LH,TAN
01/18/2011,STRAY,OTC,DOG,N,4,0,0,NORMAL,BOXER,BROWN
01/18/2011,STRAY,OTC,DOG,S,4,0,1,NORMAL,SIBERIAN HUSKY,SABLE
01/18/2011,STRAY,OTC,CAT,U,4,0,1,NORMAL,DOMESTIC LH,ORG TABBY
01/18/2011,OWNER SUR,OTC,DOG,S,4,3,20,NORMAL,AUST CATTLE DOG,BROWN
01/18/2011,STRAY,FIELD,DOG,N,5,0,1,NORMAL,LABRADOR RETR,CHOCOLATE
01/18/2011,STRAY,EMERG CLC,DOG,M,5,0,1,NORMAL,LABRADOR RETR,CHOCOLATE
01/18/2011,OWNER SUR,OTC,CAT,N,7,0,2,NORMAL,DOMESTIC LH,BLACK
01/18/2011,STRAY,OTC,DOG,N,7,3,0,NORMAL,BORDER COLLIE,BLACK
01/18/2011,STRAY,FIELD,DOG,N,8,0,2,SICK,JACK RUSS TERR,WHITE
01/18/2011,OWNER SUR,OTC,CAT,S,8,0,2,NORMAL,DOMESTIC SH,BRN TABBY
01/18/2011,OWNER SUR,OTC,CAT,S,10,0,0,NORMAL,HIMALAYAN,LYNX PT
01/19/2011,STRAY,OTC,CAT,S,0,2,16,SICK,DOMESTIC SH,BLUE CREAM
01/19/2011,STRAY,OTC,CAT,N,0,2,22,SICK,DOMESTIC SH,BRN TABBY
01/19/2011,STRAY,OTC,CAT,S,0,2,22,SICK,DOMESTIC SH,TORTIE
01/19/2011,STRAY,OTC,DOG,M,0,2,0,NORMAL,POINTER,WHITE
01/19/2011,PUBLIC AST,QUARANTINE,CAT,U,0,2,0,NORMAL,DOMESTIC SH,BRN TABBY
01/19/2011,OWNER SUR,OTC,CAT,N,0,2,0,NORMAL,DOMESTIC SH,BRN TABBY
01/19/2011,OWNER SUR,OTC,CAT,S,0,2,0,NORMAL,DOMESTIC SH,BRN TABBY
01/19/2011,OWNER SUR,OTC,CAT,N,0,2,0,NORMAL,DOMESTIC SH,BRN TABBY
01/19/2011,STRAY,OTC,DOG,S,0,2,0,NORMAL,LABRADOR RETR,BLACK
01/19/2011,STRAY,OTC,DOG,S,0,2,0,NORMAL,LABRADOR RETR,BLACK
01/19/2011,STRAY,OTC,DOG,N,0,2,3,NORMAL,POINTER,BROWN
01/19/2011,STRAY,OTC,DOG,N,0,2,3,NORMAL,POINTER,WHITE
01/19/2011,STRAY,OTC,DOG,S,0,2,10,NORMAL,PIT BULL,BR BRINDLE
01/19/2011,STRAY,OTC,DOG,N,0,3,18,NORMAL,CHIHUAHUA SH,TAN
01/19/2011,OWNER SUR,OTC,DOG,N,0,3,1,NORMAL,AUST SHEPHERD,SABLE
01/19/2011,OWNER SUR,RETURN,CAT,S,0,3,1,NORMAL,DOMESTIC SH,CALICO
01/19/2011,OWNER SUR,OTC,CAT,S,0,4,1,NORMAL,DOMESTIC SH,BRN TABBY
01/19/2011,STRAY,OTC,DOG,S,0,4,8,NORMAL,CHIHUAHUA SH,BROWN
01/19/2011,PUBLIC AST,SURGERY,CAT,S,0,4,11,NORMAL,DOMESTIC SH,BLACK
01/19/2011,STRAY,OTC,DOG,S,0,5,1,NORMAL,STAFFORDSHIRE,WHITE
01/19/2011,STRAY,FIELD,DOG,S,0,5,1,SICK,PIT BULL,BLACK
01/19/2011,STRAY,EMERG CLC,CAT,F,1,6,2,INJURED,DOMESTIC SH,BRN TABBY
01/19/2011,OWNER SUR,RETURN,DOG,S,1,6,7,NORMAL,LABRADOR RETR,BLACK
01/19/2011,STRAY,FIELD,DOG,N,1,7,27,NORMAL,MIN PINSCHER,RED
01/19/2011,STRAY,OTC,CAT,F,1,7,1,NORMAL,SIAMESE,SEAL PT
01/19/2011,STRAY,OTC,CAT,F,1,7,2,NORMAL,SIAMESE,BLUE
01/19/2011,PUBLIC AST,SURGERY,DOG,N,1,8,2,NORMAL,LABRADOR RETR,BLACK
01/19/2011,STRAY,FIELD,DOG,S,1,10,3,NORMAL,GERM SHEPHERD,BLACK
01/19/2011,STRAY,OTC,CAT,N,1,10,3,NORMAL,SIAMESE,FLAME PT
01/19/2011,STRAY,FIELD,DOG,M,1,10,3,SICK,PIT BULL,BLACK
01/19/2011,STRAY,OTC,DOG,N,1,11,26,NORMAL,BORDER COLLIE,BLUE MERLE
01/19/2011,STRAY,FIELD,DOG,S,2,0,27,NORMAL,BOXER,WHITE
01/19/2011,STRAY,OTC,CAT,M,1,0,0,NORMAL,DOMESTIC SH,ORG TABBY
01/19/2011,STRAY,FIELD,DOG,F,1,0,0,NORMAL,CHIHUAHUA SH,BROWN
01/19/2011,STRAY,OTC,CAT,S,1,0,0,NORMAL,DOMESTIC LH,BLACK
01/19/2011,STRAY,OTC,CAT,S,1,0,0,PREGNANT,DOMESTIC SH,BRN TABBY
01/19/2011,STRAY,OTC,CAT,S,1,5,14,NORMAL,DOMESTIC SH,BLACK
01/19/2011,OWNER SUR,OTC,DOG,N,1,6,28,NORMAL,BOXER,BROWN
01/19/2011,STRAY,FIELD,DOG,N,2,6,2,NORMAL,POINTER,BLACK
01/19/2011,OWNER SUR,RETURN,DOG,S,2,6,8,NORMAL,CAIRN TERRIER,TAN
01/19/2011,OWNER SUR,OTC,DOG,N,2,0,0,NORMAL,CHIHUAHUA SH,TAN
01/19/2011,STRAY,FIELD,DOG,S,2,0,0,NORMAL,PIT BULL,BLUE
01/19/2011,OWNER SUR,OTC,DOG,S,2,0,0,NORMAL,CAIRN TERRIER,BR BRINDLE
01/19/2011,STRAY,OTC,CAT,S,2,0,0,NURSING,DOMESTIC SH,BLUE
01/19/2011,STRAY,OTC,DOG,S,4,0,28,NORMAL,CHIHUAHUA SH,TAN
01/19/2011,STRAY,OTC,CAT,S,3,0,1,NORMAL,DOMESTIC SH,ORG TABBY
01/19/2011,STRAY,OTC,CAT,N,3,0,1,INJURED,DOMESTIC LH,BLACK
01/19/2011,STRAY,FIELD,DOG,N,3,0,1,NORMAL,RAT TERRIER,WHITE
01/19/2011,STRAY,FIELD,DOG,N,3,0,1,NORMAL,GERM SHEPHERD,BLACK
01/19/2011,STRAY,OTC,CAT,S,5,0,28,NORMAL,DOMESTIC SH,BRN TABBY
01/19/2011,STRAY,OTC,CAT,S,5,0,28,NORMAL,DOMESTIC SH,ORG TABBY
01/19/2011,PUBLIC AST,QUARANTINE,CAT,S,4,2,27,NORMAL,DOMESTIC SH,BLUE
01/19/2011,STRAY,OTC,DOG,S,5,6,3,NORMAL,PIT BULL,WHITE
01/19/2011,STRAY,FIELD,DOG,N,5,0,3,NORMAL,CATAHOULA,BLUE MERLE
01/19/2011,OWNER SUR,OTC,DOG,M,5,5,20,NORMAL,PIT BULL,CHOCOLATE
01/19/2011,PUBLIC AST,QUARANTINE,DOG,F,8,0,11,NORMAL,CHOW CHOW,GRAY
01/19/2011,OWNER SUR,OTC,DOG,S,9,9,26,NORMAL,BOXER,FAWN
01/19/2011,STRAY,FIELD,DOG,S,9,9,4,NORMAL,CHIHUAHUA SH,BLACK
01/19/2011,STRAY,OTC,CAT,S,9,0,2,NORMAL,DOMESTIC SH,CALICO
01/19/2011,STRAY,OTC,DOG,S,11,0,29,NORMAL,REDBONE HOUND,RED
01/19/2011,STRAY,OTC,DOG,S,14,0,0,SICK,WEST HIGHLAND,WHITE
01/20/2011,BORN IN,SHELTER,DOG,M,0,0,0,NURSING,PIT BULL,BLUE
01/20/2011,BORN IN,SHELTER,DOG,S,0,0,0,NURSING,PIT BULL,BLUE
01/20/2011,BORN IN,SHELTER,DOG,F,0,0,0,NURSING,PIT BULL,BLACK
01/20/2011,BORN IN,SHELTER,DOG,N,0,0,0,NURSING,PIT BULL,BLACK
01/20/2011,BORN IN,SHELTER,DOG,M,0,0,0,NURSING,PIT BULL,TRICOLOR
01/20/2011,STRAY,FIELD,DOG,U,0,0,7,NURSING,RAT TERRIER,BLACK
01/20/2011,STRAY,FIELD,DOG,U,0,0,7,NURSING,RAT TERRIER,BLACK
01/20/2011,STRAY,FIELD,DOG,U,0,0,7,NURSING,RAT TERRIER,BLACK
01/20/2011,PUBLIC AST,OIJ,DOG,N,0,1,11,NORMAL,PIT BULL,WHITE
01/20/2011,PUBLIC AST,OIJ,DOG,M,0,1,11,NORMAL,PIT BULL,WHITE
01/20/2011,PUBLIC AST,OIJ,DOG,M,0,1,11,NORMAL,PIT BULL,TAN
01/20/2011,PUBLIC AST,OIJ,DOG,M,0,1,11,NORMAL,PIT BULL,TAN
01/20/2011,PUBLIC AST,OIJ,DOG,F,0,1,11,NORMAL,PIT BULL,WHITE
01/20/2011,PUBLIC AST,OIJ,DOG,F,0,1,11,NORMAL,PIT BULL,WHITE
01/20/2011,PUBLIC AST,OIJ,DOG,M,0,1,11,NORMAL,PIT BULL,WHITE
01/20/2011,STRAY,OTC,CAT,N,0,4,1,NORMAL,DOMESTIC SH,BLACK
01/20/2011,STRAY,OTC,CAT,S,0,4,1,NORMAL,DOMESTIC SH,BLUE TABBY
01/20/2011,PUBLIC AST,INVESTIGAT,CAT,N,0,5,28,SICK,DOMESTIC SH,ORG TABBY
01/20/2011,STRAY,OTC,CAT,N,0,5,29,NORMAL,DOMESTIC SH,CRM TABBY
01/20/2011,STRAY,OTC,CAT,S,0,6,26,NORMAL,DOMESTIC SH,BLACK
01/20/2011,STRAY,OTC,CAT,N,1,6,2,NORMAL,DOMESTIC SH,BLUE TABBY
01/20/2011,OWNER SUR,OTC,DOG,N,1,6,2,NORMAL,SCHNAUZER STAND,SILVER
01/20/2011,STRAY,OTC,CAT,S,1,7,26,NORMAL,DOMESTIC SH,TORTIE
01/20/2011,STRAY,FIELD,DOG,N,1,7,27,NORMAL,BOXER,BROWN
01/20/2011,PUBLIC AST,INVESTIGAT,CAT,S,1,7,6,SICK,DOMESTIC SH,CRM TABBY
01/20/2011,STRAY,OTC,CAT,N,1,8,2,NORMAL,DOMESTIC SH,BLUE TABBY
01/20/2011,STRAY,OTC,DOG,N,1,11,22,NORMAL,PIT BULL,BROWN
01/20/2011,STRAY,OTC,CAT,N,2,0,25,NORMAL,DOMESTIC SH,BLACK
01/20/2011,STRAY,OTC,DOG,S,1,0,0,NORMAL,GERM SHEPHERD,TAN
01/20/2011,PUBLIC AST,QUARANTINE,DOG,S,1,0,0,NORMAL,STAFFORDSHIRE,TAN
01/20/2011,OWNER SUR,OTC,CAT,S,1,0,0,NORMAL,DOMESTIC SH,BLACK
01/20/2011,STRAY,OTC,CAT,S,1,0,0,NORMAL,DOMESTIC SH,BLACK
01/20/2011,OWNER SUR,OTC,DOG,N,1,0,0,NORMAL,LABRADOR RETR,BLACK
01/20/2011,STRAY,FIELD,DOG,N,1,6,28,NORMAL,CATAHOULA,BLACK
01/20/2011,PUBLIC AST,OIJ,DOG,N,3,0,25,NORMAL,PIT BULL,WHITE
01/20/2011,STRAY,FIELD,DOG,N,2,0,0,NORMAL,CHIHUAHUA LH,TAN
01/20/2011,STRAY,OTC,CAT,F,2,0,0,NORMAL,DOMESTIC SH,BLUE CREAM
01/20/2011,STRAY,FIELD,CAT,F,2,0,0,NORMAL,DOMESTIC SH,TORTIE
01/20/2011,STRAY,OTC,CAT,F,2,0,0,NORMAL,DOMESTIC LH,WHITE
01/20/2011,STRAY,OTC,DOG,S,2,0,0,NORMAL,PIT BULL,TAN
01/20/2011,STRAY,EMERG CLC,CAT,M,2,0,0,SICK,DOMESTIC LH,GRAY
01/20/2011,STRAY,OTC,DOG,S,2,0,0,NORMAL,CHINESE SHARPEI,BLACK
01/20/2011,STRAY,OTC,CAT,N,2,0,0,NORMAL,DOMESTIC SH,ORG TABBY
01/20/2011,STRAY,FIELD,DOG,S,2,0,0,NURSING,RAT TERRIER,TRICOLOR
01/20/2011,STRAY,OTC,DOG,F,2,0,0,NORMAL,LABRADOR RETR,YELLOW
01/20/2011,STRAY,FIELD,CAT,S,4,0,13,SICK,DOMESTIC SH,CALICO
01/20/2011,STRAY,OTC,DOG,N,4,0,28,NORMAL,AMER ESKIMO,WHITE
01/20/2011,PUBLIC AST,INVESTIGAT,CAT,S,4,7,25,SICK,DOMESTIC SH,CRM TABBY
01/20/2011,PUBLIC AST,INVESTIGAT,CAT,S,4,11,8,SICK,DOMESTIC SH,BLUE
01/20/2011,STRAY,OTC,DOG,N,5,0,28,NORMAL,PIT BULL,WHITE
01/20/2011,STRAY,FIELD,DOG,F,4,0,1,NORMAL,PIT BULL,RED
01/20/2011,EUTH REQ,OTC OWNED,DOG,N,4,0,1,NORMAL,GREAT DANE,BLACK
01/20/2011,PUBLIC AST,INVESTIGAT,CAT,N,6,0,13,SICK,DOMESTIC SH,ORG TABBY
01/20/2011,PUBLIC AST,INVESTIGAT,CAT,N,6,0,20,SICK,DOMESTIC SH,BLUE TABBY
01/20/2011,STRAY,OTC,CAT,S,6,0,26,NORMAL,DOMESTIC SH,TORBIE
01/20/2011,STRAY,OTC,DOG,M,6,0,28,NORMAL,PIT BULL,BLACK
01/20/2011,OWNER SUR,OTC,CAT,S,5,0,1,NORMAL,DOMESTIC LH,BLUE
01/20/2011,STRAY,OTC,CAT,F,8,0,0,NORMAL,DOMESTIC LH,BRN TABBY
01/20/2011,STRAY,OTC,DOG,S,8,0,2,NORMAL,RAT TERRIER,WHITE
01/20/2011,OWNER SUR,OTC,CAT,N,8,0,2,NORMAL,DOMESTIC SH,ORG TABBY
01/21/2011,OWNER SUR,OTC,DOG,N,0,1,1,NURSING,COLLIE SMOOTH,BLACK
01/21/2011,OWNER SUR,OTC,DOG,N,0,1,1,NURSING,COLLIE SMOOTH,BLACK
01/21/2011,OWNER SUR,OTC,DOG,S,0,1,1,NURSING,COLLIE SMOOTH,BLACK
01/21/2011,STRAY,OTC,CAT,N,0,4,28,NORMAL,DOMESTIC SH,WHITE
01/21/2011,OWNER SUR,OTC,DOG,N,0,6,0,NORMAL,NORWICH TERRIER,TAN
01/21/2011,OWNER SUR,OTC,DOG,N,1,7,29,NORMAL,DACHSHUND,BR BRINDLE
01/21/2011,STRAY,FIELD,DOG,S,1,7,2,INJURED,PIT BULL,WHITE
01/21/2011,STRAY,FIELD,DOG,S,1,10,3,PREGNANT,MANCHESTER TERR,TRICOLOR
01/21/2011,STRAY,FIELD,DOG,N,1,10,3,NORMAL,AUST CATTLE DOG,WHITE
01/21/2011,STRAY,FIELD,DOG,S,2,0,24,NORMAL,DOBERMAN PINSCH,CHOCOLATE
01/21/2011,STRAY,OTC,DOG,S,2,0,25,NORMAL,BOXER,BR BRINDLE
01/21/2011,STRAY,OTC,DOG,S,2,0,0,NORMAL,PIT BULL,BLUE
01/21/2011,STRAY,FIELD,DOG,S,1,0,0,NORMAL,LABRADOR RETR,BLACK
01/21/2011,STRAY,FIELD,DOG,N,1,0,0,NORMAL,PIT BULL,WHITE
01/21/2011,OWNER SUR,OTC,DOG,S,1,6,27,NORMAL,COLLIE SMOOTH,BLACK
01/21/2011,STRAY,FIELD,DOG,S,1,6,28,NORMAL,AUST CATTLE DOG,BLACK
01/21/2011,STRAY,OTC,DOG,N,2,6,2,NORMAL,GOLDEN RETR,GOLD
01/21/2011,STRAY,FIELD,DOG,N,3,0,25,NORMAL,GREAT PYRENEES,WHITE
01/21/2011,PUBLIC AST,QUARANTINE,CAT,M,2,0,0,NORMAL,MAINE COON,BRN TABBY
01/21/2011,STRAY,OTC,DOG,M,2,0,0,NORMAL,AUST SHEPHERD,BLUE MERLE
01/21/2011,STRAY,OTC,DOG,N,2,6,19,INJURED,CHIHUAHUA SH,BROWN
01/21/2011,STRAY,FIELD,DOG,F,3,6,2,NORMAL,PIT BULL,BL BRINDLE
01/21/2011,STRAY,FIELD,DOG,S,3,11,15,NORMAL,ITAL GREYHOUND,WHITE
01/21/2011,STRAY,OTC,CAT,S,4,0,29,NORMAL,DOMESTIC LH,BLACK
01/21/2011,STRAY,FIELD,CAT,N,3,0,1,NORMAL,DOMESTIC SH,ORG TABBY
01/21/2011,STRAY,FIELD,DOG,N,5,10,29,NORMAL,LABRADOR RETR,BLACK
01/21/2011,STRAY,FIELD,DOG,N,6,0,28,NORMAL,ROTTWEILER,BLACK
01/21/2011,OWNER SUR,OTC,DOG,S,5,0,1,NORMAL,LABRADOR RETR,BLACK
01/21/2011,OWNER SUR,RETURN,DOG,N,5,1,25,SICK,CHIHUAHUA SH,TAN
01/21/2011,OWNER SUR,RETURN,DOG,N,5,1,27,NORMAL,CHIHUAHUA SH,BLACK
01/21/2011,PUBLIC AST,QUARANTINE,DOG,M,6,0,1,NORMAL,PIT BULL,BLACK
01/21/2011,PUBLIC AST,QUARANTINE,DOG,N,6,4,9,NORMAL,BORDER COLLIE,BLACK
01/21/2011,OWNER SUR,OTC,CAT,S,6,6,14,NORMAL,DOMESTIC SH,TORBIE
01/21/2011,PUBLIC AST,QUARANTINE,DOG,N,7,9,5,NORMAL,FLAT COAT RETR,BLACK
01/21/2011,STRAY,FIELD,DOG,S,7,0,1,NORMAL,PIT BULL,BROWN
01/21/2011,STRAY,OTC,CAT,N,7,0,2,NORMAL,DOMESTIC SH,ORG TABBY
01/21/2011,STRAY,OTC,CAT,S,9,3,17,NORMAL,SIAMESE,SEAL PT
01/21/2011,STRAY,OTC,DOG,S,11,0,28,NORMAL,AUST CATTLE DOG,RED
01/21/2011,STRAY,FIELD,DOG,S,10,0,1,NORMAL,PIT BULL,BROWN
01/21/2011,STRAY,OTC,DOG,N,12,0,2,NORMAL,GREAT PYRENEES,WHITE
01/21/2011,OWNER SUR,OTC,DOG,F,14,0,9,AGED,LABRADOR RETR,BUFF
01/22/2011,STRAY,OTC,DOG,M,0,3,15,SICK,PIT BULL,BLACK
01/22/2011,STRAY,OTC,DOG,N,0,3,15,SICK,PIT BULL,BLACK
01/22/2011,OWNER SUR,OTC,DOG,S,0,3,16,SICK,GERM SHEPHERD,BLACK
01/22/2011,STRAY,OTC,CAT,N,0,3,1,NORMAL,DOMESTIC SH,BLACK
01/22/2011,STRAY,OTC,CAT,N,0,3,1,NORMAL,DOMESTIC SH,WHITE
01/22/2011,STRAY,OTC,CAT,N,0,4,26,NORMAL,DOMESTIC SH,ORG TABBY
01/22/2011,OWNER SUR,OTC,CAT,S,0,4,1,NORMAL,SIAMESE,TORTIE PT
01/22/2011,STRAY,OTC,DOG,N,0,4,12,NORMAL,AUST CATTLE DOG,BLACK
01/22/2011,STRAY,OTC,DOG,N,0,5,16,NORMAL,RHOD RIDGEBACK,BROWN
01/22/2011,OWNER SUR,OTC,CAT,S,1,8,0,SICK,DOMESTIC SH,BLACK
01/22/2011,STRAY,OTC,DOG,S,1,8,2,NORMAL,BORDER COLLIE,WHITE
01/22/2011,OWNER SUR,OTC,CAT,S,1,10,15,SICK,DOMESTIC SH,BLACK
01/22/2011,STRAY,OTC,CAT,S,1,10,28,NORMAL,DOMESTIC SH,BLACK
01/22/2011,OWNER SUR,OTC,CAT,S,1,10,1,SICK,DOMESTIC SH,WHITE
01/22/2011,OWNER SUR,OTC,CAT,N,2,0,14,SICK,DOMESTIC SH,BLK SMOKE
01/22/2011,OWNER SUR,OTC,DOG,S,1,0,0,SICK,CHIHUAHUA SH,WHITE
01/22/2011,OWNER SUR,OTC,CAT,N,1,5,0,NORMAL,DOMESTIC SH,WHITE
01/22/2011,STRAY,OTC,DOG,M,2,6,2,NORMAL,PIT BULL,BLACK
01/22/2011,OWNER SUR,OTC,CAT,N,3,0,0,SICK,DOMESTIC SH,WHITE
01/22/2011,OWNER SUR,OTC,CAT,N,3,0,0,NORMAL,DOMESTIC SH,WHITE
01/22/2011,OWNER SUR,OTC,CAT,S,2,0,0,SICK,DOMESTIC SH,WHITE
01/22/2011,OWNER SUR,OTC,CAT,S,2,0,0,SICK,DOMESTIC SH,BLK SMOKE
01/22/2011,OWNER SUR,OTC,CAT,N,2,0,0,SICK,DOMESTIC SH,WHITE
01/22/2011,OWNER SUR,OTC,CAT,M,2,0,0,SICK,DOMESTIC SH,BRN TABBY
01/22/2011,STRAY,OTC,CAT,U,2,0,0,NORMAL,DOMESTIC SH,BRN TABBY
01/22/2011,OWNER SUR,OTC,DOG,N,2,0,0,NORMAL,LABRADOR RETR,BLACK
01/22/2011,STRAY,OTC,DOG,S,2,0,0,OTHER,CHIHUAHUA SH,BROWN
01/22/2011,OWNER SUR,OTC,CAT,S,2,6,0,SICK,SIAMESE,SEAL PT
01/22/2011,OWNER SUR,OTC,CAT,S,3,6,6,NORMAL,DOMESTIC SH,BLACK
01/22/2011,OWNER SUR,OTC,CAT,F,3,0,1,SICK,DOMESTIC SH,WHITE
01/22/2011,OWNER SUR,OTC,CAT,U,3,0,1,SICK,DOMESTIC SH,WHITE
01/22/2011,OWNER SUR,OTC,CAT,U,3,0,1,SICK,DOMESTIC SH,BLACK
01/22/2011,OWNER SUR,OTC,CAT,N,3,0,1,SICK,DOMESTIC SH,WHITE
01/22/2011,OWNER SUR,OTC,CAT,N,3,4,3,SICK,DOMESTIC SH,BRN TABBY
01/22/2011,STRAY,OTC,DOG,N,4,0,1,NORMAL,BASSET HOUND,TRICOLOR
01/22/2011,STRAY,OTC,DOG,N,4,0,1,NORMAL,POODLE MIN,WHITE
01/22/2011,OWNER SUR,OTC,CAT,N,4,0,1,SICK,DOMESTIC SH,BLK SMOKE
01/22/2011,OWNER SUR,OTC,DOG,N,4,0,1,NORMAL,AUST CATTLE DOG,BROWN
01/22/2011,PUBLIC AST,QUARANTINE,DOG,S,6,0,11,NORMAL,CHIHUAHUA LH,RED
01/22/2011,STRAY,OTC,CAT,S,5,0,1,NORMAL,MAINE COON,TORBIE
01/22/2011,OWNER SUR,OTC,CAT,N,5,0,1,SICK,DOMESTIC MH,WHITE
01/22/2011,OWNER SUR,OTC,CAT,N,5,0,1,SICK,BIRMAN,FLAME PT
01/22/2011,OWNER SUR,OTC,CAT,N,5,0,1,NORMAL,DOMESTIC SH,WHITE
01/22/2011,STRAY,OTC,DOG,S,6,0,1,OTHER,BOXER,BR BRINDLE
01/22/2011,PUBLIC AST,QUARANTINE,DOG,N,8,0,25,NORMAL,PIT BULL,TAN
01/22/2011,OWNER SUR,OTC,CAT,N,11,0,3,NORMAL,DOMESTIC SH,BLACK
01/22/2011,EUTH REQ,NO SUBTYPE,CAT,N,14,10,26,SICK,DOMESTIC SH,BLUE
01/22/2011,EUTH REQ,NO SUBTYPE,DOG,F,14,0,3,AGED,COLLIE ROUGH,BROWN
01/22/2011,EUTH REQ,NO SUBTYPE,CAT,F,22,0,5,AGED,DOMESTIC LH,BRN TABBY
01/23/2011,STRAY,OTC,CAT,N,0,2,29,NORMAL,DOMESTIC LH,CRM TABBY
01/23/2011,STRAY,OTC,DOG,N,1,10,3,NORMAL,AMER BULLDOG,BLACK
01/23/2011,STRAY,OTC,CAT,S,2,0,27,NORMAL,DOMESTIC SH,TORTIE
01/23/2011,STRAY,FIELD,DOG,F,1,0,0,INJURED,PIT BULL,RED
01/23/2011,STRAY,OTC,CAT,U,1,0,0,NORMAL,DOMESTIC SH,GRAY TABBY
01/23/2011,STRAY,FIELD,DOG,S,1,3,1,NORMAL,REDBONE HOUND,TAN
01/23/2011,STRAY,FIELD,DOG,N,1,5,1,NORMAL,JINDO,BROWN
01/23/2011,STRAY,OTC,DOG,N,1,6,28,NORMAL,PIT BULL,TAN
01/23/2011,STRAY,OTC,DOG,S,2,6,2,NORMAL,BORDER COLLIE,BLACK
01/23/2011,OWNER SUR,OTC,DOG,N,2,6,2,SICK,PIT BULL,BROWN
01/23/2011,OWNER SUR,OTC,DOG,S,3,0,0,NORMAL,BEAGLE,TRICOLOR
01/23/2011,OWNER SUR,OTC,DOG,N,2,0,0,NORMAL,PIT BULL,TAN
01/23/2011,EUTH REQ,NO SUBTYPE,CAT,N,2,0,0,INJURED,DOMESTIC SH,BRN TABBY
01/23/2011,OWNER SUR,OTC,DOG,N,2,0,0,NORMAL,JACK RUSS TERR,TAN
01/23/2011,OWNER SUR,FIELD,DOG,N,4,0,25,NORMAL,GERM SHEPHERD,BLACK
01/23/2011,STRAY,FIELD,DOG,M,3,0,0,NORMAL,JACK RUSS TERR,WHITE
01/23/2011,OWNER SUR,FIELD,DOG,N,3,0,1,NORMAL,BEAGLE,WHITE
01/23/2011,OWNER SUR,RETURN,DOG,N,4,9,4,NORMAL,ANATOL SHEPHERD,TAN
01/23/2011,OWNER SUR,OTC,CAT,N,4,10,17,NORMAL,DOMESTIC SH,ORG TABBY
01/23/2011,STRAY,OTC,CAT,N,4,0,1,NORMAL,DOMESTIC SH,CRM TABBY
01/23/2011,STRAY,OTC,DOG,S,4,3,6,NORMAL,BRITTANY,WHITE
01/23/2011,OWNER SUR,OTC,CAT,N,5,0,0,NORMAL,SNOWSHOE,SEAL PT
01/23/2011,OWNER SUR,OTC,CAT,S,5,0,0,NORMAL,DOMESTIC SH,ORG TABBY
01/23/2011,STRAY,OTC,DOG,N,5,0,1,NORMAL,BRITTANY,WHITE
01/23/2011,OWNER SUR,OTC,CAT,N,6,0,0,NORMAL,DOMESTIC MH,BLUE
01/23/2011,OWNER SUR,OTC,CAT,S,6,0,0,NORMAL,DOMESTIC SH,TORTIE
01/23/2011,OWNER SUR,OTC,DOG,N,6,0,1,NORMAL,CHIHUAHUA SH,TAN
01/23/2011,OWNER SUR,OTC,DOG,S,7,0,2,NORMAL,BEAGLE,BROWN
01/23/2011,STRAY,FIELD,DOG,N,10,0,0,NORMAL,FOX TERR WIRE,WHITE
01/23/2011,STRAY,FIELD,DOG,N,10,0,2,NORMAL,COLLIE ROUGH,TRICOLOR
01/24/2011,OWNER SUR,OTC,DOG,N,0,3,0,NORMAL,DACHSHUND,BROWN
01/24/2011,STRAY,OTC,DOG,S,0,2,0,NORMAL,PIT BULL,BLACK
01/24/2011,STRAY,OTC,DOG,N,0,2,11,NORMAL,LABRADOR RETR,BLACK
01/24/2011,STRAY,OTC,DOG,N,0,3,15,NORMAL,LABRADOR RETR,TRICOLOR
01/24/2011,STRAY,OTC,DOG,N,0,3,18,NORMAL,LABRADOR RETR,BLACK
01/24/2011,PUBLIC AST,QUARANTINE,CAT,S,0,3,0,NORMAL,MAINE COON,BRN TABBY
01/24/2011,STRAY,OTC,CAT,S,0,4,1,NORMAL,DOMESTIC SH,TORTIE
01/24/2011,STRAY,OTC,CAT,N,0,4,1,NORMAL,DOMESTIC SH,ORG TABBY
01/24/2011,STRAY,OTC,CAT,N,0,4,1,NORMAL,DOMESTIC SH,ORG TABBY
01/24/2011,OWNER SUR,OTC,CAT,N,0,5,16,NORMAL,DOMESTIC LH,BRN TABBY
01/24/2011,OWNER SUR,OTC,CAT,S,0,5,12,NORMAL,DOMESTIC LH,BRN TABBY
01/24/2011,OWNER SUR,OTC,DOG,M,1,8,2,NORMAL,PIT BULL,BLUE
01/24/2011,STRAY,FIELD,DOG,N,1,8,2,NORMAL,LABRADOR RETR,BROWN
01/24/2011,STRAY,OTC,DOG,S,1,10,29,NORMAL,PLOTT HOUND,BR BRINDLE
01/24/2011,STRAY,FIELD,DOG,N,2,0,27,NORMAL,CAIRN TERRIER,BLACK
01/24/2011,PUBLIC AST,QUARANTINE,DOG,F,1,0,0,INJURED,PIT BULL,BLACK
01/24/2011,STRAY,OTC,CAT,S,1,0,0,NORMAL,DOMESTIC SH,ORG TABBY
01/24/2011,STRAY,OTC,CAT,S,1,0,0,NORMAL,DOMESTIC SH,ORG TABBY
01/24/2011,STRAY,OTC,DOG,S,1,0,0,NORMAL,ANATOL SHEPHERD,BLACK
01/24/2011,STRAY,FIELD,DOG,N,1,0,0,NORMAL,PIT BULL,WHITE
01/24/2011,OWNER SUR,OTC,DOG,S,1,0,0,NORMAL,CAIRN TERRIER,TAN
01/24/2011,STRAY,OTC,DOG,M,1,0,0,SICK,CHIHUAHUA SH,WHITE
01/24/2011,STRAY,OTC,DOG,S,1,0,7,INJURED,GERM SHEPHERD,TAN
01/24/2011,STRAY,FIELD,DOG,N,1,5,18,NORMAL,AMER BULLDOG,FAWN
01/24/2011,OWNER SUR,OTC,DOG,S,2,6,1,NORMAL,CAIRN TERRIER,BLACK
01/24/2011,STRAY,EMERG CLC,DOG,S,2,6,2,SICK,LABRADOR RETR,CREAM
01/24/2011,STRAY,FIELD,DOG,M,2,6,2,NORMAL,PIT BULL,BLACK
01/24/2011,STRAY,NO SUBTYPE,DOG,S,2,6,7,SICK,LABRADOR RETR,BLACK
01/24/2011,STRAY,FIELD,DOG,N,2,7,28,NORMAL,CAIRN TERRIER,GRAY
01/24/2011,OWNER SUR,OTC,CAT,S,2,5,1,NORMAL,DOMESTIC SH,BRN TABBY
01/24/2011,STRAY,FIELD,DOG,N,3,6,29,NORMAL,GREAT DANE,BLUE MERLE
01/24/2011,STRAY,FIELD,DOG,M,4,0,1,NORMAL,PIT BULL,WHITE
01/24/2011,STRAY,FIELD,DOG,N,4,0,1,NORMAL,CHIHUAHUA SH,RED
01/24/2011,OWNER SUR,OTC,CAT,N,4,0,1,NORMAL,DOMESTIC SH,BLACK
01/24/2011,OWNER SUR,OTC,CAT,N,4,0,1,NORMAL,DOMESTIC SH,ORG TABBY
01/24/2011,STRAY,FIELD,DOG,N,5,0,1,INJURED,CHIHUAHUA SH,TAN
01/24/2011,STRAY,FIELD,DOG,S,7,8,1,NORMAL,BOXER,BR BRINDLE
01/25/2011,STRAY,OTC,CAT,S,0,0,14,NORMAL,DOMESTIC SH,BLACK
01/25/2011,STRAY,OTC,CAT,N,0,3,22,NORMAL,DOMESTIC SH,WHITE
01/25/2011,STRAY,OTC,DOG,S,0,4,25,NORMAL,POINTER,WHITE
01/25/2011,OWNER SUR,OTC,DOG,N,0,4,1,SICK,GERM SHEPHERD,CREAM
01/25/2011,OWNER SUR,OTC,DOG,N,0,5,15,NORMAL,LABRADOR RETR,YELLOW
01/25/2011,STRAY,FIELD,CAT,F,1,6,2,INJURED,SIAMESE,SEAL PT
01/25/2011,STRAY,FIELD,DOG,F,1,8,2,OTHER,PIT BULL,WHITE
01/25/2011,STRAY,OTC,DOG,S,1,10,3,NORMAL,WELSH CORGI CAR,BLACK
01/25/2011,OWNER SUR,OTC,CAT,N,2,0,29,NORMAL,DOMESTIC SH,BLACK
01/25/2011,PUBLIC AST,OIJ,DOG,F,1,0,0,NORMAL,OLD ENG BULLDOG,BROWN
01/25/2011,OWNER SUR,OTC,DOG,S,1,6,0,NORMAL,REDBONE HOUND,BROWN
01/25/2011,STRAY,OTC,DOG,N,2,6,2,NORMAL,ROTTWEILER,BLACK
01/25/2011,OWNER SUR,RETURN,DOG,S,2,7,5,NORMAL,AUST KELPIE,BLACK
01/25/2011,STRAY,FIELD,DOG,N,2,10,12,NORMAL,PIT BULL,BLACK
01/25/2011,STRAY,FIELD,DOG,S,2,10,1,NORMAL,LABRADOR RETR,BLACK
01/25/2011,OWNER SUR,OTC,CAT,N,3,0,29,NORMAL,DOMESTIC LH,BLACK
01/25/2011,STRAY,FIELD,DOG,N,2,0,0,NORMAL,BOXER,BR BRINDLE
01/25/2011,STRAY,OTC,DOG,N,2,0,0,NORMAL,LABRADOR RETR,BLACK
01/25/2011,STRAY,OTC,CAT,N,2,0,0,NORMAL,MAINE COON,BLUE TABBY
01/25/2011,STRAY,OTC,CAT,N,2,0,0,NORMAL,DOMESTIC SH,BLACK
01/25/2011,STRAY,OTC,DOG,M,2,0,0,NORMAL,BOXER,BROWN
01/25/2011,STRAY,OTC,CAT,S,2,0,0,NORMAL,DOMESTIC SH,BLACK
01/25/2011,OWNER SUR,OTC,DOG,S,2,4,13,NORMAL,BEAGLE,BLACK
01/25/2011,OWNER SUR,OTC,DOG,S,4,0,0,NORMAL,PIT BULL,WHITE
01/25/2011,OWNER SUR,OTC,DOG,S,3,0,1,NORMAL,DACHSHUND,TAN
01/25/2011,PUBLIC AST,INVESTIGAT,CAT,N,3,0,1,INJURED,DOMESTIC SH,ORG TABBY
01/25/2011,STRAY,OTC,DOG,N,3,0,1,INJURED,ROTTWEILER,BLACK
01/25/2011,STRAY,FIELD,DOG,N,3,3,10,NORMAL,PIT BULL,BR BRINDLE
01/25/2011,STRAY,OTC,CAT,M,4,6,3,SICK,DOMESTIC SH,BRN TABBY
01/25/2011,OWNER SUR,OTC,CAT,N,5,0,0,NORMAL,DOMESTIC SH,BLACK
01/25/2011,STRAY,OTC,CAT,S,4,0,1,NORMAL,DOMESTIC SH,CALICO
01/25/2011,PUBLIC AST,EMERGENCY,DOG,S,4,0,1,NORMAL,WELSH CORGI CAR,CREAM
01/25/2011,STRAY,OTC,DOG,N,5,0,1,NORMAL,LABRADOR RETR,BLACK
01/25/2011,STRAY,OTC,DOG,S,5,0,1,NORMAL,JACK RUSS TERR,WHITE
01/25/2011,OWNER SUR,OTC,DOG,M,5,1,14,NORMAL,PIT BULL,BR BRINDLE
01/25/2011,OWNER SUR,OTC,DOG,N,7,0,0,NORMAL,CHOW CHOW,TAN
01/25/2011,OWNER SUR,OTC,DOG,N,7,0,2,NORMAL,LABRADOR RETR,TAN
01/26/2011,STRAY,FIELD,DOG,N,0,1,12,NORMAL,CHIHUAHUA SH,WHITE
01/26/2011,STRAY,OTC,CAT,N,0,5,16,NORMAL,DOMESTIC SH,BRN TABBY
01/26/2011,STRAY,FIELD,DOG,S,1,7,28,NORMAL,BOXER,BROWN
01/26/2011,STRAY,FIELD,DOG,N,1,7,2,NORMAL,LABRADOR RETR,BROWN
01/26/2011,STRAY,OTC,DOG,N,1,9,29,NORMAL,BORDER TERRIER,TAN
01/26/2011,PUBLIC AST,QUARANTINE,DOG,N,1,0,0,NORMAL,PIT BULL,BROWN
01/26/2011,PUBLIC AST,QUARANTINE,DOG,S,1,0,0,NORMAL,LABRADOR RETR,WHITE
01/26/2011,PUBLIC AST,QUARANTINE,DOG,F,1,0,0,NORMAL,PIT BULL,BROWN
01/26/2011,STRAY,OTC,DOG,S,1,3,1,NORMAL,BLUE LACY,BLUE
01/26/2011,STRAY,FIELD,DOG,N,1,6,25,NORMAL,CHIHUAHUA LH,TAN
01/26/2011,STRAY,FIELD,DOG,N,2,6,2,NORMAL,LHASA APSO,GRAY
01/26/2011,PUBLIC AST,SURGERY,DOG,N,2,7,23,NORMAL,GERM SHEPHERD,BLACK
01/26/2011,OWNER SUR,OTC,DOG,S,2,8,4,NORMAL,COCKER SPAN,BLACK
01/26/2011,STRAY,FIELD,DOG,S,2,0,0,INJURED,SIBERIAN HUSKY,WHITE
01/26/2011,STRAY,OTC,CAT,S,2,0,0,NORMAL,DOMESTIC SH,TORBIE
01/26/2011,OWNER SUR,OTC,DOG,S,2,0,0,NORMAL,BEAGLE,BROWN
01/26/2011,STRAY,FIELD,CAT,M,2,0,0,INJURED,DOMESTIC SH,BLUE
01/26/2011,STRAY,OTC,CAT,N,2,0,0,NORMAL,DOMESTIC SH,ORG TABBY
01/26/2011,STRAY,FIELD,DOG,N,4,0,18,NORMAL,POODLE MIN,WHITE
01/26/2011,STRAY,FIELD,DOG,F,3,0,1,NORMAL,CHOW CHOW,CREAM
01/26/2011,STRAY,OTC,CAT,U,3,0,1,SICK,DOMESTIC LH,BLUE TABBY
01/26/2011,STRAY,FIELD,DOG,S,4,0,1,NORMAL,CHIHUAHUA SH,BLACK
01/26/2011,STRAY,OTC,DOG,N,5,0,1,NORMAL,SCHNAUZER STAND,BLACK
01/26/2011,STRAY,OTC,CAT,N,8,0,29,NORMAL,DOMESTIC SH,BRN TABBY
01/26/2011,OWNER SUR,RETURN,CAT,N,8,1,2,NORMAL,DOMESTIC SH,BRN TABBY
01/26/2011,STRAY,OTC,CAT,N,10,0,1,NORMAL,DOMESTIC SH,BLACK
01/27/2011,OWNER SUR,OTC,DOG,N,0,2,16,NORMAL,BORDER COLLIE,BLACK
01/27/2011,OWNER SUR,OTC,DOG,N,0,2,16,NORMAL,BORDER COLLIE,BLACK
01/27/2011,OWNER SUR,OTC,DOG,N,0,2,16,NORMAL,BORDER COLLIE,BLACK
01/27/2011,OWNER SUR,OTC,DOG,S,0,2,16,NORMAL,BORDER COLLIE,BLACK
01/27/2011,OWNER SUR,OTC,DOG,S,0,2,16,NORMAL,BORDER COLLIE,BLACK
01/27/2011,OWNER SUR,OTC,DOG,N,0,2,16,NORMAL,BORDER COLLIE,WHITE
01/27/2011,OWNER SUR,OTC,DOG,S,0,2,16,NORMAL,BORDER COLLIE,BLACK
01/27/2011,STRAY,OTC,DOG,S,0,3,15,NORMAL,JACK RUSS TERR,BLACK
01/27/2011,STRAY,OTC,DOG,S,0,3,15,NORMAL,JACK RUSS TERR,BLACK
01/27/2011,STRAY,OTC,CAT,N,0,3,15,NORMAL,SIAMESE,FLAME PT
01/27/2011,OWNER SUR,OTC,DOG,N,0,4,1,SICK,SCHNAUZER MIN,GRAY
01/27/2011,OWNER SUR,OTC,CAT,S,1,7,2,NORMAL,DOMESTIC SH,BLACK
01/27/2011,STRAY,OTC,DOG,S,1,0,0,NORMAL,CHIHUAHUA SH,BLACK
01/27/2011,OWNER SUR,OTC,DOG,N,1,4,1,NORMAL,SIBERIAN HUSKY,SABLE
01/27/2011,PUBLIC AST,QUARANTINE,DOG,N,2,6,2,NORMAL,DACHSHUND,RED TICK
01/27/2011,STRAY,FIELD,DOG,N,2,6,2,NORMAL,CAIRN TERRIER,BR BRINDLE
01/27/2011,STRAY,FIELD,CAT,N,2,7,21,INJURED,DOMESTIC SH,BLACK
01/27/2011,PUBLIC AST,QUARANTINE,DOG,S,2,10,16,NORMAL,ROTTWEILER,TRICOLOR
01/27/2011,STRAY,FIELD,DOG,N,3,0,27,NORMAL,WELSH CORGI PEM,BROWN
01/27/2011,STRAY,OTC,CAT,N,2,0,0,NORMAL,DOMESTIC SH,BRN TABBY
01/27/2011,STRAY,OTC,CAT,N,3,6,2,NORMAL,DOMESTIC SH,BRN TABBY
01/27/2011,OWNER SUR,OTC,DOG,N,4,0,1,NORMAL,CHINESE SHARPEI,TAN
01/27/2011,STRAY,OTC,DOG,N,6,0,28,NORMAL,CHIHUAHUA SH,RED
01/27/2011,OWNER SUR,OTC,CAT,M,5,0,1,NORMAL,DOMESTIC MH,WHITE
01/27/2011,STRAY,OTC,DOG,S,5,0,1,NORMAL,GOLDEN RETR,BROWN
01/27/2011,STRAY,OTC,DOG,N,6,0,1,NORMAL,CHOW CHOW,RED
01/27/2011,STRAY,FIELD,DOG,S,6,3,18,NORMAL,ROTTWEILER,BLACK
01/27/2011,STRAY,OTC,CAT,S,7,0,2,NORMAL,DOMESTIC SH,SLVR TABBY
01/27/2011,OWNER SUR,OTC,CAT,S,8,0,2,NORMAL,DOMESTIC MH,BLUE
01/27/2011,OWNER SUR,OTC,CAT,S,8,0,2,NORMAL,DOMESTIC SH,TORTIE
01/27/2011,OWNER SUR,OTC,CAT,N,10,0,2,NORMAL,DOMESTIC SH,BLUE TABBY
01/28/2011,STRAY,FIELD,DOG,N,0,0,3,NORMAL,BORDER TERRIER,YELLOW
01/28/2011,STRAY,FIELD,DOG,N,0,0,3,NORMAL,BORDER TERRIER,YELLOW
01/28/2011,STRAY,FIELD,DOG,N,0,0,3,NORMAL,BORDER TERRIER,YELLOW
01/28/2011,STRAY,FIELD,DOG,N,0,0,3,NORMAL,BORDER TERRIER,YELLOW
01/28/2011,STRAY,FIELD,DOG,S,0,0,3,NORMAL,BORDER TERRIER,YELLOW
01/28/2011,STRAY,FIELD,DOG,S,0,0,3,NORMAL,BORDER TERRIER,YELLOW
01/28/2011,STRAY,OTC,DOG,M,0,1,12,NORMAL,PEKINGESE,WHITE
01/28/2011,STRAY,FIELD,DOG,S,0,6,27,NORMAL,GREAT PYRENEES,CREAM
01/28/2011,OWNER SUR,OTC,DOG,F,1,6,2,SICK,GERM SHEPHERD,BUFF
01/28/2011,PUBLIC AST,QUARANTINE,DOG,N,1,9,3,NORMAL,AUST SHEPHERD,WHITE
01/28/2011,STRAY,FIELD,DOG,N,2,0,27,NORMAL,LABRADOR RETR,BLACK
01/28/2011,STRAY,OTC,DOG,S,1,0,0,NORMAL,PIT BULL,BR BRINDLE
01/28/2011,STRAY,OTC,CAT,N,1,6,28,NORMAL,DOMESTIC SH,BLACK
01/28/2011,STRAY,FIELD,DOG,S,1,6,29,NORMAL,LABRADOR RETR,TRICOLOR
01/28/2011,STRAY,OTC,CAT,S,2,6,2,NORMAL,DOMESTIC SH,BRN TABBY
01/28/2011,OWNER SUR,OTC,CAT,N,3,0,0,NORMAL,DOMESTIC LH,BRN TABBY
01/28/2011,STRAY,FIELD,DOG,S,2,0,0,NORMAL,BORDER TERRIER,TAN
01/28/2011,STRAY,OTC,CAT,N,2,0,0,NORMAL,DOMESTIC SH,CRM TABBY
01/28/2011,STRAY,FIELD,DOG,S,2,0,0,NORMAL,CHIHUAHUA SH,BROWN
01/28/2011,STRAY,FIELD,DOG,S,2,4,19,NORMAL,PIT BULL,TAN
01/28/2011,OWNER SUR,OTC,DOG,S,3,1,12,NORMAL,LABRADOR RETR,BLACK
01/28/2011,PUBLIC AST,QUARANTINE,DOG,S,4,0,1,NORMAL,CATAHOULA,BR BRINDLE
01/28/2011,STRAY,FIELD,DOG,N,5,0,1,NORMAL,POODLE MIN,WHITE
01/28/2011,PUBLIC AST,QUARANTINE,DOG,N,5,3,16,NORMAL,DACHSHUND WH,TAN
01/28/2011,OWNER SUR,OTC,DOG,M,9,0,24,NORMAL,RAT TERRIER,BLACK
01/28/2011,OWNER SUR,OTC,DOG,N,8,0,2,NORMAL,CHIHUAHUA LH,BLACK
01/28/2011,STRAY,FIELD,DOG,S,8,6,19,INJURED,GOLDEN RETR,GOLD
01/28/2011,STRAY,OTC,CAT,S,10,0,2,NORMAL,DOMESTIC SH,BRN TABBY
01/28/2011,STRAY,FIELD,DOG,S,11,0,1,INJURED,CHINESE SHARPEI,WHITE
01/28/2011,EUTH REQ,NO SUBTYPE,DOG,U,16,0,4,SICK,POODLE STND,APRICOT
01/28/2011,OWNER SUR,OTC,DOG,N,NO AGE,NORMAL,LABRADOR RETR,BLACK,,
01/29/2011,PUBLIC AST,SURGERY,CAT,N,0,3,21,NORMAL,DOMESTIC SH,BLUE
01/29/2011,PUBLIC AST,SURGERY,CAT,N,0,3,21,NORMAL,DOMESTIC SH,BLACK
01/29/2011,PUBLIC AST,SURGERY,CAT,S,0,3,21,NORMAL,DOMESTIC SH,BLACK
01/29/2011,OWNER SUR,OTC,DOG,N,0,3,22,SICK,COLLIE ROUGH,WHITE
01/29/2011,PUBLIC AST,QUARANTINE,DOG,M,0,3,1,NORMAL,COCKER SPAN,BLACK
01/29/2011,STRAY,FIELD,DOG,M,0,5,28,NORMAL,IRISH WOLFHOUND,CREAM
01/29/2011,EUTH REQ,NO SUBTYPE,CAT,F,0,5,1,SICK,DOMESTIC SH,TORTIE
01/29/2011,OWNER SUR,RETURN,DOG,S,0,5,2,NORMAL,CHIHUAHUA SH,TAN
01/29/2011,PUBLIC AST,OIJ,DOG,N,0,5,12,NORMAL,POODLE TOY,WHITE
01/29/2011,PUBLIC AST,OIJ,DOG,S,0,5,12,NORMAL,POODLE TOY,WHITE
01/29/2011,OWNER SUR,OTC,CAT,S,0,6,28,NORMAL,DOMESTIC SH,ORG TABBY
01/29/2011,STRAY,OTC,CAT,S,1,9,29,NORMAL,DOMESTIC SH,BLACK
01/29/2011,OWNER SUR,OTC,DOG,S,1,11,12,NORMAL,BULLDOG,WHITE
01/29/2011,STRAY,FIELD,DOG,S,1,0,0,NORMAL,PIT BULL,BLUE
01/29/2011,STRAY,FIELD,DOG,N,1,0,0,NORMAL,PIT BULL,BR BRINDLE
01/29/2011,STRAY,OTC,CAT,S,1,0,0,NORMAL,DOMESTIC LH,BRN TABBY
01/29/2011,STRAY,FIELD,DOG,F,1,0,0,NORMAL,LABRADOR RETR,RED
01/29/2011,OWNER SUR,OTC,CAT,S,1,0,0,NORMAL,MAINE COON,BRN TABBY
01/29/2011,OWNER SUR,OTC,DOG,N,1,1,7,NORMAL,PARSON RUSS TER,GOLD
01/29/2011,OWNER SUR,OTC,DOG,S,1,2,22,NORMAL,FOX TERR SMOOTH,WHITE
01/29/2011,OWNER SUR,OTC,CAT,N,2,9,5,NORMAL,DOMESTIC SH,SLVR TABBY
01/29/2011,STRAY,OTC,DOG,N,3,0,27,NORMAL,CHIHUAHUA SH,CHOCOLATE
01/29/2011,STRAY,OTC,DOG,N,2,0,0,NORMAL,POODLE MIN,WHITE
01/29/2011,STRAY,FIELD,DOG,M,2,0,0,NORMAL,DACHSHUND,BLACK
01/29/2011,OWNER SUR,OTC,DOG,N,2,0,0,NORMAL,SCHNAUZER MIN,BLACK
01/29/2011,OWNER SUR,OTC,CAT,S,2,0,0,NORMAL,DOMESTIC SH,BLUE TABBY
01/29/2011,STRAY,FIELD,CAT,N,2,0,0,INJURED,DOMESTIC SH,BRN TABBY
01/29/2011,OWNER SUR,OTC,DOG,N,2,0,0,NORMAL,LABRADOR RETR,BLACK
01/29/2011,OWNER SUR,OTC,DOG,N,2,6,1,NORMAL,SHETLD SHEEPDOG,BLACK
01/29/2011,OWNER SUR,OTC,DOG,S,3,6,2,NORMAL,AMERICAN STAFF,TAN
01/29/2011,OWNER SUR,RETURN,CAT,S,3,6,7,NORMAL,SIAMESE,SEAL PT
01/29/2011,OWNER SUR,FIELD,DOG,S,3,10,22,NORMAL,AM PIT BULL TER,TAN
01/29/2011,OWNER SUR,OTC,DOG,M,3,0,1,NORMAL,PIT BULL,WHITE
01/29/2011,STRAY,OTC,DOG,M,3,0,1,INJURED,PIT BULL,BLACK
01/29/2011,STRAY,OTC,CAT,N,3,0,1,NORMAL,DOMESTIC SH,BRN TABBY
01/29/2011,PUBLIC AST,EMERGENCY,DOG,M,3,0,1,NORMAL,LABRADOR RETR,TAN
01/29/2011,OWNER SUR,RETURN,DOG,S,3,0,10,NORMAL,AUST CATTLE DOG,WHITE
01/29/2011,STRAY,OTC,CAT,N,3,5,28,NORMAL,DOMESTIC SH,BRN TABBY
01/29/2011,OWNER SUR,OTC,DOG,S,4,11,4,NORMAL,LABRADOR RETR,YELLOW
01/29/2011,OWNER SUR,OTC,CAT,N,4,0,0,NORMAL,DOMESTIC SH,BRN TABBY
01/29/2011,STRAY,OTC,DOG,F,4,0,1,NORMAL,CHIHUAHUA SH,BLACK
01/29/2011,PUBLIC AST,QUARANTINE,DOG,N,4,5,6,NORMAL,DOBERMAN PINSCH,CHOCOLATE
01/29/2011,STRAY,OTC,DOG,S,5,10,21,NORMAL,CHIHUAHUA LH,WHITE
01/29/2011,OWNER SUR,OTC,CAT,N,5,0,1,NORMAL,DOMESTIC SH,BLACK
01/29/2011,STRAY,FIELD,CAT,F,5,0,1,INJURED,DOMESTIC LH,GRAY TABBY
01/29/2011,OWNER SUR,OTC,DOG,S,5,2,29,NORMAL,PIT BULL,WHITE
01/29/2011,STRAY,OTC,DOG,S,7,0,28,NORMAL,PIT BULL,TAN
01/29/2011,OWNER SUR,OTC,DOG,S,6,0,1,PREGNANT,LABRADOR RETR,BLACK
01/29/2011,STRAY,FIELD,CAT,S,6,0,1,SICK,DOMESTIC SH,BRN TABBY
01/29/2011,OWNER SUR,OTC,DOG,S,7,6,3,NORMAL,BOSTON TERRIER,BLACK
01/29/2011,OWNER SUR,OTC,DOG,S,7,0,2,NORMAL,ALASK MALAMUTE,BLACK
01/29/2011,STRAY,OTC,DOG,N,8,2,10,NORMAL,LABRADOR RETR,CREAM
01/29/2011,OWNER SUR,OTC,DOG,N,9,0,2,NORMAL,BORDER COLLIE,TRICOLOR
01/29/2011,OWNER SUR,FIELD,DOG,S,13,0,3,AGED,POODLE MIN,APRICOT
01/30/2011,OWNER SUR,OTC,DOG,S,0,2,6,NORMAL,NORFOLK TERRIER,BLACK
01/30/2011,STRAY,FIELD,DOG,N,0,3,15,NORMAL,PIT BULL,BLUE
01/30/2011,STRAY,FIELD,DOG,F,0,3,15,NORMAL,PIT BULL,BLUE
01/30/2011,STRAY,OTC,DOG,S,0,3,19,NORMAL,PUG,BROWN
01/30/2011,STRAY,OTC,DOG,N,0,3,27,NORMAL,CHIHUAHUA SH,TAN
01/30/2011,OWNER SUR,OTC,CAT,N,0,5,16,NORMAL,DOMESTIC LH,ORG TABBY
01/30/2011,OWNER SUR,OTC,CAT,N,0,5,16,NORMAL,DOMESTIC SH,BLUE
01/30/2011,OWNER SUR,OTC,CAT,N,0,6,16,NORMAL,DOMESTIC SH,BLACK
01/30/2011,OWNER SUR,OTC,DOG,S,1,6,2,NORMAL,AUST SHEPHERD,BR BRINDLE
01/30/2011,STRAY,OTC,CAT,S,1,6,2,SICK,DOMESTIC SH,BLUE TABBY
01/30/2011,STRAY,OTC,CAT,S,1,6,2,NORMAL,DOMESTIC SH,CALICO
01/30/2011,STRAY,OTC,CAT,S,1,8,2,NORMAL,DOMESTIC SH,ORG TABBY
01/30/2011,OWNER SUR,OTC,DOG,S,1,10,15,NORMAL,AUST CATTLE DOG,TRICOLOR
01/30/2011,STRAY,OTC,DOG,S,1,10,29,NORMAL,RAT TERRIER,WHITE
01/30/2011,STRAY,FIELD,DOG,N,1,2,0,NORMAL,PIT BULL,TAN
01/30/2011,OWNER SUR,OTC,DOG,S,1,3,2,NORMAL,GERM SHEPHERD,TAN
01/30/2011,STRAY,OTC,DOG,S,2,6,2,NORMAL,JACK RUSS TERR,BLACK
01/30/2011,STRAY,OTC,CAT,N,2,6,2,NORMAL,DOMESTIC SH,BLACK
01/30/2011,STRAY,OTC,DOG,S,3,0,0,NORMAL,POODLE MIN,BROWN
01/30/2011,PUBLIC AST,QUARANTINE,DOG,N,2,0,0,NORMAL,CHIHUAHUA SH,WHITE
01/30/2011,STRAY,FIELD,CAT,U,2,0,0,INJURED,DOMESTIC SH,ORANGE
01/30/2011,OWNER SUR,OTC,CAT,S,2,0,0,NORMAL,DOMESTIC SH,BRN TABBY
01/30/2011,OWNER SUR,OTC,DOG,N,2,2,28,NORMAL,PIT BULL,BR BRINDLE
01/30/2011,STRAY,FIELD,DOG,N,2,4,21,NORMAL,PIT BULL,RED
01/30/2011,STRAY,FIELD,DOG,N,4,0,29,NORMAL,CHIHUAHUA LH,BROWN
01/30/2011,STRAY,OTC,DOG,S,3,0,1,NORMAL,WELSH CORGI PEM,BLACK
01/30/2011,STRAY,FIELD,CAT,M,3,0,1,INJURED,DOMESTIC LH,BLACK
01/30/2011,STRAY,FIELD,DOG,N,3,3,17,NORMAL,AUST CATTLE DOG,RED MERLE
01/30/2011,STRAY,OTC,DOG,S,4,10,19,NORMAL,PIT BULL,WHITE
01/30/2011,OWNER SUR,OTC,CAT,N,4,0,0,NORMAL,DOMESTIC SH,BLUE TABBY
01/30/2011,STRAY,FIELD,DOG,S,4,2,2,INJURED,GERM SHEPHERD,BROWN
01/30/2011,PUBLIC AST,QUARANTINE,DOG,M,5,11,18,NORMAL,GERM SHEPHERD,BROWN
01/30/2011,STRAY,FIELD,DOG,N,6,0,23,NORMAL,PIT BULL,BROWN
01/30/2011,STRAY,FIELD,DOG,N,6,0,29,NORMAL,CHIHUAHUA SH,TAN
01/30/2011,OWNER SUR,OTC,DOG,N,6,0,1,NORMAL,AKITA,BR BRINDLE
01/30/2011,STRAY,OTC,DOG,N,6,0,1,NORMAL,BEAGLE,TRICOLOR
01/30/2011,STRAY,OTC,DOG,S,10,1,26,NORMAL,BORDER COLLIE,WHITE
01/30/2011,STRAY,FIELD,DOG,N,14,0,3,INJURED,BULLMASTIFF,TAN
01/31/2011,BORN IN,SHELTER,DOG,M,0,0,0,NURSING,LABRADOR RETR,BLACK
01/31/2011,BORN IN,SHELTER,DOG,M,0,0,0,NURSING,LABRADOR RETR,BLACK
01/31/2011,BORN IN,SHELTER,DOG,N,0,0,0,NURSING,LABRADOR RETR,BLACK
01/31/2011,BORN IN,SHELTER,DOG,M,0,0,0,NURSING,LABRADOR RETR,BLACK
01/31/2011,BORN IN,SHELTER,DOG,M,0,0,0,NURSING,LABRADOR RETR,BLACK
01/31/2011,BORN IN,SHELTER,DOG,S,0,0,0,NURSING,LABRADOR RETR,BLACK
01/31/2011,BORN IN,SHELTER,DOG,F,0,0,0,NURSING,LABRADOR RETR,BLACK
01/31/2011,OWNER SUR,OTC,CAT,S,0,0,4,NURSING,SIAMESE,LYNX PT
01/31/2011,OWNER SUR,OTC,CAT,N,0,0,4,NURSING,SIAMESE,BLK TABBY
01/31/2011,OWNER SUR,OTC,CAT,S,0,0,11,NURSING,DOMESTIC SH,LYNX PT
01/31/2011,OWNER SUR,OTC,CAT,S,0,1,22,NURSING,SIAMESE,LYNX PT
01/31/2011,OWNER SUR,OTC,CAT,N,0,1,22,NURSING,SIAMESE,BRN TABBY
01/31/2011,OWNER SUR,OTC,CAT,S,0,1,22,NURSING,SIAMESE,LILAC PT
01/31/2011,STRAY,OTC,CAT,N,0,1,8,NORMAL,DOMESTIC SH,BRN TABBY
01/31/2011,STRAY,EMERG CLC,CAT,M,0,2,16,INJURED,DOMESTIC SH,BLACK
01/31/2011,STRAY,OTC,DOG,S,0,2,7,NORMAL,GERM SHEPHERD,BROWN
01/31/2011,STRAY,EMERG CLC,DOG,N,0,3,1,SICK,MIN PINSCHER,BLACK
01/31/2011,STRAY,FIELD,DOG,N,0,4,1,NORMAL,PIT BULL,BL BRINDLE
01/31/2011,OWNER SUR,OTC,CAT,N,0,6,0,NORMAL,SIAMESE,BLUE PT
01/31/2011,OWNER SUR,OTC,CAT,S,0,6,0,NORMAL,SIAMESE,BLUE PT
01/31/2011,STRAY,EMERG CLC,CAT,F,1,6,2,INJURED,DOMESTIC SH,WHITE
01/31/2011,STRAY,OTC,DOG,F,1,10,3,NORMAL,PIT BULL,WHITE
01/31/2011,PUBLIC AST,INVESTIGAT,CAT,N,2,0,14,NORMAL,DOMESTIC SH,BLUE TABBY
01/31/2011,OWNER SUR,OTC,DOG,N,2,0,0,NORMAL,BASSET HOUND,BROWN
01/31/2011,OWNER SUR,OTC,DOG,S,1,0,0,NORMAL,BASSET HOUND,BLACK
01/31/2011,OWNER SUR,OTC,CAT,S,1,0,0,NORMAL,DOMESTIC MH,BLUE TABBY
01/31/2011,OWNER SUR,OTC,CAT,S,1,0,0,NORMAL,DOMESTIC LH,BRN TABBY
01/31/2011,OWNER SUR,OTC,CAT,S,1,0,0,NORMAL,DOMESTIC MH,TORBIE
01/31/2011,OWNER SUR,OTC,CAT,S,1,0,0,NORMAL,DOMESTIC MH,TORBIE
01/31/2011,STRAY,FIELD,DOG,N,1,6,24,INJURED,ANATOL SHEPHERD,CREAM
01/31/2011,OWNER SUR,OTC,CAT,N,2,0,0,NORMAL,DOMESTIC SH,BLACK
01/31/2011,OWNER SUR,OTC,CAT,S,2,0,0,NORMAL,DOMESTIC SH,BLACK
01/31/2011,STRAY,EMERG CLC,CAT,M,2,0,0,INJURED,DOMESTIC SH,BRN TABBY
01/31/2011,STRAY,EMERG CLC,CAT,F,2,0,0,INJURED,DOMESTIC SH,TORTIE
01/31/2011,STRAY,FIELD,DOG,S,2,0,0,NORMAL,PIT BULL,TAN
01/31/2011,STRAY,FIELD,CAT,M,2,0,0,INJURED,DOMESTIC SH,ORANGE
01/31/2011,STRAY,FIELD,DOG,N,2,0,0,NORMAL,PIT BULL,BLUE
01/31/2011,OWNER SUR,RETURN,DOG,S,2,0,3,NORMAL,CHIHUAHUA SH,BROWN
01/31/2011,STRAY,OTC,DOG,N,2,0,7,NORMAL,POINTER,WHITE
01/31/2011,PUBLIC AST,QUARANTINE,DOG,N,2,6,29,NORMAL,AUST CATTLE DOG,WHITE
01/31/2011,OWNER SUR,OTC,CAT,S,3,11,8,NORMAL,DOMESTIC SH,CALICO
01/31/2011,STRAY,OTC,DOG,S,4,0,28,NORMAL,CHIHUAHUA SH,TAN
01/31/2011,STRAY,OTC,DOG,S,3,0,1,NORMAL,LABRADOR RETR,CHOCOLATE
01/31/2011,PUBLIC AST,QUARANTINE,DOG,S,3,6,20,NORMAL,PIT BULL,TAN
01/31/2011,STRAY,OTC,DOG,N,4,6,3,NORMAL,GOLDEN RETR,GOLD
01/31/2011,STRAY,EMERG CLC,DOG,S,4,4,5,NORMAL,LABRADOR RETR,BLACK
01/31/2011,OWNER SUR,OTC,DOG,S,5,7,3,NORMAL,PIT BULL,RED
01/31/2011,PUBLIC AST,INVESTIGAT,CAT,S,5,7,6,NORMAL,DOMESTIC SH,CALICO
01/31/2011,OWNER SUR,OTC,DOG,S,6,0,28,NORMAL,CHIHUAHUA SH,TAN
01/31/2011,STRAY,EMERG CLC,CAT,M,5,0,1,INJURED,DOMESTIC SH,BLACK
01/31/2011,OWNER SUR,OTC,DOG,N,5,0,1,NORMAL,LABRADOR RETR,BLACK
01/31/2011,STRAY,OTC,DOG,N,5,0,1,NORMAL,DACHSHUND,RED
01/31/2011,OWNER SUR,OTC,CAT,S,7,0,2,NORMAL,DOMESTIC LH,BLUE CREAM
01/31/2011,OWNER SUR,OTC,CAT,N,7,0,2,NORMAL,DOMESTIC LH,WHITE
01/31/2011,OWNER SUR,OTC,DOG,N,8,0,1,NORMAL,POMERANIAN,RED
01/31/2011,OWNER SUR,OTC,CAT,S,8,0,2,NORMAL,DOMESTIC SH,BRN TABBY
01/31/2011,OWNER SUR,OTC,CAT,S,8,0,2,NORMAL,DOMESTIC SH,CALICO
01/31/2011,OWNER SUR,OTC,CAT,N,8,0,2,NORMAL,DOMESTIC SH,ORG TABBY
01/31/2011,OWNER SUR,OTC,CAT,S,8,0,2,NORMAL,DOMESTIC SH,BLACK
01/31/2011,OWNER SUR,OTC,CAT,S,8,0,2,NORMAL,DOMESTIC MH,BLACK
01/31/2011,STRAY,OTC,DOG,S,8,0,2,NORMAL,BOXER,FAWN
01/31/2011,STRAY,OTC,DOG,S,8,0,2,NORMAL,CHOW CHOW,BLACK
01/31/2011,STRAY,OTC,CAT,N,11,0,27,NORMAL,DOMESTIC SH,ORG TABBY
01/31/2011,STRAY,OTC,CAT,N,10,0,2,INJURED,DOMESTIC LH,BLUE TABBY
01/31/2011,EUTH REQ,OTC OWNED,DOG,F,12,0,3,SICK,PIT BULL,WHITE
01/31/2011,OWNER SUR,OTC,DOG,M,18,0,4,AGED,CHINESE SHARPEI,BLACK
01/31/2011,PUBLIC AST,QUARANTINE,DOG,M,NO AGE,NORMAL,LABRADOR RETR,RED,,
02-01-11,OWNER SUR,OTC,DOG,N,0,3,15,NORMAL,GERM SH POINT,WHITE
02-01-11,STRAY,OTC,CAT,S,0,3,1,NORMAL,DOMESTIC SH,BLACK
02-01-11,STRAY,OTC,CAT,S,0,3,1,NORMAL,DOMESTIC SH,BRN TABBY
02-01-11,STRAY,OTC,CAT,N,0,3,12,NORMAL,DOMESTIC SH,BLACK
02-01-11,STRAY,OTC,CAT,S,0,4,16,NORMAL,DOMESTIC SH,BRN TABBY
02-01-11,STRAY,OTC,DOG,N,0,4,25,SICK,DACHSHUND,BLACK
02-01-11,OWNER SUR,FIELD,DOG,N,0,5,1,NORMAL,BORDER COLLIE,TRICOLOR
02-01-11,OWNER SUR,FIELD,DOG,N,0,5,1,NORMAL,BORDER COLLIE,WHITE
02-01-11,OWNER SUR,FIELD,DOG,N,0,5,1,NORMAL,BORDER COLLIE,WHITE
02-01-11,STRAY,FIELD,DOG,S,0,5,1,INJURED,AUST CATTLE DOG,BLUE TICK
02-01-11,STRAY,OTC,CAT,M,1,6,2,NORMAL,DOMESTIC SH,BLUE TABBY
02-01-11,STRAY,OTC,CAT,S,1,6,2,NORMAL,DOMESTIC SH,CALICO
02-01-11,STRAY,FIELD,DOG,S,1,7,3,NORMAL,ROTTWEILER,BLACK
02-01-11,STRAY,OTC,CAT,S,1,7,3,NORMAL,DOMESTIC SH,TORTIE
02-01-11,STRAY,OTC,DOG,S,1,11,0,NORMAL,LABRADOR RETR,RED
02-01-11,STRAY,FIELD,DOG,N,2,0,25,NORMAL,ROTTWEILER,LIVER
02-01-11,STRAY,FIELD,DOG,N,1,0,0,NORMAL,ROTTWEILER,BLACK
02-01-11,STRAY,FIELD,DOG,S,1,0,0,NORMAL,ROTTWEILER,BLACK
02-01-11,OWNER SUR,OTC,DOG,S,1,0,0,NORMAL,GERM SHEPHERD,TAN
02-01-11,STRAY,FIELD,DOG,S,1,6,23,NORMAL,BOSTON TERRIER,BLACK
02-01-11,STRAY,OTC,DOG,S,1,6,28,NORMAL,CHIHUAHUA SH,BROWN
02-01-11,PUBLIC AST,QUARANTINE,DOG,M,2,6,2,NORMAL,MALTESE,WHITE
02-01-11,EUTH REQ,NO SUBTYPE,CAT,F,2,6,2,INJURED,DOMESTIC SH,BRN TABBY
02-01-11,STRAY,FIELD,DOG,S,2,10,8,NORMAL,LABRADOR RETR,BLACK
02-01-11,STRAY,OTC,DOG,N,2,11,17,NORMAL,LABRADOR RETR,WHITE
02-01-11,OWNER SUR,OTC,DOG,N,2,11,26,NORMAL,CHINESE SHARPEI,BLACK
02-01-11,STRAY,FIELD,DOG,N,2,0,0,NORMAL,GERM SHEPHERD,BROWN
02-01-11,STRAY,OTC,DOG,S,2,0,0,NORMAL,POODLE MIN,WHITE
02-01-11,STRAY,FIELD,DOG,N,2,6,25,NORMAL,CHOW CHOW,TAN
02-01-11,STRAY,OTC,CAT,M,3,6,2,NORMAL,DOMESTIC LH,BLACK
02-01-11,PUBLIC AST,QUARANTINE,DOG,N,4,0,25,NORMAL,CATAHOULA,WHITE
02-01-11,STRAY,OTC,DOG,S,3,0,1,NORMAL,CHIHUAHUA SH,TAN
02-01-11,OWNER SUR,FIELD,DOG,S,3,0,1,NORMAL,QUEENSLAND HEEL,WHITE
02-01-11,STRAY,FIELD,DOG,M,3,0,1,NORMAL,CHIHUAHUA LH,BROWN
02-01-11,OWNER SUR,OTC,DOG,S,5,0,24,NORMAL,BULLDOG,TAN
02-01-11,OWNER SUR,OTC,CAT,N,4,0,1,NORMAL,DOMESTIC SH,BLACK
02-01-11,STRAY,FIELD,DOG,N,4,0,1,NORMAL,PIT BULL,BROWN
02-01-11,PUBLIC AST,QUARANTINE,DOG,S,4,0,2,NORMAL,AUST CATTLE DOG,BLACK
02-01-11,PUBLIC AST,QUARANTINE,DOG,S,5,0,1,NORMAL,PIT BULL,BR BRINDLE
02-01-11,PUBLIC AST,QUARANTINE,DOG,F,5,0,2,NORMAL,JACK RUSS TERR,WHITE
02-01-11,OWNER SUR,OTC,DOG,N,5,0,7,OTHER,LABRADOR RETR,BUFF
02-01-11,STRAY,OTC,CAT,N,5,4,25,NORMAL,DOMESTIC SH,BRN TABBY
02-01-11,OWNER SUR,OTC,DOG,N,7,0,12,NORMAL,LABRADOR RETR,CHOCOLATE
02-01-11,EUTH REQ,NO SUBTYPE,CAT,S,6,0,1,SICK,DOMESTIC SH,BRN TABBY
02-01-11,STRAY,OTC,DOG,S,8,0,0,SICK,PIT BULL,BL BRINDLE
02-01-11,STRAY,OTC,DOG,N,9,0,1,NORMAL,FLAT COAT RETR,BLACK
02-01-11,OWNER SUR,OTC,CAT,N,9,0,2,NORMAL,DOMESTIC SH,BLACK
02-01-11,STRAY,FIELD,DOG,N,12,0,2,NORMAL,AIREDALE TERR,BLACK
02-01-11,PUBLIC AST,QUARANTINE,DOG,S,12,0,4,NORMAL,RHOD RIDGEBACK,TAN
02-01-11,EUTH REQ,NO SUBTYPE,DOG,S,14,0,3,SICK,AUST SHEPHERD,BLUE MERLE
02-01-11,OWNER SUR,OTC,CAT,S,18,0,4,NORMAL,MAINE COON,BRN TABBY
02-02-11,OWNER SUR,OTC,CAT,N,0,1,7,NORMAL,DOMESTIC LH,BLK SMOKE
02-02-11,OWNER SUR,OTC,CAT,F,0,1,7,NORMAL,DOMESTIC LH,BLK SMOKE
02-02-11,OWNER SUR,OTC,CAT,S,0,1,7,NORMAL,DOMESTIC SH,BLK TABBY
02-02-11,STRAY,OTC,DOG,M,0,2,16,NORMAL,PUG,BLACK
02-02-11,STRAY,OTC,DOG,S,0,2,1,SICK,PIT BULL,TAN
02-02-11,STRAY,OTC,DOG,N,0,2,1,SICK,PIT BULL,BR BRINDLE
02-02-11,STRAY,OTC,DOG,N,0,3,16,NORMAL,PIT BULL,WHITE
02-02-11,STRAY,OTC,DOG,N,0,3,16,NORMAL,PIT BULL,WHITE
02-02-11,STRAY,FIELD,DOG,N,0,3,27,NORMAL,WELSH CORGI PEM,TAN
02-02-11,STRAY,OTC,DOG,N,0,5,1,NORMAL,LABRADOR RETR,BROWN
02-02-11,OWNER SUR,OTC,DOG,N,0,6,16,NORMAL,CHOW CHOW,BLACK
02-02-11,STRAY,FIELD,CAT,M,1,9,3,INJURED,DOMESTIC LH,WHITE
02-02-11,STRAY,OTC,DOG,N,1,11,3,NORMAL,LABRADOR RETR,YELLOW
02-02-11,OWNER SUR,OTC,DOG,N,1,0,0,NORMAL,CHIHUAHUA SH,TRICOLOR
02-02-11,OWNER SUR,OTC,CAT,N,1,0,0,NORMAL,DOMESTIC SH,BRN TABBY
02-02-11,OWNER SUR,FIELD,DOG,N,2,6,2,NORMAL,SHIBA INU,TAN
02-02-11,STRAY,FIELD,DOG,S,2,7,3,NORMAL,PIT BULL,WHITE
02-02-11,OWNER SUR,OTC,DOG,N,2,8,27,NORMAL,LABRADOR RETR,BLACK
02-02-11,STRAY,OTC,DOG,S,2,0,0,NORMAL,MALTESE,WHITE
02-02-11,PUBLIC AST,QUARANTINE,CAT,N,2,0,7,NORMAL,DOMESTIC SH,BLUE TABBY
02-02-11,PUBLIC AST,OIJ,DOG,S,2,5,3,NORMAL,AUST CATTLE DOG,BLUE TICK
02-02-11,PUBLIC AST,QUARANTINE,DOG,M,3,8,8,NORMAL,BOXER,BROWN
02-02-11,OWNER SUR,OTC,DOG,N,4,0,28,NORMAL,CHIHUAHUA SH,TAN
02-02-11,STRAY,OTC,DOG,S,3,0,0,NORMAL,CHIHUAHUA SH,BLACK
02-02-11,STRAY,OTC,CAT,M,3,0,1,NORMAL,DOMESTIC MH,ORG TABBY
02-02-11,STRAY,FIELD,DOG,N,3,0,1,NORMAL,PIT BULL,BLUE
02-02-11,STRAY,OTC,DOG,N,4,7,11,NORMAL,LABRADOR RETR,BROWN
02-02-11,OWNER SUR,OTC,DOG,N,4,0,1,NORMAL,CHIHUAHUA SH,TAN
02-02-11,OWNER SUR,OTC,DOG,N,4,0,1,NORMAL,MIN PINSCHER,BLACK
02-02-11,OWNER SUR,OTC,CAT,S,5,0,1,NORMAL,DOMESTIC SH,BLACK
02-02-11,STRAY,OTC,CAT,N,5,6,17,NORMAL,DOMESTIC SH,BLACK
02-02-11,PUBLIC AST,QUARANTINE,DOG,F,6,0,2,NORMAL,CHIHUAHUA SH,BLACK
02-02-11,STRAY,OTC,CAT,M,8,0,2,NORMAL,DOMESTIC MH,ORG TABBY
02-02-11,STRAY,OTC,DOG,N,8,0,2,NORMAL,LABRADOR RETR,YELLOW
02-02-11,OWNER SUR,OTC,CAT,N,9,8,20,NORMAL,DOMESTIC SH,BLACK
02-02-11,STRAY,FIELD,DOG,S,10,1,23,NORMAL,GERM SHEPHERD,BLACK
02-02-11,OWNER SUR,OTC,CAT,N,11,0,3,NORMAL,DOMESTIC SH,BLACK
02-02-11,STRAY,OTC,DOG,S,12,0,2,NORMAL,GERM SHEPHERD,BROWN
02-02-11,PUBLIC AST,QUARANTINE,CAT,N,12,0,3,NORMAL,BURMESE,BLACK
02-02-11,PUBLIC AST,EMERGENCY,DOG,S,12,2,11,NORMAL,SIBERIAN HUSKY,BLACK
02-03-11,STRAY,OTC,DOG,S,0,2,6,NORMAL,CATAHOULA,BRN MERLE
02-03-11,STRAY,OTC,DOG,S,0,2,6,NORMAL,CATAHOULA,TAN
02-03-11,STRAY,OTC,DOG,N,0,3,16,NORMAL,CATAHOULA,WHITE
02-03-11,STRAY,OTC,DOG,N,0,5,28,NORMAL,ALASK MALAMUTE,BLACK
02-03-11,OWNER SUR,FIELD,DOG,N,0,5,12,NORMAL,LABRADOR RETR,BROWN
02-03-11,STRAY,OTC,DOG,N,0,6,23,NORMAL,DACHSHUND,BROWN
02-03-11,STRAY,OTC,DOG,N,1,10,28,NORMAL,DACHSHUND,BLACK
02-03-11,OWNER SUR,OTC,CAT,N,1,10,3,NORMAL,DOMESTIC SH,ORG TABBY
02-03-11,STRAY,OTC,DOG,M,1,0,0,NORMAL,COLLIE SMOOTH,BROWN
02-03-11,STRAY,OTC,DOG,S,1,6,26,NORMAL,BLUE LACY,BLUE
02-03-11,OWNER SUR,OTC,DOG,N,1,6,27,NORMAL,NEWFOUNDLAND,BLACK
02-03-11,STRAY,OTC,DOG,S,2,6,2,NORMAL,GREAT PYRENEES,WHITE
02-03-11,OWNER SUR,OTC,CAT,N,2,6,2,NORMAL,DOMESTIC SH,ORG TABBY
02-03-11,OWNER SUR,RETURN,DOG,N,2,7,13,NORMAL,BOXER,BROWN
02-03-11,STRAY,FIELD,CAT,S,3,0,14,NORMAL,DOMESTIC SH,CALICO
02-03-11,STRAY,OTC,DOG,N,3,0,26,NORMAL,AUST KELPIE,BLACK
02-03-11,STRAY,FIELD,DOG,N,3,0,26,NORMAL,PIT BULL,BL BRINDLE
02-03-11,STRAY,OTC,DOG,M,2,0,0,NORMAL,ROTTWEILER,BLACK
02-03-11,STRAY,FIELD,DOG,M,2,0,0,INJURED,LABRADOR RETR,WHITE
02-03-11,OWNER SUR,OTC,CAT,S,2,0,0,NORMAL,DOMESTIC SH,BLUE TABBY
02-03-11,STRAY,OTC,DOG,F,2,0,0,NORMAL,GERM SHEPHERD,BLACK
02-03-11,STRAY,FIELD,DOG,S,2,0,0,NORMAL,PIT BULL,WHITE
02-03-11,PUBLIC AST,INVESTIGAT,DOG,M,2,1,8,NORMAL,PLOTT HOUND,WHITE
02-03-11,OWNER SUR,OTC,DOG,N,4,0,12,NORMAL,LABRADOR RETR,TAN
02-03-11,STRAY,OTC,CAT,N,3,0,10,INJURED,DOMESTIC SH,ORG TABBY
02-03-11,OWNER SUR,OTC,CAT,S,3,6,27,NORMAL,DOMESTIC LH,BLACK
02-03-11,STRAY,OTC,DOG,N,6,0,5,NORMAL,LABRADOR RETR,BLACK
02-03-11,STRAY,FIELD,CAT,N,7,0,2,NORMAL,DOMESTIC SH,WHITE
02-03-11,STRAY,OTC,DOG,N,10,0,2,NORMAL,LABRADOR RETR,RED
02-04-11,OWNER SUR,OTC,CAT,S,0,3,1,NORMAL,DOMESTIC SH,TORTIE
02-04-11,OWNER SUR,OTC,CAT,S,0,3,1,NORMAL,DOMESTIC SH,TORTIE
02-04-11,OWNER SUR,OTC,CAT,S,0,3,1,NORMAL,DOMESTIC SH,CALICO
02-04-11,OWNER SUR,OTC,CAT,S,0,3,1,NORMAL,DOMESTIC SH,TORTIE
02-04-11,PUBLIC AST,OIJ,DOG,S,1,6,2,NORMAL,BOXER,TAN
02-04-11,OWNER SUR,OTC,DOG,S,1,8,27,NORMAL,GERM SHEPHERD,BLACK
02-04-11,STRAY,OTC,DOG,N,1,11,15,NORMAL,LABRADOR RETR,BLACK
02-04-11,OWNER SUR,OTC,CAT,S,2,0,29,NORMAL,DOMESTIC SH,TORTIE
02-04-11,STRAY,FIELD,DOG,S,1,0,0,NORMAL,MIN PINSCHER,BLACK
02-04-11,STRAY,FIELD,DOG,S,1,0,0,NORMAL,MANCHESTER TERR,BLACK
02-04-11,STRAY,NO SUBTYPE,DOG,S,3,0,27,NORMAL,BEAGLE,TRICOLOR
02-04-11,OWNER SUR,OTC,CAT,N,3,0,28,NORMAL,DOMESTIC SH,BLACK
02-04-11,OWNER SUR,OTC,CAT,S,2,0,0,NORMAL,DOMESTIC SH,TORTIE
02-04-11,STRAY,OTC,DOG,N,2,0,0,NORMAL,SCHNAUZER MIN,GRAY
02-04-11,PUBLIC AST,QUARANTINE,DOG,F,2,0,6,NURSING,PIT BULL,WHITE
02-04-11,OWNER SUR,OTC,CAT,N,5,0,27,NORMAL,DOMESTIC SH,CRM TABBY
02-04-11,OWNER SUR,OTC,CAT,S,4,0,1,NORMAL,SNOWSHOE,SEAL PT
02-04-11,STRAY,OTC,DOG,S,4,0,1,NORMAL,PIT BULL,BR BRINDLE
02-04-11,OWNER SUR,RETURN,DOG,S,6,1,16,NORMAL,PIT BULL,BR BRINDLE
02-04-11,STRAY,OTC,DOG,M,8,3,27,NORMAL,MIN PINSCHER,BLACK
02-04-11,STRAY,OTC,CAT,N,NO AGE,INJURED,DOMESTIC SH,TORTIE,,
02-05-11,STRAY,OTC,CAT,N,0,1,22,NURSING,SIAMESE,FLAME PT
02-05-11,STRAY,OTC,CAT,N,0,1,22,NURSING,SIAMESE,FLAME PT
02-05-11,STRAY,OTC,CAT,S,0,1,22,NURSING,DOMESTIC SH,TORTIE
02-05-11,STRAY,OTC,CAT,S,0,2,16,SICK,DOMESTIC SH,BLACK
02-05-11,STRAY,OTC,CAT,N,0,2,16,SICK,DOMESTIC SH,BLACK
02-05-11,OWNER SUR,OTC,DOG,N,0,2,25,NORMAL,CHIHUAHUA SH,BLACK
02-05-11,OWNER SUR,OTC,DOG,S,0,2,26,NORMAL,AUST CATTLE DOG,BLUE TICK
02-05-11,OWNER SUR,OTC,DOG,S,0,2,26,NORMAL,AUST CATTLE DOG,BLUE TICK
02-05-11,OWNER SUR,OTC,DOG,S,0,2,26,NORMAL,AUST CATTLE DOG,BLACK
02-05-11,OWNER SUR,OTC,DOG,S,0,2,26,NORMAL,AUST CATTLE DOG,BLACK
02-05-11,OWNER SUR,OTC,DOG,S,0,2,26,NORMAL,AUST CATTLE DOG,BLACK
02-05-11,STRAY,OTC,DOG,S,0,2,28,NORMAL,PARSON RUSS TER,WHITE
02-05-11,STRAY,OTC,DOG,S,0,2,28,NORMAL,PARSON RUSS TER,TAN
02-05-11,STRAY,OTC,DOG,S,0,2,5,NORMAL,BOXER,BROWN
02-05-11,STRAY,OTC,DOG,N,0,3,18,NORMAL,CHOW CHOW,BROWN
02-05-11,STRAY,OTC,DOG,N,0,3,18,NORMAL,CHOW CHOW,BROWN
02-05-11,OWNER SUR,RETURN,DOG,N,0,3,19,NORMAL,GERM SH POINT,WHITE
02-05-11,OWNER SUR,OTC,DOG,S,0,3,20,NORMAL,ST BERNARD RGH,WHITE
02-05-11,STRAY,OTC,DOG,N,0,3,12,NORMAL,LABRADOR RETR,BLACK
02-05-11,STRAY,OTC,DOG,S,0,3,13,NORMAL,AUST CATTLE DOG,BLACK
02-05-11,STRAY,OTC,DOG,N,0,4,28,NORMAL,SC WHEAT TERR,BUFF
02-05-11,STRAY,FIELD,DOG,S,0,5,1,SICK,PIT BULL,WHITE
02-05-11,OWNER SUR,OTC,CAT,S,1,7,3,NORMAL,DOMESTIC SH,BLUE
02-05-11,OWNER SUR,OTC,CAT,N,1,7,3,NORMAL,DOMESTIC SH,BRN TABBY
02-05-11,OWNER SUR,FIELD,DOG,N,1,9,0,NORMAL,PIT BULL,BLUE
02-05-11,STRAY,OTC,DOG,N,1,8,2,NORMAL,GERM SH POINT,BR BRINDLE
02-05-11,STRAY,OTC,DOG,S,1,10,27,NORMAL,POINTER,WHITE
02-05-11,PUBLIC AST,QUARANTINE,DOG,F,1,11,0,NORMAL,BEAGLE,BROWN
02-05-11,OWNER SUR,OTC,DOG,N,1,10,3,NORMAL,ANATOL SHEPHERD,BUFF
02-05-11,STRAY,OTC,DOG,N,1,10,3,NORMAL,AUST CATTLE DOG,BLUE MERLE
02-05-11,PUBLIC AST,SURGERY,DOG,N,1,11,6,NORMAL,LABRADOR RETR,YELLOW
02-05-11,STRAY,OTC,DOG,S,2,0,27,NORMAL,SC WHEAT TERR,BUFF
02-05-11,STRAY,FIELD,DOG,F,1,0,0,NORMAL,PIT BULL,WHITE
02-05-11,OWNER SUR,OTC,DOG,N,1,0,0,NORMAL,PIT BULL,WHITE
02-05-11,OWNER SUR,OTC,DOG,F,1,0,0,NORMAL,BEAGLE,WHITE
02-05-11,STRAY,OTC,DOG,S,1,0,1,NORMAL,PLOTT HOUND,BL BRINDLE
02-05-11,OWNER SUR,OTC,CAT,N,1,2,15,NORMAL,DOMESTIC SH,BLACK
02-05-11,OWNER SUR,OTC,CAT,N,1,2,27,NORMAL,DOMESTIC SH,WHITE
02-05-11,STRAY,OTC,DOG,N,2,6,2,NORMAL,LEONBERGER,TAN
02-05-11,PUBLIC AST,QUARANTINE,CAT,N,3,0,24,NORMAL,DOMESTIC SH,BLACK
02-05-11,STRAY,FIELD,DOG,F,2,0,0,SICK,LABRADOR RETR,GRAY
02-05-11,STRAY,FIELD,CAT,S,2,0,0,SICK,DOMESTIC LH,WHITE
02-05-11,STRAY,FIELD,DOG,N,2,0,0,NORMAL,PIT BULL,TAN
02-05-11,OWNER SUR,OTC,DOG,N,2,0,0,NORMAL,PIT BULL,RED
02-05-11,STRAY,FIELD,DOG,S,2,0,0,NORMAL,PIT BULL,WHITE
02-05-11,STRAY,OTC,DOG,N,2,0,0,NORMAL,DACHSHUND,RED
02-05-11,STRAY,OTC,DOG,S,3,0,1,NORMAL,ANATOL SHEPHERD,TAN
02-05-11,STRAY,OTC,DOG,N,4,6,3,NORMAL,LABRADOR RETR,BUFF
02-05-11,OWNER SUR,OTC,DOG,S,4,10,18,NORMAL,CHIHUAHUA SH,TRICOLOR
02-05-11,STRAY,OTC,CAT,S,4,0,1,NORMAL,EXOTIC SH,ORG TABBY
02-05-11,STRAY,OTC,DOG,N,6,0,14,NORMAL,LANDSEER,WHITE
02-05-11,STRAY,OTC,DOG,S,6,0,22,NORMAL,BLACK/TAN HOUND,BLACK
02-05-11,STRAY,OTC,DOG,N,6,0,28,NORMAL,CHIHUAHUA SH,BROWN
02-05-11,OWNER SUR,OTC,DOG,N,6,0,0,NORMAL,LABRADOR RETR,TAN
02-05-11,STRAY,OTC,DOG,S,6,0,0,NORMAL,SHIH TZU,WHITE
02-05-11,OWNER SUR,OTC,DOG,S,5,0,1,NORMAL,CATAHOULA,RED MERLE
02-05-11,STRAY,OTC,CAT,M,5,0,1,SICK,DOMESTIC MH,CRM TABBY
02-05-11,OWNER SUR,RETURN,DOG,S,5,2,5,NORMAL,PIT BULL,WHITE
02-05-11,OWNER SUR,OTC,DOG,N,6,0,1,NORMAL,SCHNAUZER GIANT,BLACK
02-05-11,STRAY,FIELD,DOG,S,6,0,1,NORMAL,GERM SHEPHERD,BROWN
02-05-11,STRAY,OTC,DOG,N,8,0,24,NORMAL,LABRADOR RETR,BUFF
02-05-11,OWNER SUR,OTC,DOG,S,8,0,28,NORMAL,CAIRN TERRIER,TAN
02-05-11,OWNER SUR,RETURN,DOG,N,8,0,6,NORMAL,POMERANIAN,RED
02-05-11,OWNER SUR,OTC,CAT,S,9,0,2,NORMAL,DOMESTIC SH,CALICO
02-05-11,OWNER SUR,OTC,DOG,M,12,0,3,NORMAL,FOX TERR SMOOTH,WHITE
02-05-11,STRAY,OTC,DOG,S,15,0,22,NORMAL,CHIHUAHUA SH,WHITE
02-06-11,STRAY,OTC,DOG,N,0,3,16,NORMAL,LABRADOR RETR,BLACK
02-06-11,STRAY,OTC,CAT,M,0,4,23,NORMAL,DOMESTIC SH,ORG TABBY
02-06-11,STRAY,OTC,DOG,S,0,4,4,INJURED,AUST CATTLE DOG,BLUE TICK
02-06-11,STRAY,OTC,DOG,S,0,4,13,INJURED,AUST CATTLE DOG,BLUE TICK
02-06-11,STRAY,OTC,DOG,N,0,6,28,NORMAL,WH PT GRIFFON,WHITE
02-06-11,STRAY,OTC,DOG,S,1,10,3,NORMAL,AUST CATTLE DOG,BLACK
02-06-11,STRAY,OTC,DOG,N,1,0,0,NORMAL,CHIHUAHUA SH,BLUE
02-06-11,STRAY,FIELD,DOG,N,1,0,0,NORMAL,PAPILLON,BLACK
02-06-11,STRAY,OTC,DOG,N,1,0,0,NORMAL,YORKSHIRE TERR,TAN
02-06-11,STRAY,OTC,DOG,S,1,0,13,NORMAL,LABRADOR RETR,BLACK
02-06-11,STRAY,OTC,DOG,S,2,6,2,NORMAL,CATAHOULA,BLUE MERLE
02-06-11,STRAY,EMERG CLC,CAT,F,2,6,2,SICK,DOMESTIC SH,TORBIE
02-06-11,OWNER SUR,RETURN,DOG,S,2,7,16,NORMAL,BORDER COLLIE,BLACK
02-06-11,STRAY,OTC,DOG,N,2,9,4,NORMAL,PIT BULL,CHOCOLATE
02-06-11,STRAY,OTC,CAT,N,4,0,14,NORMAL,DOMESTIC SH,ORG TABBY
02-06-11,STRAY,OTC,DOG,S,4,0,24,NORMAL,AUST CATTLE DOG,TRICOLOR
02-06-11,STRAY,OTC,CAT,S,4,0,28,NORMAL,DOMESTIC SH,CALICO
02-06-11,STRAY,FIELD,CAT,M,3,0,1,INJURED,DOMESTIC SH,WHITE
02-06-11,STRAY,OTC,DOG,N,3,0,1,NORMAL,DACHSHUND,RED
02-06-11,STRAY,FIELD,DOG,N,3,0,1,INJURED,AUST CATTLE DOG,WHITE
02-06-11,STRAY,OTC,CAT,U,3,0,1,FERAL,DOMESTIC SH,BRN TABBY
02-06-11,STRAY,OTC,DOG,N,4,6,3,OTHER,SHIH TZU,WHITE
02-06-11,OWNER SUR,OTC,DOG,N,5,7,9,NORMAL,PIT BULL,BUFF
02-06-11,OWNER SUR,OTC,DOG,S,5,0,0,NORMAL,POMERANIAN,WHITE
02-06-11,OWNER SUR,OTC,DOG,N,5,0,1,NORMAL,PIT BULL,WHITE
02-06-11,OWNER SUR,OTC,DOG,S,5,0,1,NORMAL,CHINESE SHARPEI,BROWN
02-06-11,STRAY,OTC,DOG,N,5,0,1,NORMAL,CHOW CHOW,TAN
02-06-11,STRAY,OTC,DOG,S,5,0,1,NORMAL,PUG,BLACK
02-06-11,STRAY,OTC,CAT,S,7,0,25,NORMAL,DOMESTIC SH,TORBIE
02-06-11,OWNER SUR,OTC,DOG,S,7,0,26,NORMAL,BULLDOG,WHITE
02-06-11,OWNER SUR,OTC,DOG,N,7,0,29,NORMAL,GERM SHEPHERD,BROWN
02-06-11,STRAY,FIELD,DOG,N,6,0,1,NORMAL,SCHNAUZER MIN,GRAY
02-06-11,PUBLIC AST,QUARANTINE,DOG,S,6,0,1,NORMAL,CHOW CHOW,GOLD
02-06-11,STRAY,FIELD,DOG,N,9,0,29,NORMAL,SCHNAUZER MIN,GRAY
02-06-11,STRAY,FIELD,DOG,S,8,0,1,NORMAL,CHIHUAHUA SH,CHOCOLATE
02-06-11,STRAY,OTC,CAT,S,8,0,1,NORMAL,DOMESTIC SH,CALICO
02-06-11,STRAY,OTC,DOG,N,8,0,2,SICK,DACHSHUND,BLACK
02-06-11,OWNER SUR,OTC,CAT,N,12,0,24,NORMAL,SIAMESE,WHITE
02-07-11,BORN IN,SHELTER,DOG,N,0,0,-4,NURSING,BORDER COLLIE,BLACK
02-07-11,BORN IN,SHELTER,DOG,N,0,0,-4,NURSING,BORDER COLLIE,BLACK
02-07-11,BORN IN,SHELTER,DOG,S,0,0,-4,NURSING,BORDER COLLIE,BLACK
02-07-11,BORN IN,SHELTER,DOG,S,0,0,-4,NURSING,BORDER COLLIE,BLACK
02-07-11,BORN IN,SHELTER,DOG,N,0,0,-4,NURSING,BORDER COLLIE,BLACK
02-07-11,BORN IN,SHELTER,DOG,S,0,0,-4,NURSING,BORDER COLLIE,BLACK
02-07-11,STRAY,OTC,DOG,N,0,2,12,NORMAL,MASTIFF,TAN
02-07-11,STRAY,FIELD,DOG,N,0,4,5,NORMAL,SCHNAUZER MIN,BLACK
02-07-11,STRAY,OTC,CAT,N,0,5,29,NORMAL,DOMESTIC MH,BLACK
02-07-11,PUBLIC AST,SURGERY,DOG,N,1,6,1,NORMAL,GERM SHEPHERD,BROWN
02-07-11,STRAY,OTC,DOG,S,1,8,1,NORMAL,STAFFORDSHIRE,BR BRINDLE
02-07-11,STRAY,OTC,CAT,S,1,8,2,NORMAL,DOMESTIC SH,BLACK
02-07-11,OWNER SUR,OTC,DOG,N,1,10,20,NORMAL,PIT BULL,WHITE
02-07-11,STRAY,FIELD,DOG,S,1,10,25,NORMAL,BORDER COLLIE,TAN
02-07-11,STRAY,OTC,CAT,N,1,0,0,NORMAL,DOMESTIC SH,BLUE
02-07-11,STRAY,FIELD,DOG,N,1,6,28,NORMAL,LABRADOR RETR,BLACK
02-07-11,OWNER SUR,OTC,DOG,S,2,6,2,NORMAL,PIT BULL,WHITE
02-07-11,OWNER SUR,OTC,DOG,N,2,0,0,NORMAL,GERM SHEPHERD,BROWN
02-07-11,STRAY,OTC,CAT,N,2,0,0,NORMAL,DOMESTIC SH,BRN TABBY
02-07-11,PUBLIC AST,QUARANTINE,DOG,M,3,6,2,NORMAL,PIT BULL,WHITE
02-07-11,STRAY,OTC,CAT,S,4,0,22,NORMAL,DOMESTIC SH,TORTIE
02-07-11,STRAY,OTC,DOG,N,3,0,1,NORMAL,DACHSHUND,RED
02-07-11,OWNER SUR,OTC,DOG,S,3,0,1,NORMAL,RAT TERRIER,BROWN
02-07-11,PUBLIC AST,QUARANTINE,DOG,S,3,0,5,NORMAL,JINDO,RED
02-07-11,STRAY,FIELD,DOG,S,3,4,19,NORMAL,LABRADOR RETR,YELLOW
02-07-11,OWNER SUR,OTC,DOG,S,3,5,14,NORMAL,DACHSHUND,BROWN
02-07-11,STRAY,FIELD,DOG,S,4,0,1,PREGNANT,BORDER COLLIE,RED
02-07-11,PUBLIC AST,QUARANTINE,DOG,N,4,3,10,NORMAL,LABRADOR RETR,BROWN
02-07-11,STRAY,FIELD,DOG,S,6,3,5,NORMAL,LABRADOR RETR,BLACK
02-07-11,PUBLIC AST,QUARANTINE,DOG,S,6,5,3,NORMAL,GERM SHEPHERD,BLACK
02-07-11,EUTH REQ,OTC OWNED,DOG,F,10,0,2,AGED,DACHSHUND,BLACK
02-07-11,OWNER SUR,FIELD,DOG,M,14,0,3,SICK,GERM SHEPHERD,BROWN
02-07-11,EUTH REQ,OTC OWNED,DOG,M,15,0,4,SICK,GERM SHEPHERD,BROWN
02-08-11,OWNER SUR,OTC,CAT,M,0,0,1,NURSING,DOMESTIC SH,BLACK
02-08-11,OWNER SUR,OTC,CAT,F,0,0,1,NURSING,DOMESTIC SH,BRN TABBY
02-08-11,OWNER SUR,OTC,CAT,N,0,1,15,NURSING,DOMESTIC SH,SLVR TABBY
02-08-11,OWNER SUR,OTC,CAT,S,0,1,15,NURSING,DOMESTIC SH,BLACK
02-08-11,OWNER SUR,OTC,CAT,M,0,1,15,NURSING,DOMESTIC SH,BLACK
02-08-11,STRAY,OTC,DOG,S,0,1,7,NORMAL,DACHSHUND,BROWN
02-08-11,STRAY,OTC,DOG,N,0,1,7,NORMAL,DACHSHUND,BLACK
02-08-11,OWNER SUR,OTC,DOG,S,0,2,1,NORMAL,CHIHUAHUA SH,TAN
02-08-11,OWNER SUR,OTC,DOG,S,0,2,1,NORMAL,CHIHUAHUA SH,BROWN
02-08-11,OWNER SUR,OTC,CAT,N,0,3,27,NORMAL,DOMESTIC SH,BLACK
02-08-11,OWNER SUR,OTC,DOG,N,0,6,20,NORMAL,LABRADOR RETR,BUFF
02-08-11,STRAY,FIELD,DOG,S,0,6,25,NORMAL,GREAT DANE,BLACK
02-08-11,STRAY,OTC,CAT,S,0,6,29,NORMAL,DOMESTIC SH,BLACK
02-08-11,STRAY,OTC,DOG,S,1,6,2,NORMAL,GERM SHEPHERD,BLACK
02-08-11,PUBLIC AST,QUARANTINE,DOG,F,1,8,16,NORMAL,LABRADOR RETR,RED
02-08-11,OWNER SUR,OTC,DOG,S,1,8,2,NORMAL,GERM SH POINT,CHOCOLATE
02-08-11,STRAY,FIELD,DOG,N,1,9,28,NORMAL,LABRADOR RETR,YELLOW
02-08-11,STRAY,FIELD,DOG,N,1,0,0,NORMAL,BRUSS GRIFFON,TAN
02-08-11,STRAY,FIELD,DOG,S,1,0,0,NORMAL,CHIHUAHUA SH,BLACK
02-08-11,STRAY,OTC,DOG,N,1,4,9,NORMAL,GERM SHEPHERD,BLACK
02-08-11,OWNER SUR,OTC,CAT,S,1,6,29,NURSING,DOMESTIC SH,BRN TABBY
02-08-11,OWNER SUR,OTC,DOG,S,2,6,2,PREGNANT,CHIHUAHUA SH,TAN
02-08-11,STRAY,FIELD,DOG,N,2,6,2,NORMAL,BOXER,TAN
02-08-11,OWNER SUR,OTC,DOG,F,2,6,2,NORMAL,PIT BULL,TAN
02-08-11,STRAY,OTC,CAT,N,3,0,24,NORMAL,DOMESTIC SH,BLACK
02-08-11,OWNER SUR,OTC,CAT,S,3,0,27,NORMAL,DOMESTIC SH,BLUE TABBY
02-08-11,OWNER SUR,OTC,DOG,S,2,0,0,NORMAL,ITAL GREYHOUND,TRICOLOR
02-08-11,STRAY,OTC,DOG,N,2,0,0,NORMAL,PIT BULL,BR BRINDLE
02-08-11,STRAY,FIELD,DOG,F,2,0,0,NORMAL,STAFFORDSHIRE,BLUE
02-08-11,OWNER SUR,OTC,DOG,F,2,0,0,SICK,PIT BULL,WHITE
02-08-11,STRAY,OTC,DOG,N,2,0,0,NORMAL,YORKSHIRE TERR,GRAY
02-08-11,STRAY,OTC,DOG,M,2,0,0,NORMAL,PIT BULL,TAN
02-08-11,OWNER SUR,RETURN,CAT,N,2,1,29,NORMAL,DOMESTIC SH,BRN TABBY
02-08-11,PUBLIC AST,QUARANTINE,DOG,M,3,0,1,NORMAL,CHIHUAHUA SH,BROWN
02-08-11,STRAY,OTC,DOG,N,3,3,25,NORMAL,LABRADOR RETR,WHITE
02-08-11,STRAY,FIELD,DOG,N,4,9,21,INJURED,CHIHUAHUA SH,BROWN
02-08-11,STRAY,OTC,CAT,S,5,0,27,NORMAL,DOMESTIC SH,TORBIE
02-08-11,STRAY,OTC,DOG,N,4,0,1,NORMAL,CHIHUAHUA SH,BROWN
02-08-11,OWNER SUR,OTC,DOG,N,6,0,26,NORMAL,AUST KELPIE,BLACK
02-08-11,STRAY,OTC,DOG,N,6,0,28,NORMAL,CHIHUAHUA SH,CREAM
02-08-11,OWNER SUR,OTC,CAT,N,5,0,1,NORMAL,BRITISH SH,BLACK
02-08-11,STRAY,FIELD,DOG,M,5,0,1,NORMAL,BOSTON TERRIER,RED MERLE
02-08-11,STRAY,FIELD,DOG,N,7,0,26,NORMAL,GERM SHEPHERD,SABLE
02-08-11,STRAY,OTC,DOG,S,8,0,28,NORMAL,AMER BULLDOG,BLACK
02-08-11,EUTH REQ,OTC OWNED,DOG,N,10,0,2,SICK,GERM SH POINT,LIVER
02-08-11,STRAY,OTC,DOG,N,10,0,2,NORMAL,PEKINGESE,BROWN
02-08-11,STRAY,FIELD,DOG,M,10,6,2,NORMAL,WELSH CORGI CAR,WHITE
02-08-11,STRAY,OTC,DOG,M,NO AGE,NORMAL,SHEPHERD,BLACK,,
02-09-11,STRAY,FIELD,DOG,S,0,3,16,NORMAL,HARRIER,BROWN
02-09-11,OWNER SUR,FIELD,DOG,N,0,3,0,NORMAL,DACHSHUND,WHITE
02-09-11,OWNER SUR,FIELD,DOG,N,0,3,0,NORMAL,DACHSHUND,WHITE
02-09-11,OWNER SUR,FIELD,DOG,S,0,3,0,NORMAL,DACHSHUND,BLACK
02-09-11,OWNER SUR,OTC,DOG,N,0,3,1,SICK,AUST SHEPHERD,BLACK
02-09-11,OWNER SUR,OTC,DOG,S,0,3,1,SICK,AUST SHEPHERD,SABLE
02-09-11,OWNER SUR,OTC,DOG,S,0,3,1,SICK,AUST SHEPHERD,TRICOLOR
02-09-11,OWNER SUR,OTC,DOG,N,0,3,1,SICK,AUST SHEPHERD,BROWN
02-09-11,OWNER SUR,OTC,DOG,S,0,3,1,SICK,AUST SHEPHERD,BROWN
02-09-11,OWNER SUR,OTC,DOG,N,0,3,1,SICK,AUST SHEPHERD,TAN
02-09-11,OWNER SUR,OTC,DOG,S,0,3,1,SICK,AUST SHEPHERD,WHITE
02-09-11,OWNER SUR,FIELD,DOG,S,0,4,2,NORMAL,DACHSHUND,BLACK
02-09-11,OWNER SUR,FIELD,DOG,N,0,4,2,NORMAL,DACHSHUND,BLACK
02-09-11,STRAY,OTC,CAT,S,0,5,28,NORMAL,DOMESTIC SH,ORG TABBY
02-09-11,STRAY,FIELD,DOG,S,1,6,2,NORMAL,SWED VALLHUND,TAN
02-09-11,OWNER SUR,OTC,DOG,S,1,8,2,NORMAL,YORKSHIRE TERR,TAN
02-09-11,OWNER SUR,OTC,DOG,S,1,8,2,NORMAL,CHIHUAHUA SH,BLACK
02-09-11,OWNER SUR,OTC,DOG,N,1,0,0,NORMAL,PIT BULL,WHITE
02-09-11,STRAY,FIELD,DOG,M,1,0,0,NORMAL,PIT BULL,WHITE
02-09-11,PUBLIC AST,QUARANTINE,DOG,S,1,0,0,NORMAL,PHARAOH HOUND,BLUE
02-09-11,STRAY,OTC,DOG,N,1,0,0,NORMAL,PIT BULL,WHITE
02-09-11,OWNER SUR,RETURN,DOG,S,1,1,17,NORMAL,BOXER,WHITE
02-09-11,OWNER SUR,OTC,CAT,N,1,5,1,NORMAL,DOMESTIC SH,BRN TABBY
02-09-11,STRAY,FIELD,DOG,N,2,6,2,NORMAL,AMER BULLDOG,BR BRINDLE
02-09-11,STRAY,OTC,DOG,S,2,6,2,NORMAL,SIBERIAN HUSKY,CREAM
02-09-11,STRAY,OTC,DOG,N,2,6,2,NORMAL,LABRADOR RETR,BUFF
02-09-11,STRAY,OTC,DOG,S,2,0,0,NORMAL,PLOTT HOUND,BR BRINDLE
02-09-11,OWNER SUR,OTC,CAT,S,2,4,8,NORMAL,DOMESTIC SH,TORTIE
02-09-11,STRAY,FIELD,DOG,N,2,6,25,INJURED,CHIHUAHUA SH,CHOCOLATE
02-09-11,OWNER SUR,OTC,CAT,S,5,0,29,NORMAL,DOMESTIC LH,BLUE CREAM
02-09-11,OWNER SUR,FIELD,DOG,N,4,0,1,NORMAL,RAT TERRIER,WHITE
02-09-11,STRAY,EMERG CLC,CAT,S,4,0,1,NORMAL,DOMESTIC SH,BLUE
02-09-11,STRAY,OTC,DOG,M,4,0,1,INJURED,LHASA APSO,SILVER
02-09-11,STRAY,FIELD,DOG,S,4,0,1,INJURED,PLOTT HOUND,BR BRINDLE
02-09-11,STRAY,FIELD,DOG,M,4,0,1,NORMAL,CHIHUAHUA SH,WHITE
02-09-11,PUBLIC AST,QUARANTINE,DOG,N,4,0,2,NORMAL,JACK RUSS TERR,TRICOLOR
02-09-11,OWNER SUR,OTC,DOG,S,4,6,25,NORMAL,COLLIE ROUGH,WHITE
02-09-11,STRAY,FIELD,DOG,S,6,0,1,NORMAL,CHIHUAHUA SH,BR BRINDLE
02-09-11,STRAY,EMERG CLC,DOG,N,8,0,28,INJURED,BORDER COLLIE,BR BRINDLE
02-09-11,STRAY,OTC,DOG,F,7,0,2,NORMAL,LABRADOR RETR,BLACK
02-09-11,STRAY,FIELD,DOG,M,7,0,2,NORMAL,PEKINGESE,WHITE
02-09-11,OWNER SUR,OTC,DOG,N,8,0,1,NORMAL,YORKSHIRE TERR,RED
02-09-11,STRAY,OTC,DOG,S,10,0,27,NORMAL,LABRADOR RETR,TAN
02-09-11,STRAY,EMERG CLC,CAT,S,10,0,28,NORMAL,DOMESTIC SH,CRM TABBY
02-09-11,STRAY,FIELD,DOG,N,9,3,25,NORMAL,LABRADOR RETR,BROWN
02-09-11,OWNER SUR,OTC,DOG,N,10,0,2,NORMAL,CHINESE SHARPEI,BLACK
02-09-11,STRAY,OTC,CAT,S,12,0,3,NORMAL,DOMESTIC SH,CALICO
02-10-11,OWNER SUR,OTC,DOG,S,0,1,8,NORMAL,RAT TERRIER,TRICOLOR
02-10-11,OWNER SUR,OTC,DOG,S,0,1,8,NORMAL,RAT TERRIER,TRICOLOR
02-10-11,OWNER SUR,OTC,DOG,S,0,1,8,NORMAL,RAT TERRIER,TRICOLOR
02-10-11,STRAY,OTC,DOG,N,0,2,28,NORMAL,COLLIE ROUGH,BROWN
02-10-11,PUBLIC AST,SURGERY,DOG,N,0,2,1,NORMAL,PIT BULL,WHITE
02-10-11,OWNER SUR,NO SUBTYPE,DOG,N,0,2,1,NORMAL,LABRADOR RETR,WHITE
02-10-11,OWNER SUR,NO SUBTYPE,DOG,S,0,2,1,NORMAL,BEAGLE,BLACK
02-10-11,OWNER SUR,NO SUBTYPE,DOG,S,0,2,1,NORMAL,BEAGLE,WHITE
02-10-11,OWNER SUR,NO SUBTYPE,DOG,N,0,2,1,NORMAL,BEAGLE,BLACK
02-10-11,OWNER SUR,NO SUBTYPE,DOG,N,0,2,1,NORMAL,BEAGLE,TAN
02-10-11,OWNER SUR,NO SUBTYPE,DOG,N,0,2,1,NORMAL,BEAGLE,BLACK
02-10-11,OWNER SUR,NO SUBTYPE,DOG,S,0,3,14,NORMAL,BEAGLE,WHITE
02-10-11,OWNER SUR,NO SUBTYPE,DOG,N,0,3,14,NORMAL,BEAGLE,WHITE
02-10-11,OWNER SUR,OTC,DOG,S,0,3,16,NORMAL,LABRADOR RETR,BLACK
02-10-11,STRAY,FIELD,DOG,N,0,3,27,NORMAL,DACHSHUND,BR BRINDLE
02-10-11,STRAY,OTC,CAT,S,0,4,27,SICK,DOMESTIC SH,BLACK
02-10-11,STRAY,FIELD,DOG,N,0,6,28,NORMAL,BASSET HOUND,TRICOLOR
02-10-11,STRAY,FIELD,DOG,N,1,8,28,NORMAL,GERM SHEPHERD,TRICOLOR
02-10-11,OWNER SUR,RETURN,DOG,S,1,10,24,NORMAL,PIT BULL,WHITE
02-10-11,OWNER SUR,OTC,CAT,S,1,10,9,NORMAL,DOMESTIC SH,BLACK
02-10-11,STRAY,OTC,DOG,N,2,0,27,NORMAL,GREAT PYRENEES,WHITE
02-10-11,STRAY,FIELD,DOG,S,1,0,0,NORMAL,CHIHUAHUA SH,BROWN
02-10-11,OWNER SUR,OTC,DOG,S,1,0,0,NORMAL,CHIHUAHUA SH,BROWN
02-10-11,STRAY,OTC,DOG,S,1,6,28,INJURED,MANCHESTER TERR,BLACK
02-10-11,STRAY,FIELD,DOG,N,2,11,23,NORMAL,QUEENSLAND HEEL,BLACK
02-10-11,STRAY,OTC,DOG,S,3,0,26,NORMAL,AUST CATTLE DOG,TAN
02-10-11,OWNER SUR,OTC,DOG,N,2,0,0,NORMAL,POODLE TOY,WHITE
02-10-11,OWNER SUR,OTC,DOG,M,3,0,1,NORMAL,STAFFORDSHIRE,BROWN
02-10-11,STRAY,FIELD,DOG,S,3,0,1,NORMAL,LHASA APSO,BLACK
02-10-11,PUBLIC AST,QUARANTINE,CAT,N,3,0,1,NORMAL,DOMESTIC SH,WHITE
02-10-11,OWNER SUR,NO SUBTYPE,DOG,S,3,0,1,NORMAL,BEAGLE,BLACK
02-10-11,PUBLIC AST,QUARANTINE,CAT,N,3,0,1,NORMAL,DOMESTIC SH,BRN TABBY
02-10-11,STRAY,OTC,DOG,N,3,4,3,NORMAL,LABRADOR RETR,BLACK
02-10-11,PUBLIC AST,EMERGENCY,DOG,N,3,5,23,INJURED,AMER BULLDOG,TAN
02-10-11,OWNER SUR,FIELD,DOG,N,5,0,17,INJURED,SILKY TERRIER,BLACK
02-10-11,STRAY,OTC,DOG,M,4,0,1,NORMAL,LABRADOR RETR,BLACK
02-10-11,STRAY,OTC,DOG,S,4,0,1,NORMAL,GREAT PYRENEES,WHITE
02-10-11,PUBLIC AST,EMERGENCY,CAT,N,6,0,25,INJURED,DOMESTIC SH,LILAC PT
02-10-11,OWNER SUR,OTC,DOG,M,6,0,1,NORMAL,LABRADOR RETR,BLACK
02-10-11,STRAY,OTC,DOG,S,6,0,1,NORMAL,GREAT PYRENEES,WHITE
02-10-11,STRAY,OTC,CAT,N,7,2,10,NORMAL,DOMESTIC SH,BRN TABBY
02-10-11,OWNER SUR,OTC,CAT,S,9,0,28,NORMAL,DOMESTIC SH,CALICO
02-10-11,OWNER SUR,OTC,CAT,N,9,0,29,NORMAL,DOMESTIC SH,ORG TABBY
02-10-11,STRAY,FIELD,DOG,S,8,0,2,NORMAL,CHIHUAHUA SH,BROWN
02-10-11,OWNER SUR,OTC,CAT,N,8,0,2,NORMAL,DOMESTIC SH,BLUE
02-10-11,OWNER SUR,OTC,DOG,N,9,0,2,NORMAL,CHIHUAHUA LH,TRICOLOR
02-10-11,OWNER SUR,OTC,CAT,N,11,0,20,NORMAL,SIAMESE,FLAME PT
02-10-11,PUBLIC AST,QUARANTINE,CAT,N,11,0,28,NORMAL,DOMESTIC SH,BRN TABBY
02-10-11,OWNER SUR,OTC,CAT,S,13,0,3,NORMAL,DOMESTIC SH,TORTIE
02-10-11,STRAY,OTC,CAT,N,13,0,3,SICK,DOMESTIC SH,BRN TABBY
02-11-11,STRAY,OTC,DOG,N,0,1,10,NORMAL,LABRADOR RETR,BROWN
02-11-11,STRAY,OTC,DOG,N,0,2,29,NORMAL,LABRADOR RETR,TAN
02-11-11,STRAY,OTC,DOG,S,0,3,19,NORMAL,ENG COONHOUND,RED TICK
02-11-11,OWNER SUR,RETURN,DOG,S,0,3,3,NORMAL,PIT BULL,BROWN
02-11-11,STRAY,OTC,CAT,S,0,4,28,NORMAL,DOMESTIC SH,BRN TABBY
02-11-11,STRAY,OTC,DOG,N,0,5,20,NORMAL,LABRADOR RETR,BUFF
02-11-11,OWNER SUR,OTC,DOG,S,0,5,22,NORMAL,CATAHOULA,BLACK
02-11-11,OWNER SUR,OTC,DOG,S,0,5,29,NORMAL,CATAHOULA,BLUE MERLE
02-11-11,OWNER SUR,OTC,DOG,S,1,0,0,NORMAL,VIZSLA,BUFF
02-11-11,STRAY,OTC,CAT,S,1,0,0,SICK,DOMESTIC MH,BLACK
02-11-11,STRAY,OTC,CAT,F,1,0,0,SICK,DOMESTIC SH,BLUE TABBY
02-11-11,STRAY,OTC,DOG,S,2,0,0,NORMAL,PIT BULL,BR BRINDLE
02-11-11,STRAY,FIELD,DOG,N,2,0,0,SICK,PIT BULL,RED
02-11-11,STRAY,FIELD,DOG,S,2,0,0,NORMAL,PIT BULL,WHITE
02-11-11,STRAY,EMERG CLC,CAT,M,2,0,0,INJURED,DOMESTIC SH,BLACK
02-11-11,STRAY,OTC,DOG,N,3,6,2,NORMAL,CHIHUAHUA LH,TAN
02-11-11,STRAY,OTC,CAT,S,3,6,2,NORMAL,DOMESTIC SH,CRM TABBY
02-11-11,STRAY,FIELD,DOG,S,4,0,28,NORMAL,LABRADOR RETR,RED
02-11-11,STRAY,OTC,DOG,S,3,2,9,NORMAL,LABRADOR RETR,YELLOW
02-11-11,OWNER SUR,OTC,DOG,S,4,0,1,NORMAL,CATAHOULA,RED MERLE
02-11-11,STRAY,OTC,DOG,N,5,9,0,NORMAL,LABRADOR RETR,BLACK
02-11-11,OWNER SUR,OTC,CAT,S,5,0,1,NORMAL,DOMESTIC SH,BLUE
02-11-11,STRAY,FIELD,DOG,S,6,3,3,NORMAL,ROTTWEILER,BLACK
02-11-11,STRAY,OTC,DOG,N,9,0,29,NORMAL,CHIHUAHUA SH,TAN
02-11-11,STRAY,EMERG CLC,CAT,S,8,0,2,SICK,DOMESTIC SH,BLACK
02-11-11,STRAY,OTC,CAT,S,8,0,2,NORMAL,DOMESTIC LH,BLACK
02-11-11,OWNER SUR,OTC,CAT,S,10,0,29,NORMAL,DOMESTIC SH,ORG TABBY
02-11-11,OWNER SUR,OTC,CAT,S,14,0,3,NORMAL,DOMESTIC SH,ORG TABBY
02-12-11,STRAY,OTC,DOG,S,0,2,12,NORMAL,RHOD RIDGEBACK,RED
02-12-11,OWNER SUR,OTC,DOG,S,0,5,1,NORMAL,POODLE MIN,BUFF
02-12-11,STRAY,FIELD,DOG,S,1,7,2,NORMAL,GOLDEN RETR,RED
02-12-11,STRAY,FIELD,DOG,S,1,10,3,NORMAL,FRENCH BULLDOG,BR BRINDLE
02-12-11,STRAY,OTC,DOG,N,2,0,27,NORMAL,CHOW CHOW,TAN
02-12-11,PUBLIC AST,QUARANTINE,CAT,N,1,0,0,NORMAL,DOMESTIC SH,BLACK
02-12-11,STRAY,OTC,CAT,N,1,0,0,NORMAL,DOMESTIC SH,BLK TABBY
02-12-11,STRAY,FIELD,CAT,M,1,0,0,INJURED,DOMESTIC LH,BLUE TABBY
02-12-11,STRAY,FIELD,DOG,N,1,4,22,NORMAL,SIBERIAN HUSKY,CREAM
02-12-11,OWNER SUR,OTC,DOG,S,1,5,8,NORMAL,LABRADOR RETR,CREAM
02-12-11,STRAY,OTC,CAT,S,1,6,28,NORMAL,DOMESTIC SH,BLACK
02-12-11,OWNER SUR,OTC,DOG,S,1,6,28,NORMAL,GERM SHEPHERD,RED
02-12-11,OWNER SUR,OTC,CAT,N,1,6,28,NORMAL,DOMESTIC SH,BLUE
02-12-11,STRAY,OTC,DOG,M,2,6,2,NORMAL,BOXER,WHITE
02-12-11,STRAY,OTC,DOG,N,2,7,26,NORMAL,POINTER,BLACK
02-12-11,PUBLIC AST,QUARANTINE,DOG,N,2,9,22,NORMAL,LABRADOR RETR,BLACK
02-12-11,STRAY,FIELD,DOG,N,2,0,0,NORMAL,RAT TERRIER,WHITE
02-12-11,STRAY,OTC,DOG,S,2,0,0,NORMAL,RAT TERRIER,TRICOLOR
02-12-11,STRAY,FIELD,DOG,N,2,0,0,INJURED,LHASA APSO,TAN
02-12-11,PUBLIC AST,INVESTIGAT,DOG,S,2,0,0,INJURED,SHIH TZU,BLACK
02-12-11,PUBLIC AST,QUARANTINE,DOG,N,2,4,25,NORMAL,LABRADOR RETR,CREAM
02-12-11,OWNER SUR,OTC,CAT,S,2,6,28,NORMAL,DOMESTIC MH,BLACK
02-12-11,STRAY,OTC,DOG,F,3,6,2,NORMAL,PIT BULL,BLUE
02-12-11,STRAY,OTC,DOG,S,3,0,1,NORMAL,PIT BULL,RED
02-12-11,OWNER SUR,OTC,CAT,N,3,0,1,NORMAL,SIAMESE,BLUE PT
02-12-11,OWNER SUR,OTC,CAT,S,3,0,1,NORMAL,DOMESTIC SH,CALICO
02-12-11,PUBLIC AST,QUARANTINE,DOG,S,3,0,1,NORMAL,BORDER COLLIE,CREAM
02-12-11,STRAY,OTC,DOG,N,4,0,1,NORMAL,LABRADOR RETR,BLACK
02-12-11,STRAY,OTC,DOG,M,5,10,9,NORMAL,LABRADOR RETR,CHOCOLATE
02-12-11,STRAY,OTC,DOG,S,5,0,1,NORMAL,POODLE STND,BLACK
02-12-11,PUBLIC AST,QUARANTINE,DOG,M,5,0,1,NORMAL,PIT BULL,WHITE
02-12-11,OWNER SUR,OTC,DOG,S,5,0,8,NORMAL,CATAHOULA,RED MERLE
02-12-11,OWNER SUR,OTC,DOG,M,6,0,1,NORMAL,PIT BULL,FAWN
02-12-11,STRAY,OTC,CAT,N,6,0,1,INJURED,DOMESTIC SH,ORG TABBY
02-12-11,OWNER SUR,OTC,CAT,S,6,0,1,NORMAL,BIRMAN,TORTIE PT
02-12-11,STRAY,OTC,DOG,N,6,0,1,NORMAL,LABRADOR RETR,BLACK
02-12-11,OWNER SUR,OTC,CAT,N,6,3,6,NORMAL,DOMESTIC SH,BRN TABBY
02-12-11,OWNER SUR,OTC,CAT,S,8,0,0,NORMAL,DOMESTIC LH,WHITE
02-12-11,STRAY,FIELD,DOG,N,9,0,29,NORMAL,GERM SHEPHERD,TAN
02-12-11,STRAY,OTC,CAT,S,8,0,2,SICK,BIRMAN,FAWN
02-12-11,STRAY,OTC,DOG,S,8,0,2,NORMAL,CHIHUAHUA SH,TAN
02-12-11,STRAY,OTC,CAT,S,8,0,2,SICK,BIRMAN,CALICO PT
02-12-11,OWNER SUR,OTC,DOG,S,8,0,2,NORMAL,SCHNAUZER MIN,BLACK
02-12-11,STRAY,OTC,DOG,S,8,0,2,NORMAL,YORKSHIRE TERR,GOLD
02-12-11,OWNER SUR,OTC,DOG,S,9,10,6,NORMAL,CATAHOULA,BRN MERLE
02/13/2011,OWNER SUR,OTC,CAT,N,0,1,4,NORMAL,DOMESTIC SH,ORG TABBY
02/13/2011,OWNER SUR,OTC,CAT,S,0,1,4,NORMAL,DOMESTIC SH,TORTIE PT
02/13/2011,OWNER SUR,OTC,CAT,S,0,1,4,NORMAL,DOMESTIC SH,TORTIE
02/13/2011,OWNER SUR,OTC,CAT,M,0,1,4,NORMAL,SNOWSHOE,WHITE
02/13/2011,PUBLIC AST,OIJ,DOG,S,0,2,20,NORMAL,PIT BULL,RED
02/13/2011,STRAY,OTC,DOG,N,0,2,7,NORMAL,LABRADOR RETR,TAN
02/13/2011,STRAY,OTC,DOG,S,0,4,29,NORMAL,BORDER COLLIE,BLACK
02/13/2011,OWNER SUR,OTC,DOG,N,0,4,2,SICK,YORKSHIRE TERR,BLACK
02/13/2011,STRAY,FIELD,DOG,N,0,5,1,INJURED,ALASK MALAMUTE,BLACK
02/13/2011,OWNER SUR,OTC,CAT,N,0,5,1,NORMAL,DOMESTIC MH,BLACK
02/13/2011,STRAY,OTC,DOG,S,2,0,24,NORMAL,STAFFORDSHIRE,BLUE
02/13/2011,STRAY,EMERG CLC,CAT,N,1,3,1,INJURED,DOMESTIC SH,BLUE TABBY
02/13/2011,STRAY,OTC,DOG,N,2,6,2,NORMAL,KUVASZ,WHITE
02/13/2011,STRAY,OTC,DOG,S,2,6,2,OTHER,PIT BULL,TAN
02/13/2011,STRAY,OTC,DOG,N,2,11,24,NORMAL,CHIHUAHUA SH,WHITE
02/13/2011,STRAY,OTC,DOG,N,2,0,0,NORMAL,ROTTWEILER,BLACK
02/13/2011,STRAY,OTC,DOG,S,2,0,0,NORMAL,GERM SHEPHERD,BLACK
02/13/2011,STRAY,OTC,DOG,N,2,0,0,NORMAL,GERM SHEPHERD,BLACK
02/13/2011,STRAY,OTC,DOG,S,2,0,0,NORMAL,CHIHUAHUA SH,BROWN
02/13/2011,STRAY,FIELD,DOG,S,2,0,0,NORMAL,LABRADOR RETR,BLACK
02/13/2011,STRAY,OTC,DOG,S,2,4,11,NORMAL,LABRADOR RETR,BLACK
02/13/2011,OWNER SUR,OTC,CAT,S,3,6,2,NORMAL,DOMESTIC MH,TORBIE
02/13/2011,STRAY,FIELD,DOG,M,4,0,29,NORMAL,AUST CATTLE DOG,RED
02/13/2011,OWNER SUR,OTC,DOG,N,3,0,0,NORMAL,ROTTWEILER,BLACK
02/13/2011,STRAY,OTC,DOG,S,3,0,1,NORMAL,BOXER,BROWN
02/13/2011,OWNER SUR,OTC,DOG,N,3,0,1,NORMAL,POINTER,CHOCOLATE
02/13/2011,OWNER SUR,OTC,CAT,S,3,5,1,NORMAL,DOMESTIC SH,ORG TABBY
02/13/2011,EUTH REQ,NO SUBTYPE,DOG,N,4,8,13,NORMAL,PIT BULL,WHITE
02/13/2011,STRAY,OTC,DOG,N,5,0,22,NORMAL,BOXER,BR BRINDLE
02/13/2011,STRAY,OTC,DOG,N,5,0,1,NORMAL,RAT TERRIER,WHITE
02/13/2011,STRAY,OTC,DOG,N,5,0,1,NORMAL,IRISH TERRIER,BUFF
02/13/2011,STRAY,OTC,DOG,N,5,0,1,NORMAL,AUST CATTLE DOG,BLACK
02/13/2011,STRAY,OTC,DOG,N,5,6,29,NORMAL,SIBERIAN HUSKY,RED
02/13/2011,OWNER SUR,OTC,DOG,M,6,10,15,NORMAL,PIT BULL,BLUE
02/13/2011,STRAY,OTC,DOG,S,8,0,2,NORMAL,PIT BULL,WHITE
02/13/2011,STRAY,OTC,DOG,N,9,0,2,NORMAL,RAT TERRIER,WHITE
02/13/2011,OWNER SUR,OTC,DOG,N,10,9,16,NORMAL,BASSET HOUND,RED
02/13/2011,OWNER SUR,OTC,DOG,N,10,9,16,NORMAL,BASSET HOUND,RED
02/13/2011,PUBLIC AST,QUARANTINE,CAT,S,10,0,3,NORMAL,MAINE COON,BLUE
02/13/2011,STRAY,FIELD,DOG,N,14,0,2,NORMAL,LABRADOR RETR,GOLD
02/14/2011,OWNER SUR,OTC,DOG,N,0,1,1,NORMAL,CHIHUAHUA SH,BLACK
02/14/2011,OWNER SUR,OTC,DOG,M,0,1,1,NORMAL,CHIHUAHUA SH,BLACK
02/14/2011,OWNER SUR,OTC,DOG,S,0,1,1,NORMAL,CHIHUAHUA SH,BLACK
02/14/2011,STRAY,OTC,CAT,N,0,2,16,NORMAL,DOMESTIC SH,BLUE
02/14/2011,OWNER SUR,OTC,DOG,S,0,4,14,SICK,CHIHUAHUA SH,BLACK
02/14/2011,STRAY,OTC,DOG,N,0,4,16,NORMAL,CHIHUAHUA SH,BLACK
02/14/2011,OWNER SUR,OTC,CAT,S,0,4,2,NORMAL,SNOWSHOE,SEAL PT
02/14/2011,OWNER SUR,OTC,CAT,S,0,4,2,NORMAL,DOMESTIC SH,WHITE
02/14/2011,STRAY,OTC,DOG,N,1,7,3,NORMAL,DACHSHUND,BLACK
02/14/2011,OWNER SUR,OTC,DOG,N,1,9,1,NORMAL,CHIHUAHUA SH,SABLE
02/14/2011,OWNER SUR,OTC,DOG,M,1,9,3,NORMAL,ROTTWEILER,TRICOLOR
02/14/2011,STRAY,FIELD,DOG,S,1,10,29,NORMAL,BOXER,BROWN
02/14/2011,STRAY,OTC,CAT,N,1,10,29,NORMAL,DOMESTIC SH,BLACK
02/14/2011,STRAY,FIELD,DOG,N,1,10,3,NORMAL,PLOTT HOUND,BR BRINDLE
02/14/2011,STRAY,OTC,DOG,F,1,10,3,NORMAL,LABRADOR RETR,BUFF
02/14/2011,STRAY,OTC,DOG,S,1,0,0,NORMAL,ENG COCKER SPAN,BLACK
02/14/2011,STRAY,OTC,DOG,N,1,0,0,NORMAL,COCKER SPAN,BLACK
02/14/2011,OWNER SUR,OTC,DOG,S,1,0,0,NORMAL,CHIHUAHUA SH,TAN
02/14/2011,STRAY,OTC,DOG,N,1,0,0,NORMAL,POINTER,BLACK
02/14/2011,STRAY,FIELD,DOG,N,1,0,0,NORMAL,POODLE MIN,WHITE
02/14/2011,STRAY,FIELD,DOG,N,3,0,26,INJURED,CHIHUAHUA SH,BROWN
02/14/2011,OWNER SUR,OTC,DOG,S,2,0,0,NORMAL,CHIHUAHUA SH,BLACK
02/14/2011,OWNER SUR,OTC,DOG,S,2,2,8,NORMAL,LABRADOR RETR,TAN
02/14/2011,STRAY,FIELD,DOG,F,3,6,2,SICK,PIT BULL,WHITE
02/14/2011,OWNER SUR,OTC,CAT,N,3,0,1,NORMAL,DOMESTIC SH,WHITE
02/14/2011,STRAY,OTC,DOG,S,3,0,1,NORMAL,CAIRN TERRIER,BLACK
02/14/2011,STRAY,FIELD,DOG,N,3,0,1,NORMAL,BOXER,BROWN
02/14/2011,STRAY,FIELD,DOG,S,4,7,19,NORMAL,PIT BULL,BLUE
02/14/2011,OWNER SUR,OTC,DOG,N,5,0,0,NORMAL,LABRADOR RETR,TAN
02/14/2011,OWNER SUR,OTC,CAT,S,4,0,1,NORMAL,DOMESTIC SH,WHITE
02/14/2011,PUBLIC AST,INVESTIGAT,DOG,S,4,0,1,NORMAL,AUST CATTLE DOG,BLUE TICK
02/14/2011,OWNER SUR,OTC,CAT,N,4,0,1,NORMAL,DOMESTIC SH,ORG TABBY
02/14/2011,OWNER SUR,OTC,DOG,N,4,0,1,SICK,AMER BULLDOG,WHITE
02/14/2011,OWNER SUR,OTC,CAT,N,4,2,26,SICK,DOMESTIC SH,BLACK
02/14/2011,PUBLIC AST,QUARANTINE,DOG,N,4,4,11,NORMAL,PIT BULL,WHITE
02/14/2011,OWNER SUR,OTC,CAT,N,7,0,27,NORMAL,DOMESTIC SH,WHITE
02/14/2011,STRAY,FIELD,DOG,N,8,0,24,NORMAL,ROTTWEILER,BR BRINDLE
02/14/2011,STRAY,FIELD,DOG,S,8,0,24,NORMAL,ROTTWEILER,TRICOLOR
02/14/2011,STRAY,FIELD,DOG,N,7,1,21,NORMAL,AUST SHEPHERD,RED
02/14/2011,OWNER SUR,OTC,CAT,S,8,1,16,SICK,DOMESTIC SH,BRN TABBY
02/14/2011,STRAY,OTC,DOG,F,10,0,2,NORMAL,GOLDEN RETR,GOLD
02/15/2011,STRAY,OTC,DOG,S,0,1,7,NORMAL,LABRADOR RETR,BLACK
02/15/2011,OWNER SUR,RETURN,DOG,S,0,3,22,NORMAL,HARRIER,BROWN
02/15/2011,OWNER SUR,OTC,DOG,N,0,4,2,SICK,PIT BULL,BLUE
02/15/2011,STRAY,OTC,DOG,N,0,4,2,NORMAL,TIBETAN SPAN,RED
02/15/2011,STRAY,OTC,DOG,S,0,5,1,NORMAL,CHIHUAHUA SH,WHITE
02/15/2011,OWNER SUR,FIELD,DOG,N,0,6,0,NORMAL,GERM SHEPHERD,BROWN
02/15/2011,OWNER SUR,FIELD,DOG,N,1,6,2,NORMAL,LABRADOR RETR,BLACK
02/15/2011,STRAY,EMERG CLC,CAT,S,1,7,3,SICK,DOMESTIC SH,BLUE
02/15/2011,OWNER SUR,OTC,CAT,S,1,10,29,SICK,DOMESTIC LH,CALICO
02/15/2011,STRAY,OTC,DOG,N,1,0,8,NORMAL,MIN PINSCHER,BLACK
02/15/2011,OWNER SUR,RETURN,DOG,S,1,0,11,SICK,MIN PINSCHER,BLACK
02/15/2011,OWNER SUR,OTC,CAT,N,1,2,6,NORMAL,DOMESTIC SH,WHITE
02/15/2011,STRAY,OTC,DOG,S,1,5,16,NORMAL,IRISH TERRIER,TAN
02/15/2011,PUBLIC AST,QUARANTINE,DOG,S,2,6,2,NORMAL,CHIHUAHUA SH,BROWN
02/15/2011,STRAY,FIELD,CAT,U,2,6,2,SICK,DOMESTIC SH,BRN TABBY
02/15/2011,STRAY,OTC,DOG,S,2,0,0,NORMAL,DACHSHUND WH,TAN
02/15/2011,STRAY,FIELD,DOG,N,2,0,0,NORMAL,CHIHUAHUA SH,RED
02/15/2011,PUBLIC AST,INVESTIGAT,DOG,M,2,0,0,NORMAL,PIT BULL,GOLD
02/15/2011,OWNER SUR,OTC,DOG,N,2,0,0,NORMAL,BASENJI,TAN
02/15/2011,OWNER SUR,OTC,DOG,N,2,6,0,NORMAL,PIT BULL,BROWN
02/15/2011,OWNER SUR,OTC,DOG,S,2,6,0,NORMAL,PIT BULL,CHOCOLATE
02/15/2011,STRAY,OTC,DOG,N,5,7,9,NORMAL,LABRADOR RETR,BLACK
02/15/2011,OWNER SUR,OTC,DOG,N,6,0,27,NORMAL,GREAT PYRENEES,WHITE
02/15/2011,STRAY,OTC,DOG,N,6,6,2,NORMAL,LABRADOR RETR,BLACK
02/15/2011,OWNER SUR,OTC,DOG,N,6,0,1,NORMAL,BULLMASTIFF,BROWN
02/15/2011,STRAY,OTC,DOG,S,7,0,3,NORMAL,BOSTON TERRIER,WHITE
02/15/2011,STRAY,FIELD,DOG,S,9,0,29,SICK,NEAPOLITAN MAST,BLACK
02/15/2011,STRAY,FIELD,DOG,N,8,0,2,NORMAL,GERM SHEPHERD,BLACK
02/16/2011,OWNER SUR,OTC,DOG,S,0,2,16,NORMAL,DACHSHUND,CHOCOLATE
02/16/2011,OWNER SUR,OTC,DOG,N,0,2,16,NORMAL,LABRADOR RETR,CHOCOLATE
02/16/2011,OWNER SUR,OTC,DOG,S,0,2,16,NORMAL,LABRADOR RETR,BLACK
02/16/2011,OWNER SUR,OTC,DOG,S,0,2,16,NORMAL,LABRADOR RETR,BLACK
02/16/2011,OWNER SUR,OTC,CAT,N,0,2,20,NORMAL,DOMESTIC SH,BRN TABBY
02/16/2011,STRAY,FIELD,DOG,S,0,2,28,OTHER,LABRADOR RETR,BLACK
02/16/2011,STRAY,FIELD,DOG,N,0,2,1,NORMAL,BEAGLE,WHITE
02/16/2011,STRAY,OTC,DOG,N,0,2,1,NORMAL,COLLIE SMOOTH,TAN
02/16/2011,OWNER SUR,OTC,CAT,N,0,2,8,NORMAL,MAINE COON,BRN TABBY
02/16/2011,OWNER SUR,OTC,DOG,N,0,3,1,NORMAL,CHIHUAHUA SH,BLACK
02/16/2011,STRAY,FIELD,CAT,N,0,3,4,NORMAL,DOMESTIC SH,BLACK
02/16/2011,STRAY,FIELD,CAT,N,0,3,4,NORMAL,DOMESTIC SH,BLACK
02/16/2011,STRAY,FIELD,CAT,S,0,3,4,NORMAL,DOMESTIC SH,BLACK
02/16/2011,PUBLIC AST,QUARANTINE,DOG,M,0,4,16,NORMAL,CHOW CHOW,RED
02/16/2011,STRAY,FIELD,CAT,S,0,4,19,NORMAL,DOMESTIC SH,TORTIE
02/16/2011,STRAY,OTC,DOG,S,0,4,2,NORMAL,BASENJI,TRICOLOR
02/16/2011,OWNER SUR,OTC,DOG,S,0,5,16,NORMAL,WELSH CORGI CAR,BLUE TICK
02/16/2011,OWNER SUR,OTC,DOG,S,0,5,16,NORMAL,WELSH CORGI CAR,WHITE
02/16/2011,OWNER SUR,OTC,DOG,S,0,5,16,NORMAL,WELSH CORGI CAR,TRICOLOR
02/16/2011,OWNER SUR,OTC,DOG,N,0,5,16,NORMAL,WELSH CORGI CAR,TRICOLOR
02/16/2011,OWNER SUR,RETURN,DOG,N,0,5,10,NORMAL,ALASK MALAMUTE,BLACK
02/16/2011,OWNER SUR,FIELD,DOG,S,1,7,5,NORMAL,PIT BULL,FAWN
02/16/2011,OWNER SUR,OTC,DOG,N,1,9,3,NORMAL,DACHSHUND,BROWN
02/16/2011,STRAY,OTC,DOG,S,1,10,29,NORMAL,RAT TERRIER,TRICOLOR
02/16/2011,OWNER SUR,OTC,CAT,N,1,10,1,NORMAL,DOMESTIC MH,BLACK
02/16/2011,STRAY,OTC,DOG,N,1,10,3,NORMAL,HAVANESE,CREAM
02/16/2011,STRAY,OTC,CAT,S,2,6,2,NORMAL,DOMESTIC SH,CALICO
02/16/2011,STRAY,OTC,DOG,N,2,6,2,NORMAL,BOXER,BR BRINDLE
02/16/2011,STRAY,FIELD,CAT,N,2,0,0,INJURED,SNOWSHOE,SEAL PT
02/16/2011,STRAY,OTC,DOG,N,2,0,0,NORMAL,AMERICAN STAFF,RED
02/16/2011,OWNER SUR,OTC,CAT,U,2,0,0,NORMAL,DOMESTIC MH,BLACK
02/16/2011,OWNER SUR,OTC,CAT,U,2,0,0,NORMAL,DOMESTIC SH,ORG TABBY
02/16/2011,PUBLIC AST,QUARANTINE,DOG,S,3,6,2,NORMAL,PIT BULL,BR BRINDLE
02/16/2011,STRAY,FIELD,DOG,M,3,6,2,NORMAL,ROTTWEILER,BLACK
02/16/2011,STRAY,OTC,DOG,N,4,0,27,NORMAL,DACHSHUND,RED
02/16/2011,STRAY,OTC,CAT,S,3,0,1,NORMAL,DOMESTIC SH,CALICO
02/16/2011,STRAY,OTC,DOG,S,3,0,1,NORMAL,POODLE STND,BUFF
02/16/2011,STRAY,FIELD,DOG,N,4,10,28,NORMAL,ANATOL SHEPHERD,TAN
02/16/2011,OWNER SUR,OTC,DOG,S,8,0,2,NORMAL,BOXER,TAN
02/16/2011,STRAY,OTC,CAT,N,11,0,28,NORMAL,SNOWSHOE,SEAL PT
02/17/2011,OWNER SUR,FIELD,DOG,S,0,1,9,NORMAL,GREAT PYRENEES,BROWN
02/17/2011,OWNER SUR,FIELD,DOG,N,0,1,9,NORMAL,GREAT PYRENEES,BROWN
02/17/2011,OWNER SUR,FIELD,DOG,S,0,1,9,NORMAL,GERM SHEPHERD,TAN
02/17/2011,OWNER SUR,FIELD,DOG,S,0,2,16,NORMAL,GERM SHEPHERD,BROWN
02/17/2011,STRAY,OTC,DOG,N,0,2,16,NORMAL,CATAHOULA,BROWN
02/17/2011,OWNER SUR,FIELD,DOG,S,0,2,16,NORMAL,GERM SHEPHERD,BROWN
02/17/2011,OWNER SUR,FIELD,DOG,N,0,2,16,NORMAL,GERM SHEPHERD,BROWN
02/17/2011,OWNER SUR,FIELD,DOG,S,0,2,16,NORMAL,GERM SHEPHERD,TAN
02/17/2011,OWNER SUR,FIELD,DOG,N,0,2,25,NORMAL,GREAT PYRENEES,BLACK
02/17/2011,OWNER SUR,FIELD,DOG,S,0,2,25,NORMAL,NEWFOUNDLAND,BLACK
02/17/2011,PUBLIC AST,QUARANTINE,CAT,S,0,2,0,NORMAL,TURKISH ANGORA,WHITE
02/17/2011,STRAY,OTC,DOG,N,0,2,1,NORMAL,DACHSHUND WH,TAN
02/17/2011,STRAY,FIELD,DOG,N,0,2,3,NORMAL,LABRADOR RETR,TAN
02/17/2011,STRAY,OTC,DOG,N,0,2,13,NORMAL,DACHSHUND WH,TAN
02/17/2011,OWNER SUR,OTC,DOG,S,0,3,14,NORMAL,JACK RUSS TERR,WHITE
02/17/2011,OWNER SUR,OTC,DOG,N,0,3,14,NORMAL,JACK RUSS TERR,WHITE
02/17/2011,PUBLIC AST,QUARANTINE,CAT,S,0,3,16,NORMAL,TURKISH ANGORA,WHITE
02/17/2011,STRAY,OTC,DOG,S,0,3,26,NORMAL,LABRADOR RETR,BLACK
02/17/2011,OWNER SUR,OTC,DOG,S,0,4,16,NORMAL,POODLE STND,WHITE
02/17/2011,STRAY,FIELD,DOG,N,0,6,21,NORMAL,POINTER,WHITE
02/17/2011,STRAY,OTC,DOG,S,1,6,2,NORMAL,LABRADOR RETR,BROWN
02/17/2011,OWNER SUR,FIELD,DOG,N,1,6,2,NORMAL,AUST SHEPHERD,BROWN
02/17/2011,OWNER SUR,FIELD,DOG,N,1,6,2,NORMAL,AUST SHEPHERD,BLACK
02/17/2011,OWNER SUR,FIELD,DOG,N,1,6,2,INJURED,AUST SHEPHERD,BLACK
02/17/2011,STRAY,FIELD,DOG,S,1,6,2,NORMAL,LABRADOR RETR,YELLOW
02/17/2011,STRAY,OTC,DOG,S,1,9,29,NORMAL,BEAGLE,TRICOLOR
02/17/2011,STRAY,EMERG CLC,DOG,N,1,10,25,INJURED,CHIHUAHUA LH,CHOCOLATE
02/17/2011,STRAY,OTC,CAT,N,1,10,28,NORMAL,DOMESTIC SH,CRM TABBY
02/17/2011,STRAY,OTC,CAT,S,1,11,0,NORMAL,DOMESTIC SH,BRN TABBY
02/17/2011,OWNER SUR,OTC,CAT,S,1,11,20,NORMAL,DOMESTIC SH,BRN TABBY
02/17/2011,OWNER SUR,OTC,DOG,F,1,11,3,SICK,CHIHUAHUA SH,TAN
02/17/2011,STRAY,FIELD,DOG,N,2,0,28,NORMAL,DACHSHUND,BLACK
02/17/2011,STRAY,OTC,DOG,M,1,0,0,NORMAL,PIT BULL,BR BRINDLE
02/17/2011,STRAY,FIELD,DOG,S,1,0,0,NORMAL,GOLDEN RETR,BROWN
02/17/2011,STRAY,OTC,CAT,S,1,0,0,NORMAL,DOMESTIC SH,BRN TABBY
02/17/2011,PUBLIC AST,QUARANTINE,DOG,F,1,0,0,SICK,CHOW CHOW,BLACK
02/17/2011,STRAY,OTC,CAT,S,1,6,26,NORMAL,DOMESTIC SH,TORTIE
02/17/2011,STRAY,FIELD,DOG,S,1,6,28,NORMAL,GREAT PYRENEES,WHITE
02/17/2011,STRAY,FIELD,DOG,N,1,6,28,NORMAL,GREAT PYRENEES,WHITE
02/17/2011,OWNER SUR,OTC,DOG,N,2,3,28,NORMAL,CHIHUAHUA SH,BLACK
02/17/2011,STRAY,OTC,CAT,N,2,6,25,NORMAL,DOMESTIC SH,BLUE TABBY
02/17/2011,STRAY,FIELD,DOG,S,2,6,27,NORMAL,BORDER COLLIE,BLACK
02/17/2011,STRAY,OTC,DOG,S,2,6,28,NORMAL,CHIHUAHUA SH,BR BRINDLE
02/17/2011,STRAY,OTC,CAT,U,3,6,2,NORMAL,DOMESTIC SH,BLACK
02/17/2011,STRAY,FIELD,DOG,S,3,0,1,NORMAL,GERM SHEPHERD,TAN
02/17/2011,STRAY,OTC,DOG,S,3,1,24,NORMAL,WEIMARANER,BLUE
02/17/2011,OWNER SUR,OTC,DOG,S,4,8,24,OTHER,TIBETAN TERR,WHITE
02/17/2011,OWNER SUR,OTC,CAT,S,4,0,1,NORMAL,SNOWSHOE,CALICO PT
02/17/2011,STRAY,FIELD,DOG,S,5,6,3,NORMAL,GERM SHEPHERD,BROWN
02/17/2011,PUBLIC AST,EMERGENCY,DOG,N,5,6,6,NORMAL,CHIHUAHUA SH,BLACK
02/17/2011,STRAY,FIELD,DOG,S,5,0,1,NORMAL,PIT BULL,BR BRINDLE
02/17/2011,STRAY,OTC,DOG,S,10,0,25,NORMAL,MALTESE,WHITE
02/17/2011,STRAY,FIELD,DOG,N,10,7,5,NORMAL,CHIHUAHUA SH,GOLD
02/17/2011,STRAY,OTC,CAT,S,10,0,2,NORMAL,DOMESTIC SH,BRN TABBY
02/17/2011,STRAY,FIELD,DOG,S,11,3,27,NORMAL,CHINESE SHARPEI,BROWN
02/17/2011,PUBLIC AST,QUARANTINE,DOG,S,15,0,5,NORMAL,WHIPPET,BLACK
02/18/2011,STRAY,OTC,DOG,N,0,2,25,NORMAL,PIT BULL,WHITE
02/18/2011,STRAY,OTC,DOG,S,0,2,25,NORMAL,BLACK MOUTH CUR,BROWN
02/18/2011,STRAY,OTC,DOG,N,0,2,25,NORMAL,CHESA BAY RETR,BROWN
02/18/2011,STRAY,OTC,DOG,S,0,2,25,NORMAL,BLACK MOUTH CUR,BROWN
02/18/2011,STRAY,OTC,DOG,N,0,2,25,NORMAL,BLACK MOUTH CUR,BROWN
02/18/2011,STRAY,OTC,DOG,N,0,2,25,NORMAL,IRISH TERRIER,BROWN
02/18/2011,STRAY,OTC,DOG,N,0,2,25,NORMAL,CHESA BAY RETR,BROWN
02/18/2011,OWNER SUR,OTC,CAT,S,0,2,1,NORMAL,DOMESTIC MH,BLACK
02/18/2011,STRAY,OTC,CAT,N,0,5,1,NORMAL,DOMESTIC SH,BLACK
02/18/2011,STRAY,EMERG CLC,CAT,F,1,6,2,INJURED,DOMESTIC SH,GRAY
02/18/2011,STRAY,OTC,DOG,N,1,10,3,NORMAL,CHIHUAHUA SH,BROWN
02/18/2011,STRAY,OTC,CAT,F,1,10,3,NORMAL,DOMESTIC MH,BLACK
02/18/2011,OWNER SUR,OTC,DOG,N,2,0,29,NORMAL,LABRADOR RETR,BLACK
02/18/2011,PUBLIC AST,QUARANTINE,CAT,N,2,0,29,NORMAL,DOMESTIC MH,ORG TABBY
02/18/2011,STRAY,FIELD,DOG,F,1,0,0,INJURED,PIT BULL,CHOCOLATE
02/18/2011,OWNER SUR,OTC,CAT,S,1,0,0,NORMAL,DOMESTIC LH,BRN TABBY
02/18/2011,STRAY,OTC,DOG,N,1,0,0,NORMAL,AUST SHEPHERD,TRICOLOR
02/18/2011,STRAY,OTC,DOG,N,1,6,26,INJURED,CHIHUAHUA SH,TAN
02/18/2011,STRAY,OTC,DOG,N,1,6,27,NORMAL,DACHSHUND LH,BLACK
02/18/2011,STRAY,OTC,DOG,N,1,6,27,NORMAL,PIT BULL,WHITE
02/18/2011,OWNER SUR,OTC,DOG,M,2,6,2,NORMAL,GERM SHEPHERD,BLACK
02/18/2011,STRAY,OTC,DOG,S,2,0,0,NURSING,CATAHOULA,WHITE
02/18/2011,OWNER SUR,OTC,CAT,N,2,0,0,NORMAL,SIAMESE,SEAL PT
02/18/2011,STRAY,OTC,DOG,N,2,0,0,NORMAL,PIT BULL,TAN
02/18/2011,STRAY,OTC,DOG,S,2,0,0,NORMAL,WELSH CORGI CAR,BUFF
02/18/2011,STRAY,FIELD,DOG,S,3,6,2,NORMAL,CHIHUAHUA LH,BLACK
02/18/2011,STRAY,OTC,DOG,S,4,0,26,NORMAL,CHIHUAHUA LH,WHITE
02/18/2011,STRAY,OTC,DOG,S,3,0,1,NORMAL,PIT BULL,WHITE
02/18/2011,STRAY,OTC,DOG,S,3,0,1,NORMAL,CHIHUAHUA SH,BUFF
02/18/2011,STRAY,OTC,DOG,N,3,0,1,NORMAL,AMER BULLDOG,BL BRINDLE
02/18/2011,OWNER SUR,OTC,CAT,S,3,0,1,NORMAL,DOMESTIC SH,BLUE TABBY
02/18/2011,STRAY,FIELD,DOG,N,4,0,1,NORMAL,AMERICAN STAFF,BL BRINDLE
02/18/2011,STRAY,OTC,DOG,N,6,0,27,NORMAL,LABRADOR RETR,YELLOW
02/18/2011,OWNER SUR,OTC,DOG,N,7,0,2,NORMAL,LABRADOR RETR,TAN
02/18/2011,STRAY,OTC,DOG,N,7,0,2,NORMAL,BEAGLE,TRICOLOR
02/18/2011,STRAY,FIELD,DOG,N,8,0,2,NORMAL,LABRADOR RETR,BLACK
02/18/2011,PUBLIC AST,QUARANTINE,DOG,S,8,1,20,NORMAL,CHOW CHOW,BLACK
02/18/2011,STRAY,OTC,CAT,S,14,0,29,NORMAL,DOMESTIC SH,CALICO
02/18/2011,STRAY,FIELD,DOG,N,13,0,1,NORMAL,CHIHUAHUA LH,WHITE
02/19/2011,STRAY,OTC,DOG,N,0,1,8,NORMAL,CATAHOULA,BR BRINDLE
02/19/2011,OWNER SUR,OTC,CAT,S,0,2,1,NORMAL,DOMESTIC LH,WHITE
02/19/2011,OWNER SUR,OTC,CAT,S,0,2,1,NORMAL,DOMESTIC LH,BLACK
02/19/2011,STRAY,OTC,DOG,S,0,3,18,NORMAL,CHIHUAHUA SH,CREAM
02/19/2011,STRAY,OTC,DOG,N,0,3,18,NORMAL,AUST SHEPHERD,BROWN
02/19/2011,PUBLIC AST,QUARANTINE,DOG,S,1,6,2,NORMAL,MALTESE,WHITE
02/19/2011,OWNER SUR,OTC,DOG,N,1,7,28,NORMAL,BOXER,BR BRINDLE
02/19/2011,STRAY,OTC,CAT,N,1,8,2,NORMAL,DOMESTIC SH,BLUE
02/19/2011,STRAY,OTC,DOG,N,1,9,28,NORMAL,CAIRN TERRIER,BLACK
02/19/2011,STRAY,OTC,CAT,N,1,10,28,NORMAL,DOMESTIC SH,BLUE TABBY
02/19/2011,PUBLIC AST,QUARANTINE,CAT,S,1,11,18,NORMAL,DOMESTIC LH,CALICO
02/19/2011,STRAY,OTC,DOG,S,2,0,19,NORMAL,PIT BULL,TAN
02/19/2011,STRAY,OTC,DOG,N,2,0,26,NORMAL,GERM SHEPHERD,BUFF
02/19/2011,OWNER SUR,OTC,DOG,N,1,5,25,NORMAL,CHIHUAHUA SH,TAN
02/19/2011,STRAY,OTC,DOG,S,1,6,28,NORMAL,RAT TERRIER,BLACK
02/19/2011,STRAY,OTC,CAT,N,2,0,0,NORMAL,MUNCHKIN SH,ORG TABBY
02/19/2011,STRAY,OTC,CAT,S,2,0,0,NORMAL,PERSIAN,CALICO
02/19/2011,STRAY,FIELD,DOG,N,2,0,0,NORMAL,GERM SHEPHERD,BLACK
02/19/2011,OWNER SUR,OTC,DOG,N,2,4,16,NORMAL,LABRADOR RETR,CHOCOLATE
02/19/2011,STRAY,FIELD,DOG,N,2,6,18,NORMAL,BOXER,BLACK
02/19/2011,STRAY,OTC,DOG,S,2,6,25,NORMAL,RAT TERRIER,TRICOLOR
02/19/2011,STRAY,FIELD,DOG,S,2,6,27,NORMAL,GREAT PYRENEES,WHITE
02/19/2011,STRAY,FIELD,DOG,S,3,0,1,OTHER,PIT BULL,BLACK
02/19/2011,STRAY,FIELD,CAT,F,5,0,29,INJURED,DOMESTIC SH,BLUE
02/19/2011,STRAY,OTC,DOG,S,4,0,1,NORMAL,PEKINGESE,SABLE
02/19/2011,OWNER SUR,OTC,CAT,N,4,0,1,NORMAL,DOMESTIC SH,ORG TABBY
02/19/2011,STRAY,FIELD,DOG,N,4,2,28,NORMAL,AM PIT BULL TER,WHITE
02/19/2011,STRAY,OTC,CAT,M,5,0,1,INJURED,DOMESTIC LH,WHITE
02/19/2011,STRAY,OTC,DOG,N,5,0,1,NORMAL,BEAGLE,TRICOLOR
02/19/2011,PUBLIC AST,QUARANTINE,CAT,S,5,0,1,NORMAL,SNOWSHOE,SEAL PT
02/19/2011,OWNER SUR,OTC,DOG,N,7,0,28,OTHER,GOLDEN RETR,GOLD
02/19/2011,OWNER SUR,OTC,CAT,N,11,1,10,NORMAL,DOMESTIC SH,BLACK
02/20/2011,OWNER SUR,FIELD,DOG,N,0,1,8,NORMAL,SHIH TZU,BLACK
02/20/2011,OWNER SUR,FIELD,DOG,S,0,1,8,NORMAL,SHIH TZU,WHITE
02/20/2011,STRAY,OTC,DOG,S,0,2,13,NORMAL,LABRADOR RETR,CHOCOLATE
02/20/2011,STRAY,OTC,DOG,N,0,4,27,NORMAL,JACK RUSS TERR,WHITE
02/20/2011,STRAY,OTC,CAT,S,0,4,2,NORMAL,DOMESTIC SH,TORTIE
02/20/2011,STRAY,OTC,DOG,N,0,4,2,NORMAL,AUST CATTLE DOG,BR BRINDLE
02/20/2011,STRAY,OTC,CAT,N,0,4,2,NORMAL,DOMESTIC SH,BRN TABBY
02/20/2011,OWNER SUR,OTC,CAT,M,0,5,17,SICK,DOMESTIC LH,BLACK
02/20/2011,OWNER SUR,RETURN,DOG,S,0,5,20,NORMAL,WELSH CORGI CAR,WHITE
02/20/2011,OWNER SUR,OTC,DOG,S,1,9,3,NORMAL,FINNISH SPITZ,BROWN
02/20/2011,OWNER SUR,OTC,CAT,S,1,10,28,NORMAL,DOMESTIC SH,BLACK
02/20/2011,OWNER SUR,OTC,CAT,S,1,10,28,NORMAL,DOMESTIC SH,BLACK
02/20/2011,STRAY,OTC,DOG,S,2,0,26,NORMAL,LABRADOR RETR,CREAM
02/20/2011,PUBLIC AST,QUARANTINE,DOG,N,1,0,0,NORMAL,DACHSHUND,RED
02/20/2011,OWNER SUR,OTC,CAT,S,1,0,0,SICK,DOMESTIC LH,TORBIE
02/20/2011,OWNER SUR,OTC,CAT,S,1,0,0,NORMAL,DOMESTIC SH,BLACK
02/20/2011,OWNER SUR,OTC,CAT,S,1,0,0,NORMAL,DOMESTIC SH,BLACK
02/20/2011,STRAY,OTC,DOG,N,1,6,0,NORMAL,LABRADOR RETR,CHOCOLATE
02/20/2011,STRAY,OTC,DOG,M,2,6,2,NORMAL,BOXER,BR BRINDLE
02/20/2011,OWNER SUR,RETURN,DOG,N,2,7,14,NORMAL,NEWFOUNDLAND,BLACK
02/20/2011,STRAY,OTC,DOG,S,3,0,26,NORMAL,LABRADOR RETR,BUFF
02/20/2011,STRAY,OTC,DOG,S,2,0,0,NORMAL,LABRADOR RETR,TAN
02/20/2011,OWNER SUR,OTC,DOG,N,3,6,2,NORMAL,GERM SHEPHERD,BLACK
02/20/2011,OWNER SUR,OTC,CAT,S,3,0,1,NORMAL,DOMESTIC SH,BRN TABBY
02/20/2011,PUBLIC AST,QUARANTINE,DOG,N,3,0,1,NORMAL,BOSTON TERRIER,BR BRINDLE
02/20/2011,PUBLIC AST,QUARANTINE,DOG,N,4,11,23,NORMAL,PIT BULL,TAN
02/20/2011,OWNER SUR,OTC,DOG,S,4,0,1,NORMAL,BEAGLE,TRICOLOR
02/20/2011,STRAY,OTC,DOG,N,5,0,0,NORMAL,ALASK MALAMUTE,SABLE
02/20/2011,STRAY,OTC,DOG,N,6,0,0,NORMAL,PIT BULL,WHITE
02/20/2011,STRAY,FIELD,CAT,N,9,0,1,NORMAL,DOMESTIC SH,BRN TABBY
02/20/2011,STRAY,OTC,DOG,S,9,0,2,INJURED,PIT BULL,BLACK
02/20/2011,PUBLIC AST,QUARANTINE,DOG,S,9,0,2,NORMAL,AUST SHEPHERD,YELLOW
02/20/2011,OWNER SUR,OTC,DOG,N,9,6,24,NORMAL,BEAGLE,TRICOLOR
02/20/2011,OWNER SUR,OTC,CAT,F,16,0,4,INJURED,DOMESTIC MH,BRN TABBY
02/21/2011,STRAY,OTC,DOG,S,0,3,23,NORMAL,GERM SHEPHERD,TAN
02/21/2011,OWNER SUR,OTC,CAT,N,0,5,29,NORMAL,DOMESTIC SH,ORG TABBY
02/21/2011,OWNER SUR,OTC,CAT,N,0,6,16,NORMAL,DOMESTIC SH,BLACK
02/21/2011,STRAY,FIELD,CAT,F,0,6,16,INJURED,DOMESTIC SH,CRM TABBY
02/21/2011,STRAY,FIELD,DOG,N,1,0,0,NORMAL,CHIHUAHUA SH,TAN
02/21/2011,STRAY,FIELD,DOG,M,1,0,0,NORMAL,GERM SHEPHERD,RED
02/21/2011,OWNER SUR,FIELD,DOG,F,1,1,18,INJURED,PIT BULL,BR BRINDLE
02/21/2011,STRAY,OTC,DOG,N,1,5,28,NORMAL,AUST SHEPHERD,TRICOLOR
02/21/2011,STRAY,OTC,DOG,N,1,5,1,NORMAL,LABRADOR RETR,YELLOW
02/21/2011,OWNER SUR,FIELD,DOG,S,1,6,21,INJURED,STAFFORDSHIRE,BR BRINDLE
02/21/2011,OWNER SUR,OTC,CAT,S,2,6,2,NORMAL,DOMESTIC SH,TORTIE
02/21/2011,STRAY,FIELD,DOG,N,3,0,28,NORMAL,GERM SHEPHERD,BROWN
02/21/2011,OWNER SUR,OTC,CAT,N,2,0,0,NORMAL,PERSIAN,ORG TABBY
02/21/2011,STRAY,FIELD,DOG,N,2,0,0,NORMAL,LABRADOR RETR,BUFF
02/21/2011,OWNER SUR,OTC,DOG,N,2,6,29,NORMAL,AUST CATTLE DOG,BLUE TICK
02/21/2011,STRAY,FIELD,CAT,F,3,0,1,INJURED,DOMESTIC SH,BLACK
02/21/2011,STRAY,FIELD,DOG,S,3,0,1,NORMAL,POODLE MIN,WHITE
02/21/2011,OWNER SUR,OTC,CAT,N,3,0,1,NORMAL,PERSIAN,WHITE
02/21/2011,STRAY,OTC,DOG,N,3,0,1,NORMAL,AMER ESKIMO,WHITE
02/21/2011,STRAY,FIELD,DOG,N,3,1,4,NORMAL,GERM SHEPHERD,BLACK
02/21/2011,OWNER SUR,NO SUBTYPE,DOG,N,4,1,29,NORMAL,PIT BULL,WHITE
02/21/2011,STRAY,OTC,DOG,S,6,0,1,NORMAL,CHIHUAHUA SH,BROWN
02/21/2011,STRAY,EMERG CLC,DOG,N,7,5,29,INJURED,MIN PINSCHER,BLUE
02/21/2011,STRAY,FIELD,DOG,N,8,0,2,NORMAL,AUST CATTLE DOG,BLUE TICK
02/21/2011,STRAY,OTC,CAT,M,8,0,2,SICK,DOMESTIC MH,BLUE TABBY
02/21/2011,STRAY,OTC,CAT,S,12,0,3,NORMAL,BALINESE,CALICO PT
02/22/2011,OWNER SUR,OTC,CAT,S,0,1,20,NORMAL,DOMESTIC SH,BLACK
02/22/2011,OWNER SUR,OTC,CAT,S,0,1,1,NORMAL,DOMESTIC SH,BRN TABBY
02/22/2011,OWNER SUR,OTC,CAT,S,0,1,1,NORMAL,DOMESTIC SH,LYNX PT
02/22/2011,OWNER SUR,OTC,CAT,N,0,1,1,NORMAL,DOMESTIC SH,BRN TABBY
02/22/2011,OWNER SUR,OTC,CAT,N,0,1,1,NORMAL,DOMESTIC SH,BLACK
02/22/2011,STRAY,OTC,DOG,N,0,1,12,NORMAL,GERM SHEPHERD,BROWN
02/22/2011,STRAY,OTC,DOG,S,0,2,27,NORMAL,VIZSLA,RED
02/22/2011,STRAY,OTC,DOG,S,0,2,27,NORMAL,HARRIER,BROWN
02/22/2011,STRAY,OTC,DOG,N,0,2,27,NORMAL,HARRIER,TRICOLOR
02/22/2011,STRAY,FIELD,DOG,S,0,3,16,NORMAL,BLACK MOUTH CUR,BROWN
02/22/2011,STRAY,FIELD,DOG,N,0,4,13,NORMAL,BORDER COLLIE,TAN
02/22/2011,OWNER SUR,OTC,CAT,N,0,6,0,NORMAL,DOMESTIC SH,ORG TABBY
02/22/2011,OWNER SUR,OTC,CAT,S,0,6,13,NORMAL,DOMESTIC SH,BLACK
02/22/2011,OWNER SUR,OTC,CAT,S,0,6,14,NORMAL,DOMESTIC MH,BLACK
02/22/2011,OWNER SUR,OTC,CAT,N,1,6,1,NORMAL,DOMESTIC SH,BLUE TABBY
02/22/2011,OWNER SUR,OTC,CAT,M,1,6,1,NORMAL,DOMESTIC SH,BRN TABBY
02/22/2011,STRAY,OTC,CAT,S,1,10,29,NORMAL,DOMESTIC SH,BLACK
02/22/2011,STRAY,OTC,DOG,S,1,10,3,NORMAL,POODLE MIN,BLACK
02/22/2011,STRAY,OTC,CAT,N,1,10,3,NORMAL,DOMESTIC SH,BRN TABBY
02/22/2011,OWNER SUR,OTC,CAT,S,1,10,3,NORMAL,DOMESTIC SH,TORBIE
02/22/2011,STRAY,OTC,CAT,S,1,10,3,NORMAL,DOMESTIC SH,ORG TABBY
02/22/2011,STRAY,OTC,CAT,S,1,0,0,NORMAL,DOMESTIC SH,BLACK
02/22/2011,OWNER SUR,OTC,CAT,S,1,0,0,NORMAL,DOMESTIC SH,BRN TABBY
02/22/2011,STRAY,OTC,CAT,S,1,0,0,NORMAL,DOMESTIC SH,BRN TABBY
02/22/2011,OWNER SUR,OTC,CAT,S,1,6,14,NORMAL,DOMESTIC SH,CALICO
02/22/2011,STRAY,OTC,DOG,N,1,6,26,NORMAL,BOXER,WHITE
02/22/2011,STRAY,FIELD,DOG,N,2,6,2,NORMAL,AM PIT BULL TER,BR BRINDLE
02/22/2011,STRAY,OTC,CAT,S,3,0,27,NORMAL,DOMESTIC SH,BLACK
02/22/2011,OWNER SUR,OTC,CAT,S,3,0,28,NORMAL,DOMESTIC SH,WHITE
02/22/2011,STRAY,OTC,DOG,F,3,0,29,NORMAL,GERM SHEPHERD,BROWN
02/22/2011,STRAY,OTC,DOG,S,2,0,0,INJURED,CHIHUAHUA SH,TAN
02/22/2011,STRAY,FIELD,DOG,N,2,0,0,NORMAL,BORDER COLLIE,WHITE
02/22/2011,STRAY,OTC,CAT,N,3,0,1,NORMAL,DOMESTIC SH,BLACK
02/22/2011,STRAY,OTC,DOG,S,4,9,13,NORMAL,GERM SHEPHERD,BLACK
02/22/2011,STRAY,OTC,DOG,S,4,0,1,INJURED,CHIHUAHUA SH,BROWN
02/22/2011,PUBLIC AST,QUARANTINE,DOG,N,5,11,27,NORMAL,LABRADOR RETR,CHOCOLATE
02/22/2011,OWNER SUR,OTC,CAT,S,6,0,0,NORMAL,DOMESTIC LH,TORTIE
02/22/2011,STRAY,OTC,CAT,F,5,0,1,SICK,DOMESTIC SH,BLACK
02/22/2011,STRAY,OTC,DOG,N,6,0,1,NORMAL,BASENJI,RED
02/22/2011,OWNER SUR,OTC,CAT,N,7,10,22,NORMAL,DOMESTIC LH,BLACK
02/22/2011,STRAY,FIELD,DOG,U,7,0,2,INJURED,NS DUCK TOLLING,RED
02/22/2011,PUBLIC AST,QUARANTINE,DOG,M,7,0,6,NORMAL,WEIMARANER,BROWN
02/23/2011,STRAY,FIELD,DOG,N,0,1,18,NORMAL,GERM SHEPHERD,BLACK
02/23/2011,STRAY,OTC,CAT,M,0,1,20,NORMAL,DOMESTIC SH,BLACK
02/23/2011,STRAY,OTC,CAT,M,0,1,1,NORMAL,DOMESTIC SH,BRN TABBY
02/23/2011,STRAY,FIELD,DOG,S,0,1,10,NORMAL,BLOODHOUND,RED
02/23/2011,STRAY,FIELD,DOG,S,0,2,12,NORMAL,TIBETAN SPAN,BLACK
02/23/2011,OWNER SUR,OTC,CAT,S,0,4,2,NORMAL,DOMESTIC SH,CALICO
02/23/2011,OWNER SUR,OTC,CAT,S,0,4,2,NORMAL,DOMESTIC SH,CALICO
02/23/2011,OWNER SUR,OTC,CAT,S,0,4,2,NORMAL,DOMESTIC SH,CALICO
02/23/2011,OWNER SUR,OTC,CAT,N,0,4,2,NORMAL,DOMESTIC SH,CALICO
02/23/2011,STRAY,FIELD,DOG,N,0,6,28,NORMAL,AMERICAN STAFF,TAN
02/23/2011,OWNER SUR,OTC,DOG,N,1,6,2,NORMAL,YORKSHIRE TERR,RED
02/23/2011,PUBLIC AST,OIJ,DOG,N,1,7,3,NORMAL,AMER BULLDOG,WHITE
02/23/2011,OWNER SUR,OTC,CAT,S,1,10,28,NORMAL,MANX,BRN TABBY
02/23/2011,OWNER SUR,OTC,CAT,S,1,10,28,NORMAL,MANX,BRN TABBY
02/23/2011,STRAY,FIELD,DOG,N,2,0,23,NORMAL,BORDER TERRIER,BROWN
02/23/2011,STRAY,FIELD,DOG,N,2,0,26,NORMAL,LABRADOR RETR,BLACK
02/23/2011,STRAY,FIELD,DOG,M,1,0,0,NORMAL,POINTER,WHITE
02/23/2011,OWNER SUR,OTC,DOG,S,1,0,0,NORMAL,SIBERIAN HUSKY,SABLE
02/23/2011,STRAY,OTC,DOG,N,1,0,0,NORMAL,SHIH TZU,WHITE
02/23/2011,OWNER SUR,OTC,CAT,S,1,0,13,NORMAL,DOMESTIC SH,BLACK
02/23/2011,OWNER SUR,OTC,CAT,N,1,1,22,NORMAL,DOMESTIC SH,BLACK
02/23/2011,STRAY,FIELD,DOG,N,2,6,2,NORMAL,WELSH CORGI CAR,BUFF
02/23/2011,STRAY,OTC,DOG,S,3,0,23,NORMAL,MANCHESTER TERR,BLACK
02/23/2011,STRAY,OTC,DOG,N,3,0,26,NORMAL,RAT TERRIER,WHITE
02/23/2011,STRAY,FIELD,DOG,M,2,0,0,NORMAL,LABRADOR RETR,TAN
02/23/2011,STRAY,OTC,DOG,N,2,0,0,NORMAL,SHIH TZU,GRAY
02/23/2011,STRAY,OTC,CAT,S,2,0,0,NORMAL,DOMESTIC SH,BLUE
02/23/2011,STRAY,FIELD,DOG,S,2,0,0,NORMAL,PIT BULL,BL BRINDLE
02/23/2011,STRAY,FIELD,DOG,N,2,0,0,NORMAL,BOSTON TERRIER,BR BRINDLE
02/23/2011,STRAY,FIELD,DOG,F,2,0,0,NORMAL,DOGO ARGENTINO,WHITE
02/23/2011,STRAY,OTC,CAT,S,2,0,0,NORMAL,DOMESTIC SH,BLUE
02/23/2011,OWNER SUR,RETURN,DOG,S,2,1,6,NORMAL,CATAHOULA,TAN
02/23/2011,STRAY,OTC,CAT,N,3,6,2,NORMAL,DOMESTIC SH,ORG TABBY
02/23/2011,STRAY,OTC,DOG,N,4,0,19,NORMAL,GERM SHEPHERD,BLACK
02/23/2011,STRAY,OTC,DOG,N,4,0,28,NORMAL,ENG SPRNGR SPAN,LIVER
02/23/2011,STRAY,OTC,DOG,N,4,0,28,NORMAL,YORKSHIRE TERR,SILVER
02/23/2011,STRAY,OTC,CAT,S,3,0,1,NORMAL,DOMESTIC SH,TORBIE
02/23/2011,PUBLIC AST,QUARANTINE,DOG,M,3,0,1,NORMAL,GERM SHEPHERD,BROWN
02/23/2011,STRAY,FIELD,DOG,N,3,5,19,NORMAL,AUST CATTLE DOG,CREAM
02/23/2011,STRAY,FIELD,DOG,M,5,0,19,NORMAL,AM PIT BULL TER,WHITE
02/23/2011,STRAY,OTC,DOG,N,5,6,3,NORMAL,CHIHUAHUA SH,TAN
02/23/2011,AST AGENCY,OWNER DIED,CAT,S,5,0,1,NORMAL,DOMESTIC SH,CRM TABBY
02/23/2011,AST AGENCY,OWNER DIED,CAT,N,5,0,1,NORMAL,DOMESTIC SH,BLACK
02/23/2011,STRAY,OTC,CAT,S,9,0,27,NORMAL,DOMESTIC SH,CALICO
02/23/2011,OWNER SUR,OTC,CAT,S,9,0,2,NORMAL,DOMESTIC SH,BRN TABBY
02/23/2011,OWNER SUR,OTC,CAT,S,10,0,2,NORMAL,DOMESTIC SH,BLACK
02/23/2011,STRAY,OTC,DOG,N,10,0,2,OTHER,COLLIE ROUGH,BROWN
02/23/2011,EUTH REQ,NO SUBTYPE,DOG,N,18,0,4,SICK,CHOW CHOW,BUFF
02/24/2011,BORN IN,SHELTER,CAT,U,0,0,0,NORMAL,DOMESTIC SH,BRN TABBY
02/24/2011,BORN IN,SHELTER,CAT,U,0,0,0,NORMAL,DOMESTIC SH,BRN TABBY
02/24/2011,BORN IN,SHELTER,CAT,U,0,0,0,NORMAL,DOMESTIC SH,BLUE TABBY
02/24/2011,BORN IN,SHELTER,CAT,U,0,0,0,NORMAL,DOMESTIC SH,BLUE TABBY
02/24/2011,BORN IN,SHELTER,CAT,U,0,0,0,NORMAL,DOMESTIC SH,BLUE TABBY
02/24/2011,OWNER SUR,FIELD,DOG,N,0,0,0,NORMAL,AUST CATTLE DOG,TRICOLOR
02/24/2011,STRAY,FIELD,DOG,N,0,3,12,NORMAL,DACHSHUND,BROWN
02/24/2011,STRAY,OTC,DOG,S,0,4,28,NORMAL,LANDSEER,WHITE
02/24/2011,OWNER SUR,OTC,DOG,N,0,5,8,NORMAL,BOSTON TERRIER,BLACK
02/24/2011,STRAY,OTC,CAT,N,0,6,16,NORMAL,SIAMESE,FLAME PT
02/24/2011,STRAY,OTC,DOG,N,1,6,1,NORMAL,ANATOL SHEPHERD,TRICOLOR
02/24/2011,PUBLIC AST,EMERGENCY,CAT,F,1,6,2,OTHER,DOMESTIC SH,BLUE TABBY
02/24/2011,OWNER SUR,OTC,DOG,S,1,8,2,NORMAL,CATAHOULA,BLUE MERLE
02/24/2011,STRAY,FIELD,DOG,N,1,8,2,NORMAL,PIT BULL,BR BRINDLE
02/24/2011,STRAY,OTC,DOG,S,1,10,29,NORMAL,BASSET HOUND,RED TICK
02/24/2011,STRAY,OTC,DOG,S,2,0,26,NORMAL,DOBERMAN PINSCH,BLACK
02/24/2011,PUBLIC AST,QUARANTINE,CAT,N,1,0,0,NORMAL,DOMESTIC MH,BRN TABBY
02/24/2011,OWNER SUR,OTC,DOG,S,1,0,0,NORMAL,PLOTT HOUND,BR BRINDLE
02/24/2011,STRAY,OTC,DOG,F,1,0,0,NORMAL,CHIHUAHUA SH,WHITE
02/24/2011,OWNER SUR,OTC,DOG,S,2,7,16,NORMAL,CAROLINA DOG,TAN
02/24/2011,PUBLIC AST,QUARANTINE,DOG,S,2,8,4,NORMAL,LABRADOR RETR,WHITE
02/24/2011,OWNER SUR,OTC,DOG,S,2,0,0,NORMAL,GERM SHEPHERD,BROWN
02/24/2011,STRAY,FIELD,DOG,S,2,0,0,NORMAL,SKYE TERRIER,BROWN
02/24/2011,STRAY,FIELD,DOG,N,2,0,0,NORMAL,AMERICAN STAFF,WHITE
02/24/2011,OWNER SUR,OTC,DOG,S,2,0,0,NORMAL,MIN PINSCHER,BROWN
02/24/2011,OWNER SUR,OTC,CAT,F,2,0,0,INJURED,DOMESTIC SH,CALICO
02/24/2011,PUBLIC AST,QUARANTINE,DOG,N,2,0,0,NORMAL,DACHSHUND LH,BLACK
02/24/2011,OWNER SUR,OTC,CAT,N,2,0,9,NORMAL,DOMESTIC SH,BLUE
02/24/2011,OWNER SUR,OTC,DOG,S,2,2,17,NORMAL,ROTTWEILER,BLACK
02/24/2011,PUBLIC AST,QUARANTINE,DOG,M,3,9,11,NORMAL,PIT BULL,BLUE
02/24/2011,STRAY,OTC,DOG,N,4,0,28,NORMAL,YORKSHIRE TERR,TAN
02/24/2011,STRAY,OTC,DOG,S,4,0,28,NORMAL,GERM SHEPHERD,BLACK
02/24/2011,STRAY,OTC,DOG,S,3,0,1,NORMAL,BOXER,WHITE
02/24/2011,OWNER SUR,OTC,CAT,S,3,0,1,NORMAL,DOMESTIC SH,CALICO
02/24/2011,STRAY,FIELD,DOG,M,3,0,1,NORMAL,GERM SHEPHERD,CREAM
02/24/2011,STRAY,FIELD,DOG,N,3,0,1,NORMAL,CHIHUAHUA SH,BROWN
02/24/2011,OWNER SUR,RETURN,CAT,S,3,2,20,NORMAL,DOMESTIC SH,BLUE CREAM
02/24/2011,OWNER SUR,RETURN,DOG,N,3,3,12,NORMAL,AUST CATTLE DOG,RED MERLE
02/24/2011,OWNER SUR,OTC,DOG,F,4,0,1,NORMAL,BULLDOG,BLUE
02/24/2011,STRAY,OTC,DOG,S,5,0,1,OTHER,SAMOYED,CREAM
02/24/2011,STRAY,OTC,CAT,S,5,0,1,NORMAL,DOMESTIC SH,WHITE
02/24/2011,OWNER SUR,OTC,CAT,S,5,1,14,NORMAL,DOMESTIC SH,BLACK
02/24/2011,OWNER SUR,OTC,CAT,S,6,11,27,NORMAL,DOMESTIC LH,TORBIE
02/24/2011,OWNER SUR,OTC,DOG,S,10,0,2,AGED,DALMATIAN,WHITE
02/24/2011,PUBLIC AST,QUARANTINE,DOG,S,11,0,4,NORMAL,GERM SHEPHERD,BLACK
02/25/2011,STRAY,OTC,CAT,S,0,1,21,NURSING,DOMESTIC SH,BLACK
02/25/2011,STRAY,OTC,CAT,S,0,1,21,NURSING,DOMESTIC SH,BLACK
02/25/2011,STRAY,OTC,CAT,S,0,1,21,NURSING,DOMESTIC LH,BLACK
02/25/2011,STRAY,OTC,CAT,N,0,1,21,NURSING,DOMESTIC SH,BLACK
02/25/2011,OWNER SUR,OTC,CAT,S,0,1,28,NORMAL,DOMESTIC MH,BLUE TABBY
02/25/2011,OWNER SUR,OTC,CAT,N,0,1,28,NORMAL,DOMESTIC LH,BLUE
02/25/2011,OWNER SUR,OTC,CAT,N,0,1,28,NORMAL,DOMESTIC MH,BLUE
02/25/2011,STRAY,OTC,DOG,S,0,1,8,SICK,AUST SHEPHERD,BLUE MERLE
02/25/2011,STRAY,OTC,DOG,S,0,1,8,NORMAL,DACHSHUND,BLACK
02/25/2011,STRAY,OTC,DOG,F,0,3,16,INJURED,BLACK MOUTH CUR,FAWN
02/25/2011,OWNER SUR,OTC,DOG,F,0,4,2,SICK,PIT BULL,BLUE
02/25/2011,STRAY,FIELD,DOG,M,0,5,26,NORMAL,AUST TERRIER,BLACK
02/25/2011,STRAY,OTC,CAT,F,0,5,1,NORMAL,DOMESTIC SH,BLACK
02/25/2011,STRAY,OTC,DOG,N,1,8,25,NORMAL,NORWICH TERRIER,BLACK
02/25/2011,OWNER SUR,OTC,CAT,N,1,9,0,NORMAL,DOMESTIC SH,BRN TABBY
02/25/2011,OWNER SUR,OTC,CAT,S,1,10,3,NORMAL,DOMESTIC SH,BLACK
02/25/2011,STRAY,OTC,DOG,S,2,0,27,NORMAL,GERM SHEPHERD,TAN
02/25/2011,STRAY,FIELD,DOG,N,1,0,0,NORMAL,AMER BULLDOG,BR BRINDLE
02/25/2011,STRAY,OTC,CAT,S,1,0,0,NORMAL,DOMESTIC SH,CALICO
02/25/2011,STRAY,OTC,CAT,S,1,0,0,NORMAL,DOMESTIC SH,BLUE
02/25/2011,PUBLIC AST,QUARANTINE,DOG,M,1,0,0,OTHER,PIT BULL,WHITE
02/25/2011,STRAY,FIELD,DOG,M,1,0,0,INJURED,AUST CATTLE DOG,BLACK
02/25/2011,STRAY,OTC,DOG,S,2,6,1,NORMAL,SIBERIAN HUSKY,CREAM
02/25/2011,OWNER SUR,OTC,CAT,S,2,6,2,PREGNANT,BIRMAN,SEAL PT
02/25/2011,STRAY,OTC,DOG,M,2,6,2,NORMAL,CHIHUAHUA SH,TAN
02/25/2011,OWNER SUR,OTC,CAT,S,2,6,2,NORMAL,DOMESTIC MH,BLUE TABBY
02/25/2011,STRAY,FIELD,DOG,S,3,0,0,NORMAL,CHIHUAHUA LH,TAN
02/25/2011,OWNER SUR,OTC,DOG,F,2,0,0,NORMAL,CHIHUAHUA SH,TRICOLOR
02/25/2011,PUBLIC AST,QUARANTINE,CAT,M,2,0,2,INJURED,SIAMESE,SEAL PT
02/25/2011,OWNER SUR,OTC,DOG,N,3,6,2,NORMAL,CATAHOULA,BLACK
02/25/2011,OWNER SUR,OTC,DOG,N,3,9,19,NORMAL,GERM SHEPHERD,TAN
02/25/2011,STRAY,OTC,DOG,F,4,0,26,NORMAL,LABRADOR RETR,BLACK
02/25/2011,STRAY,FIELD,DOG,S,4,0,27,NORMAL,LABRADOR RETR,CREAM
02/25/2011,OWNER SUR,OTC,DOG,N,3,0,1,NORMAL,CHIHUAHUA SH,WHITE
02/25/2011,PUBLIC AST,QUARANTINE,DOG,M,3,0,1,OTHER,PIT BULL,WHITE
02/25/2011,STRAY,FIELD,DOG,N,3,0,1,NORMAL,PLOTT HOUND,BR BRINDLE
02/25/2011,STRAY,FIELD,DOG,S,3,0,1,NORMAL,SHIH TZU,WHITE
02/25/2011,STRAY,OTC,DOG,S,3,0,1,NORMAL,FLAT COAT RETR,BLACK
02/25/2011,STRAY,OTC,DOG,S,3,0,1,NORMAL,LABRADOR RETR,BLACK
02/25/2011,STRAY,OTC,CAT,S,3,0,1,PREGNANT,DOMESTIC SH,WHITE
02/25/2011,STRAY,OTC,DOG,S,4,0,0,NORMAL,BEAGLE,BR BRINDLE
02/25/2011,PUBLIC AST,EMERGENCY,DOG,N,4,0,0,NORMAL,COLLIE SMOOTH,SABLE
02/25/2011,PUBLIC AST,QUARANTINE,DOG,N,4,0,1,NORMAL,SHIH TZU,WHITE
02/25/2011,STRAY,FIELD,CAT,S,4,0,1,NORMAL,DOMESTIC SH,WHITE
02/25/2011,STRAY,FIELD,DOG,F,6,0,27,NORMAL,PIT BULL,WHITE
02/25/2011,OWNER SUR,OTC,DOG,N,5,0,1,NORMAL,CHIHUAHUA SH,TAN
02/25/2011,STRAY,FIELD,DOG,S,5,3,26,NORMAL,PIT BULL,BLACK
02/25/2011,OWNER SUR,OTC,CAT,N,6,0,1,NORMAL,DOMESTIC SH,BLACK
02/25/2011,STRAY,FIELD,DOG,N,8,0,2,NORMAL,PUG,TAN
02/25/2011,STRAY,OTC,DOG,M,8,0,2,AGED,PIT BULL,BUFF
02/25/2011,STRAY,FIELD,DOG,S,8,6,18,NORMAL,GERM SHEPHERD,WHITE
02/25/2011,STRAY,OTC,DOG,S,9,0,2,NORMAL,CHOW CHOW,TAN
02/25/2011,OWNER SUR,OTC,CAT,N,12,0,3,NORMAL,DOMESTIC SH,BRN TABBY
02/26/2011,STRAY,OTC,CAT,N,0,1,22,NURSING,DOMESTIC SH,BLACK
02/26/2011,STRAY,FIELD,DOG,S,0,2,25,NORMAL,ALASK MALAMUTE,CREAM
02/26/2011,STRAY,OTC,DOG,N,0,2,9,NORMAL,AMERICAN STAFF,RED
02/26/2011,STRAY,FIELD,CAT,F,0,3,16,INJURED,DOMESTIC SH,WHITE
02/26/2011,STRAY,FIELD,DOG,N,0,4,2,NORMAL,GERM SHEPHERD,BLACK
02/26/2011,STRAY,FIELD,CAT,S,0,4,10,NORMAL,DOMESTIC MH,TORBIE
02/26/2011,OWNER SUR,OTC,DOG,S,1,6,2,NORMAL,CHIHUAHUA SH,BROWN
02/26/2011,STRAY,FIELD,DOG,N,1,8,27,NORMAL,AUST CATTLE DOG,BLACK
02/26/2011,OWNER SUR,RETURN,CAT,S,1,10,18,NORMAL,DOMESTIC SH,TORBIE
02/26/2011,STRAY,OTC,CAT,S,1,10,22,NORMAL,DOMESTIC SH,BLACK
02/26/2011,STRAY,OTC,DOG,N,2,0,22,NORMAL,AFFENPINSCHER,BLACK
02/26/2011,STRAY,OTC,DOG,N,2,0,22,NORMAL,CHIHUAHUA LH,BLACK
02/26/2011,STRAY,OTC,CAT,S,2,0,24,NORMAL,DOMESTIC MH,TORTIE
02/26/2011,STRAY,FIELD,DOG,F,2,0,27,NORMAL,BORDER COLLIE,BLACK
02/26/2011,STRAY,OTC,DOG,S,2,0,0,NORMAL,CHIHUAHUA LH,SABLE
02/26/2011,OWNER SUR,OTC,DOG,N,1,0,0,NORMAL,LABRADOR RETR,BLACK
02/26/2011,STRAY,FIELD,DOG,F,1,0,14,SICK,GERM SHEPHERD,BROWN
02/26/2011,PUBLIC AST,QUARANTINE,DOG,N,2,7,20,NORMAL,ANATOL SHEPHERD,CREAM
02/26/2011,STRAY,OTC,CAT,S,2,0,0,NORMAL,DOMESTIC SH,BRN TABBY
02/26/2011,OWNER SUR,OTC,DOG,N,2,0,0,NORMAL,GREAT PYRENEES,WHITE
02/26/2011,PUBLIC AST,QUARANTINE,CAT,S,3,0,1,INJURED,DOMESTIC SH,BRN TABBY
02/26/2011,OWNER SUR,OTC,DOG,M,3,0,1,NORMAL,PIT BULL,WHITE
02/26/2011,STRAY,OTC,DOG,N,3,1,9,NORMAL,GERM SHEPHERD,BLACK
02/26/2011,OWNER SUR,RETURN,DOG,S,3,2,15,NORMAL,PIT BULL,WHITE
02/26/2011,OWNER SUR,OTC,DOG,S,4,8,24,NORMAL,PLOTT HOUND,BR BRINDLE
02/26/2011,STRAY,FIELD,DOG,S,4,1,12,PREGNANT,GERM SHEPHERD,TAN
02/26/2011,OWNER SUR,OTC,CAT,S,6,0,28,NORMAL,MAINE COON,BRN TABBY
02/26/2011,PUBLIC AST,OIJ,DOG,S,5,4,14,NORMAL,LABRADOR RETR,BR BRINDLE
02/26/2011,OWNER SUR,OTC,DOG,S,7,0,28,NORMAL,BLACK MOUTH CUR,TAN
02/26/2011,STRAY,FIELD,CAT,F,6,0,1,SICK,DOMESTIC SH,BRN TABBY
02/26/2011,STRAY,FIELD,DOG,N,8,0,2,AGED,BOXER,BROWN
02/26/2011,STRAY,FIELD,DOG,S,8,6,28,NORMAL,LABRADOR RETR,YELLOW
02/26/2011,STRAY,OTC,CAT,S,10,0,2,NORMAL,DOMESTIC SH,BRN TABBY
02/26/2011,PUBLIC AST,QUARANTINE,DOG,N,11,11,28,NORMAL,PARSON RUSS TER,WHITE
02/26/2011,OWNER SUR,OTC,DOG,N,12,0,29,NORMAL,LABRADOR RETR,TAN
02/26/2011,OWNER SUR,OTC,DOG,S,12,0,29,NORMAL,LABRADOR RETR,TAN
02/26/2011,OWNER SUR,OTC,CAT,S,15,0,4,AGED,DOMESTIC SH,WHITE
02/27/2011,OWNER SUR,FIELD,DOG,N,0,1,7,NORMAL,DACHSHUND,BROWN
02/27/2011,OWNER SUR,FIELD,DOG,S,0,1,7,NORMAL,DACHSHUND,BROWN
02/27/2011,OWNER SUR,FIELD,DOG,N,0,2,16,NORMAL,DACHSHUND,BROWN
02/27/2011,OWNER SUR,FIELD,DOG,N,0,2,16,NORMAL,DACHSHUND,BROWN
02/27/2011,OWNER SUR,FIELD,DOG,N,0,2,16,NORMAL,DACHSHUND,BROWN
02/27/2011,OWNER SUR,FIELD,DOG,N,0,2,16,NORMAL,DACHSHUND,BROWN
02/27/2011,OWNER SUR,FIELD,DOG,N,0,2,16,NORMAL,DACHSHUND,BROWN
02/27/2011,OWNER SUR,FIELD,DOG,S,0,2,16,NORMAL,DACHSHUND,BROWN
02/27/2011,OWNER SUR,FIELD,DOG,N,0,2,18,NORMAL,DACHSHUND,BLACK
02/27/2011,STRAY,OTC,DOG,N,0,2,25,NORMAL,JACK RUSS TERR,TRICOLOR
02/27/2011,OWNER SUR,FIELD,DOG,S,0,2,26,NORMAL,DACHSHUND,BROWN
02/27/2011,OWNER SUR,FIELD,DOG,N,0,2,26,NORMAL,DACHSHUND,BROWN
02/27/2011,OWNER SUR,FIELD,DOG,N,0,2,26,NORMAL,DACHSHUND,BLACK
02/27/2011,OWNER SUR,FIELD,DOG,F,0,2,1,NORMAL,DACHSHUND,CHOCOLATE
02/27/2011,STRAY,OTC,DOG,N,0,4,2,SICK,CHIHUAHUA SH,BROWN
02/27/2011,STRAY,FIELD,DOG,N,0,4,2,SICK,GERM SHEPHERD,WHITE
02/27/2011,STRAY,OTC,CAT,N,0,5,1,NORMAL,DOMESTIC SH,BRN TABBY
02/27/2011,STRAY,OTC,CAT,N,1,7,18,NORMAL,DOMESTIC SH,BRN TABBY
02/27/2011,STRAY,OTC,DOG,S,1,10,27,NORMAL,STAFFORDSHIRE,WHITE
02/27/2011,STRAY,OTC,DOG,N,1,10,27,NORMAL,AMERICAN STAFF,WHITE
02/27/2011,OWNER SUR,FIELD,DOG,S,1,0,0,NORMAL,DACHSHUND,BLACK
02/27/2011,STRAY,OTC,CAT,M,1,0,0,NORMAL,DOMESTIC SH,BLACK
02/27/2011,STRAY,OTC,DOG,N,1,0,0,NORMAL,CAVALIER SPAN,BROWN
02/27/2011,STRAY,OTC,DOG,N,1,5,1,NORMAL,BASSET HOUND,BR BRINDLE
02/27/2011,STRAY,OTC,CAT,S,1,5,1,NORMAL,DOMESTIC SH,WHITE
02/27/2011,OWNER SUR,OTC,DOG,S,1,6,23,NORMAL,WHIPPET,WHITE
02/27/2011,STRAY,OTC,DOG,N,2,6,2,NORMAL,BOXER,BROWN
02/27/2011,STRAY,OTC,DOG,S,3,0,27,NORMAL,BORDER TERRIER,TAN
02/27/2011,STRAY,FIELD,DOG,S,3,0,0,NORMAL,ANATOL SHEPHERD,WHITE
02/27/2011,PUBLIC AST,QUARANTINE,DOG,N,3,0,0,NORMAL,CHIHUAHUA SH,WHITE
02/27/2011,STRAY,FIELD,DOG,S,2,0,0,FERAL,CHOW CHOW,BUFF
02/27/2011,OWNER SUR,FIELD,DOG,S,2,0,0,NORMAL,DACHSHUND,BLACK
02/27/2011,PUBLIC AST,QUARANTINE,DOG,S,2,0,1,NORMAL,CHIHUAHUA SH,RED
02/27/2011,PUBLIC AST,QUARANTINE,DOG,N,2,0,1,NORMAL,CHINESE SHARPEI,TRICOLOR
02/27/2011,STRAY,OTC,DOG,S,2,0,14,NORMAL,LABRADOR RETR,BLACK
02/27/2011,STRAY,OTC,CAT,N,2,6,26,NORMAL,SNOWSHOE,SEAL PT
02/27/2011,STRAY,OTC,DOG,M,3,6,2,NORMAL,PIT BULL,WHITE
02/27/2011,STRAY,OTC,DOG,S,3,6,2,NORMAL,BEAGLE,TRICOLOR
02/27/2011,OWNER SUR,OTC,DOG,N,3,3,29,NORMAL,LABRADOR RETR,BROWN
02/27/2011,OWNER SUR,OTC,CAT,S,5,0,25,NORMAL,DOMESTIC LH,BLUE
02/27/2011,STRAY,FIELD,DOG,N,5,0,28,SICK,SCHNAUZER MIN,GRAY
02/27/2011,OWNER SUR,OTC,DOG,S,4,0,1,NORMAL,ROTTWEILER,BLACK
02/27/2011,STRAY,OTC,CAT,S,4,0,1,NORMAL,DOMESTIC LH,BLACK
02/27/2011,STRAY,FIELD,DOG,F,4,0,1,NORMAL,DACHSHUND,BROWN
02/27/2011,STRAY,OTC,CAT,S,5,0,1,NORMAL,DOMESTIC SH,CALICO
02/27/2011,OWNER SUR,OTC,CAT,S,5,3,24,NORMAL,DOMESTIC SH,TORTIE
02/27/2011,OWNER SUR,OTC,DOG,N,7,0,0,NORMAL,DACHSHUND,BLUE MERLE
02/27/2011,STRAY,FIELD,DOG,S,10,0,1,NORMAL,BOXER,WHITE
02/27/2011,STRAY,OTC,CAT,N,10,0,2,SICK,DOMESTIC LH,ORG TABBY
02/28/2011,STRAY,OTC,CAT,S,0,2,8,NORMAL,DOMESTIC SH,BLUE CREAM
02/28/2011,OWNER SUR,OTC,DOG,S,0,2,11,NORMAL,LABRADOR RETR,WHITE
02/28/2011,OWNER SUR,OTC,DOG,S,0,2,11,NORMAL,LABRADOR RETR,BLACK
02/28/2011,OWNER SUR,OTC,DOG,S,0,2,11,NORMAL,LABRADOR RETR,CHOCOLATE
02/28/2011,OWNER SUR,OTC,DOG,S,0,3,16,NORMAL,LABRADOR RETR,CHOCOLATE
02/28/2011,OWNER SUR,OTC,DOG,S,0,3,16,NORMAL,LABRADOR RETR,WHITE
02/28/2011,OWNER SUR,OTC,CAT,N,0,4,2,NORMAL,DOMESTIC SH,BLACK
02/28/2011,STRAY,OTC,DOG,S,1,6,2,NORMAL,AUST CATTLE DOG,BROWN
02/28/2011,STRAY,OTC,DOG,S,1,10,27,NORMAL,BULL TERR MIN,WHITE
02/28/2011,OWNER SUR,OTC,DOG,N,1,10,29,NORMAL,LABRADOR RETR,WHITE
02/28/2011,OWNER SUR,OTC,DOG,S,1,0,0,NORMAL,CHIHUAHUA SH,WHITE
02/28/2011,STRAY,OTC,CAT,S,1,0,0,NORMAL,DOMESTIC SH,TORBIE
02/28/2011,STRAY,FIELD,DOG,S,1,1,9,NORMAL,STAFFORDSHIRE,TAN
02/28/2011,STRAY,FIELD,DOG,N,1,6,23,NORMAL,JACK RUSS TERR,WHITE
02/28/2011,PUBLIC AST,QUARANTINE,DOG,N,2,6,2,NORMAL,MIN PINSCHER,BROWN
02/28/2011,STRAY,FIELD,DOG,S,2,6,2,NORMAL,DACHSHUND,CHOCOLATE
02/28/2011,PUBLIC AST,QUARANTINE,DOG,N,3,0,29,NORMAL,AUST SHEPHERD,BROWN
02/28/2011,STRAY,FIELD,DOG,F,2,0,0,NORMAL,PUG,TAN
02/28/2011,OWNER SUR,OTC,CAT,S,2,0,0,NORMAL,DOMESTIC SH,CALICO
02/28/2011,OWNER SUR,OTC,DOG,F,2,0,0,NORMAL,PIT BULL,BROWN
02/28/2011,STRAY,FIELD,CAT,U,2,0,0,INJURED,DOMESTIC SH,BLACK
02/28/2011,STRAY,FIELD,DOG,F,2,0,0,NORMAL,BOXER,BROWN
02/28/2011,OWNER SUR,OTC,CAT,S,2,0,0,NORMAL,DOMESTIC LH,BLACK
02/28/2011,STRAY,FIELD,DOG,N,2,1,3,NORMAL,PIT BULL,WHITE
02/28/2011,STRAY,EMERG CLC,DOG,N,3,0,1,NORMAL,AUST CATTLE DOG,BLACK
02/28/2011,STRAY,OTC,CAT,N,3,0,1,NORMAL,DOMESTIC SH,BLUE
02/28/2011,STRAY,OTC,DOG,N,3,0,1,NORMAL,RAT TERRIER,WHITE
02/28/2011,STRAY,FIELD,DOG,N,3,0,1,NORMAL,AUST SHEPHERD,BRN MERLE
02/28/2011,STRAY,FIELD,DOG,S,3,0,1,NORMAL,BOXER,BROWN
02/28/2011,OWNER SUR,OTC,CAT,S,4,7,6,NORMAL,DOMESTIC SH,CALICO
02/28/2011,PUBLIC AST,QUARANTINE,DOG,N,4,8,0,NORMAL,CHINESE SHARPEI,BROWN
02/28/2011,STRAY,FIELD,DOG,N,4,11,17,NORMAL,BORDER COLLIE,BLACK
02/28/2011,STRAY,FIELD,DOG,N,5,0,28,NORMAL,BORDER COLLIE,BLACK
02/28/2011,OWNER SUR,OTC,CAT,S,4,0,1,NORMAL,DOMESTIC SH,ORG TABBY
02/28/2011,OWNER SUR,RETURN,DOG,S,5,7,14,NORMAL,COLLIE ROUGH,WHITE
02/28/2011,STRAY,OTC,DOG,S,6,0,22,NORMAL,BRIARD,BLACK
02/28/2011,STRAY,FIELD,DOG,N,5,0,1,NORMAL,CHINESE SHARPEI,BLACK
02/28/2011,STRAY,OTC,DOG,N,5,0,1,INJURED,LABRADOR RETR,BLACK
02/28/2011,OWNER SUR,OTC,DOG,N,6,8,3,NORMAL,LABRADOR RETR,YELLOW
02/28/2011,STRAY,FIELD,DOG,N,8,0,28,NORMAL,POODLE MIN,WHITE
02/28/2011,STRAY,OTC,DOG,S,8,5,28,NORMAL,POODLE TOY,CREAM
02/28/2011,STRAY,OTC,DOG,F,10,0,1,NORMAL,CHIHUAHUA SH,BLACK
02/28/2011,STRAY,OTC,CAT,N,13,0,3,INJURED,DOMESTIC SH,BRN TABBY
03-01-11,STRAY,OTC,DOG,S,0,2,9,NORMAL,ROTTWEILER,BLACK
03-01-11,STRAY,OTC,DOG,M,0,3,29,SICK,LABRADOR RETR,BROWN
03-01-11,STRAY,FIELD,DOG,S,0,3,29,INJURED,GERM SHEPHERD,BROWN
03-01-11,PUBLIC AST,QUARANTINE,CAT,U,0,4,29,NORMAL,DOMESTIC SH,BLUE
03-01-11,STRAY,FIELD,DOG,N,0,4,10,NORMAL,GREYHOUND,BR BRINDLE
03-01-11,STRAY,OTC,CAT,S,0,6,29,NORMAL,DOMESTIC SH,BRN TABBY
03-01-11,STRAY,OTC,CAT,S,0,6,29,NORMAL,DOMESTIC SH,BRN TABBY
03-01-11,STRAY,OTC,CAT,S,0,6,29,PREGNANT,DOMESTIC SH,TORTIE
03-01-11,STRAY,OTC,CAT,S,1,8,27,NORMAL,DOMESTIC SH,BRN TABBY
03-01-11,STRAY,OTC,CAT,S,1,8,27,NORMAL,DOMESTIC SH,BRN TABBY
03-01-11,STRAY,FIELD,DOG,S,1,10,27,NORMAL,CHIHUAHUA SH,TAN
03-01-11,STRAY,FIELD,DOG,M,1,11,0,NORMAL,CHIHUAHUA LH,BLACK
03-01-11,STRAY,OTC,DOG,N,1,11,0,NORMAL,PIT BULL,BR BRINDLE
03-01-11,OWNER SUR,OTC,DOG,S,1,11,7,NORMAL,WELSH CORGI CAR,BLACK
03-01-11,STRAY,OTC,CAT,N,1,0,0,NORMAL,DOMESTIC SH,BLUE
03-01-11,STRAY,OTC,DOG,S,1,6,29,NORMAL,GREAT PYRENEES,WHITE
03-01-11,STRAY,OTC,DOG,F,1,6,29,NORMAL,PIT BULL,BLUE
03-01-11,OWNER SUR,OTC,DOG,M,3,0,18,NORMAL,STAFFORDSHIRE,TAN
03-01-11,STRAY,FIELD,DOG,N,3,0,24,NORMAL,PIT BULL,WHITE
03-01-11,STRAY,OTC,DOG,S,2,0,0,NORMAL,YORKSHIRE TERR,BLACK
03-01-11,STRAY,FIELD,DOG,N,2,0,0,NORMAL,STAFFORDSHIRE,WHITE
03-01-11,STRAY,OTC,CAT,N,2,0,0,NORMAL,DOMESTIC SH,BLACK
03-01-11,STRAY,FIELD,DOG,N,2,0,0,NORMAL,LABRADOR RETR,YELLOW
03-01-11,STRAY,FIELD,DOG,N,2,0,0,NORMAL,CHIHUAHUA SH,RED
03-01-11,STRAY,FIELD,DOG,N,2,0,0,NORMAL,CHIHUAHUA LH,TAN
03-01-11,STRAY,OTC,DOG,N,2,0,0,NORMAL,SIBERIAN HUSKY,RED
03-01-11,STRAY,FIELD,DOG,N,2,0,0,NORMAL,AMERICAN STAFF,RED
03-01-11,OWNER SUR,OTC,CAT,N,2,1,17,NORMAL,DOMESTIC SH,BLACK
03-01-11,OWNER SUR,OTC,DOG,N,2,1,14,NORMAL,BORDER COLLIE,BLACK
03-01-11,PUBLIC AST,QUARANTINE,DOG,N,3,11,0,NORMAL,PIT BULL,BLACK
03-01-11,STRAY,OTC,CAT,S,4,0,27,PREGNANT,DOMESTIC SH,BLUE CREAM
03-01-11,OWNER SUR,OTC,CAT,S,3,0,0,NORMAL,DOMESTIC SH,BLUE
03-01-11,STRAY,FIELD,DOG,F,3,0,0,INJURED,PIT BULL,BR BRINDLE
03-01-11,OWNER SUR,OTC,DOG,S,4,7,29,NORMAL,CHOW CHOW,BLACK
03-01-11,STRAY,OTC,DOG,N,4,8,0,NORMAL,PIT BULL,TAN
03-01-11,OWNER SUR,OTC,CAT,S,5,0,19,NORMAL,DOMESTIC SH,BRN TABBY
03-01-11,OWNER SUR,OTC,CAT,S,5,0,19,NORMAL,DOMESTIC LH,BLACK
03-01-11,OWNER SUR,OTC,CAT,S,4,0,1,NORMAL,DOMESTIC LH,TORTIE
03-01-11,OWNER SUR,OTC,CAT,N,4,0,1,NORMAL,DOMESTIC SH,BLACK
03-01-11,OWNER SUR,OTC,CAT,S,4,0,1,NORMAL,DOMESTIC LH,BLACK
03-01-11,OWNER SUR,OTC,DOG,N,4,6,0,NORMAL,RAT TERRIER,WHITE
03-01-11,STRAY,OTC,DOG,M,5,0,1,NORMAL,CHOW CHOW,BLACK
03-01-11,STRAY,FIELD,DOG,S,5,0,1,NORMAL,BRITTANY,WHITE
03-01-11,OWNER SUR,OTC,DOG,N,5,3,26,NORMAL,JACK RUSS TERR,WHITE
03-01-11,OWNER SUR,OTC,CAT,S,6,0,1,NORMAL,DOMESTIC LH,CRM TABBY
03-01-11,OWNER SUR,RETURN,DOG,N,6,1,21,NORMAL,GERM SHEPHERD,BROWN
03-01-11,OWNER SUR,OTC,CAT,S,7,0,1,NORMAL,CYMRIC,BLUE CREAM
03-01-11,OWNER SUR,OTC,CAT,N,7,0,1,NORMAL,DOMESTIC SH,CRM TABBY
03-01-11,OWNER SUR,OTC,CAT,S,7,0,1,NORMAL,DOMESTIC SH,CALICO
03-01-11,STRAY,FIELD,DOG,S,7,2,18,INJURED,LABRADOR RETR,BUFF
03-01-11,STRAY,OTC,DOG,S,9,0,29,NORMAL,DOBERMAN PINSCH,CHOCOLATE
03-01-11,OWNER SUR,OTC,CAT,S,8,0,2,NORMAL,DOMESTIC SH,TORTIE
03-01-11,STRAY,OTC,CAT,N,8,0,2,NORMAL,DOMESTIC SH,WHITE
03-01-11,STRAY,FIELD,DOG,S,8,0,2,OTHER,MALTESE,WHITE
03-01-11,STRAY,OTC,CAT,N,10,0,0,NORMAL,DOMESTIC SH,BRN TABBY
03-01-11,STRAY,OTC,CAT,S,11,0,22,NORMAL,DOMESTIC LH,TORTIE
03-01-11,OWNER SUR,OTC,CAT,S,10,0,2,NORMAL,DOMESTIC LH,CALICO
03-01-11,OWNER SUR,OTC,CAT,S,10,0,2,NORMAL,DOMESTIC SH,CALICO
03-01-11,PUBLIC AST,QUARANTINE,CAT,N,10,1,16,NORMAL,DOMESTIC SH,BRN TABBY
03-01-11,OWNER SUR,OTC,CAT,N,12,0,3,NORMAL,DOMESTIC SH,ORG TABBY
03-02-11,OWNER SUR,OTC,DOG,S,0,1,29,OTHER,POODLE MIN,BLACK
03-02-11,STRAY,OTC,CAT,N,0,1,4,NURSING,DOMESTIC SH,BLACK
03-02-11,STRAY,OTC,CAT,N,0,1,4,NURSING,DOMESTIC SH,BRN TABBY
03-02-11,STRAY,OTC,CAT,N,0,1,4,NURSING,DOMESTIC SH,BLACK
03-02-11,STRAY,OTC,DOG,M,0,2,20,NORMAL,CHIHUAHUA SH,BLACK
03-02-11,STRAY,OTC,DOG,S,0,2,9,NORMAL,BELG MALINOIS,BROWN
03-02-11,STRAY,OTC,DOG,N,0,2,9,NORMAL,GERM SHEPHERD,BROWN
03-02-11,STRAY,OTC,DOG,N,0,2,9,NORMAL,GERM SHEPHERD,BROWN
03-02-11,STRAY,OTC,CAT,S,0,6,0,NORMAL,SNOWSHOE,SEAL PT
03-02-11,STRAY,OTC,CAT,N,1,8,5,NORMAL,DOMESTIC SH,CRM TABBY
03-02-11,STRAY,FIELD,DOG,N,1,0,0,FERAL,DACHSHUND,RED
03-02-11,STRAY,FIELD,DOG,S,1,0,0,NORMAL,LABRADOR RETR,WHITE
03-02-11,STRAY,FIELD,DOG,M,1,0,0,NORMAL,PIT BULL,BROWN
03-02-11,OWNER SUR,OTC,CAT,S,1,0,0,PREGNANT,DOMESTIC SH,BRN TABBY
03-02-11,STRAY,OTC,CAT,S,1,0,0,NORMAL,DOMESTIC SH,TORBIE
03-02-11,STRAY,OTC,DOG,N,1,0,11,NORMAL,GREAT PYRENEES,WHITE
03-02-11,STRAY,OTC,DOG,N,1,2,29,NORMAL,COCKER SPAN,GOLD
03-02-11,STRAY,FIELD,DOG,S,1,6,29,FERAL,DACHSHUND,RED
03-02-11,STRAY,OTC,CAT,S,2,11,6,NURSING,DOMESTIC MH,BLACK
03-02-11,STRAY,OTC,DOG,M,3,0,0,NORMAL,GERM SHEPHERD,SABLE
03-02-11,PUBLIC AST,QUARANTINE,DOG,N,2,0,0,NORMAL,BORDER TERRIER,WHITE
03-02-11,STRAY,OTC,CAT,F,2,0,0,PREGNANT,DOMESTIC SH,CRM TABBY
03-02-11,STRAY,OTC,DOG,N,2,0,0,NORMAL,CHIHUAHUA SH,YELLOW
03-02-11,OWNER SUR,FIELD,DOG,N,2,0,0,NORMAL,PEKINGESE,TAN
03-02-11,STRAY,FIELD,DOG,S,2,0,0,NORMAL,CATAHOULA,BR BRINDLE
03-02-11,STRAY,FIELD,DOG,S,2,0,0,NORMAL,ANATOL SHEPHERD,TAN
03-02-11,STRAY,OTC,DOG,S,3,0,0,NORMAL,SHIH TZU,BROWN
03-02-11,PUBLIC AST,QUARANTINE,CAT,N,3,0,3,NORMAL,DOMESTIC SH,BLACK
03-02-11,OWNER SUR,OTC,DOG,S,3,6,21,NORMAL,SCHNAUZER MIN,BLACK
03-02-11,PUBLIC AST,QUARANTINE,DOG,N,4,0,1,NORMAL,CHIHUAHUA SH,BLACK
03-02-11,PUBLIC AST,QUARANTINE,DOG,M,4,0,1,NORMAL,DACHSHUND,BROWN
03-02-11,STRAY,FIELD,DOG,N,5,0,1,NORMAL,PBGV,TAN
03-02-11,STRAY,NO SUBTYPE,DOG,N,5,0,1,NORMAL,BOXER,BROWN
03-02-11,STRAY,NO SUBTYPE,DOG,S,7,0,26,NORMAL,BOXER,BROWN
03-02-11,OWNER SUR,FIELD,DOG,N,6,0,1,NORMAL,AUST SHEPHERD,TRICOLOR
03-02-11,OWNER SUR,OTC,DOG,S,6,0,1,NORMAL,ENG BULLDOG,BROWN
03-02-11,STRAY,OTC,DOG,S,6,2,13,NORMAL,LABRADOR RETR,BLACK
03-02-11,OWNER SUR,OTC,CAT,M,7,0,1,NORMAL,DOMESTIC SH,ORG TABBY
03-02-11,STRAY,FIELD,DOG,M,9,0,25,NORMAL,CHOW CHOW,SABLE
03-02-11,STRAY,OTC,DOG,M,10,0,2,OTHER,BOXER,BROWN
03-03-11,STRAY,OTC,CAT,N,0,1,15,NURSING,DOMESTIC SH,BLACK
03-03-11,STRAY,OTC,CAT,N,0,1,15,NURSING,DOMESTIC SH,BLACK
03-03-11,STRAY,OTC,CAT,S,0,1,15,NURSING,DOMESTIC SH,BLACK
03-03-11,STRAY,OTC,CAT,S,0,2,13,INJURED,DOMESTIC SH,BRN TABBY
03-03-11,STRAY,OTC,DOG,N,0,5,27,NORMAL,BLACK/TAN HOUND,BROWN
03-03-11,STRAY,OTC,DOG,S,0,5,27,NORMAL,REDBONE HOUND,BROWN
03-03-11,STRAY,OTC,DOG,S,0,5,27,NORMAL,REDBONE HOUND,RED
03-03-11,STRAY,OTC,DOG,N,0,5,27,NORMAL,BORDER COLLIE,WHITE
03-03-11,STRAY,OTC,DOG,N,0,5,10,NORMAL,RAT TERRIER,TRICOLOR
03-03-11,STRAY,OTC,DOG,M,0,6,25,NORMAL,BORDER COLLIE,BLACK
03-03-11,OWNER SUR,OTC,CAT,N,0,6,29,NORMAL,DOMESTIC LH,BRN TABBY
03-03-11,OWNER SUR,RETURN,DOG,N,1,8,20,NORMAL,DACHSHUND,BLACK
03-03-11,OWNER SUR,OTC,DOG,N,1,8,5,NORMAL,CHOW CHOW,BLACK
03-03-11,OWNER SUR,FIELD,DOG,N,1,9,0,NORMAL,LABRADOR RETR,BUFF
03-03-11,OWNER SUR,OTC,DOG,M,1,9,0,NORMAL,LABRADOR RETR,BUFF
03-03-11,OWNER SUR,OTC,DOG,S,1,10,1,NORMAL,GERM SHEPHERD,BLACK
03-03-11,STRAY,OTC,DOG,S,1,10,1,NORMAL,LABRADOR RETR,BLACK
03-03-11,STRAY,OTC,DOG,N,2,0,27,NORMAL,CHIHUAHUA SH,BROWN
03-03-11,STRAY,FIELD,DOG,N,1,0,0,NORMAL,LABRADOR RETR,BLACK
03-03-11,OWNER SUR,OTC,CAT,S,1,0,0,NORMAL,DOMESTIC SH,BRN TABBY
03-03-11,OWNER SUR,OTC,CAT,N,1,0,0,NORMAL,DOMESTIC SH,BRN TABBY
03-03-11,OWNER SUR,OTC,DOG,S,1,3,26,NORMAL,PIT BULL,TAN
03-03-11,PUBLIC AST,QUARANTINE,DOG,N,1,6,16,NORMAL,COCKER SPAN,WHITE
03-03-11,STRAY,OTC,DOG,S,1,6,24,NORMAL,LABRADOR RETR,TAN
03-03-11,STRAY,OTC,DOG,S,3,0,24,NORMAL,CHIHUAHUA SH,RED
03-03-11,OWNER SUR,OTC,DOG,N,3,0,28,NORMAL,PLOTT HOUND,BR BRINDLE
03-03-11,OWNER SUR,OTC,DOG,N,3,0,28,NORMAL,PLOTT HOUND,BR BRINDLE
03-03-11,OWNER SUR,OTC,DOG,N,2,0,0,NORMAL,AUST CATTLE DOG,BRN MERLE
03-03-11,STRAY,EMERG CLC,CAT,M,2,0,0,INJURED,SIAMESE,SEAL PT
03-03-11,OWNER SUR,OTC,DOG,N,2,0,0,NORMAL,CHIHUAHUA SH,TAN
03-03-11,STRAY,FIELD,DOG,S,2,0,0,NORMAL,PIT BULL,WHITE
03-03-11,OWNER SUR,OTC,DOG,N,2,6,29,NORMAL,AMER BULLDOG,BROWN
03-03-11,OWNER SUR,OTC,CAT,N,3,0,0,NORMAL,DOMESTIC SH,ORG TABBY
03-03-11,STRAY,OTC,DOG,F,3,0,0,NORMAL,PIT BULL,BR BRINDLE
03-03-11,STRAY,OTC,DOG,N,3,0,0,NORMAL,PIT BULL,SABLE
03-03-11,STRAY,OTC,DOG,N,3,0,0,NORMAL,GERM SH POINT,BLACK
03-03-11,OWNER SUR,OTC,DOG,S,4,9,6,NORMAL,GERM SHEPHERD,BLACK
03-03-11,STRAY,FIELD,DOG,S,4,0,1,NORMAL,LABRADOR RETR,RED
03-03-11,STRAY,FIELD,DOG,N,4,1,20,NORMAL,LABRADOR RETR,BLACK
03-03-11,STRAY,FIELD,DOG,N,4,1,20,NORMAL,LABRADOR RETR,BLACK
03-03-11,OWNER SUR,OTC,DOG,S,5,0,1,NORMAL,LABRADOR RETR,BLACK
03-03-11,STRAY,OTC,DOG,S,5,0,1,NORMAL,CHIHUAHUA SH,RED
03-03-11,OWNER SUR,OTC,CAT,N,6,4,3,NORMAL,MAINE COON,BRN TABBY
03-03-11,OWNER SUR,OTC,CAT,S,7,10,16,NORMAL,DOMESTIC SH,TORBIE
03-03-11,STRAY,OTC,CAT,S,7,0,1,NORMAL,DOMESTIC SH,BRN TABBY
03-03-11,OWNER SUR,OTC,DOG,S,7,2,9,NORMAL,ROTTWEILER,BLACK
03-03-11,STRAY,FIELD,DOG,S,7,6,1,NORMAL,STAFFORDSHIRE,TAN
03-03-11,OWNER SUR,OTC,CAT,S,8,0,2,NORMAL,DOMESTIC SH,TORBIE
03-03-11,OWNER SUR,OTC,DOG,F,11,0,2,NORMAL,PIT BULL,RED
03-03-11,PUBLIC AST,QUARANTINE,CAT,S,14,0,4,NORMAL,DOMESTIC MH,BLUE CREAM
03-03-11,STRAY,FIELD,CAT,U,NO AGE,INJURED,DOMESTIC MH,BLACK,,
03-04-11,STRAY,OTC,DOG,M,0,2,29,INJURED,CHIHUAHUA LH,TRICOLOR
03-04-11,OWNER SUR,OTC,DOG,N,0,2,3,NORMAL,LABRADOR RETR,BLACK
03-04-11,STRAY,OTC,CAT,S,0,4,17,NORMAL,DOMESTIC SH,CALICO
03-04-11,STRAY,OTC,DOG,N,0,4,10,NORMAL,GERM SHEPHERD,SABLE
03-04-11,STRAY,OTC,DOG,N,0,4,10,NORMAL,AUST SHEPHERD,WHITE
03-04-11,STRAY,OTC,DOG,N,1,8,1,INJURED,SCHNAUZER MIN,BROWN
03-04-11,STRAY,OTC,DOG,N,1,9,26,NORMAL,LABRADOR RETR,BLACK
03-04-11,STRAY,OTC,DOG,N,1,10,1,NORMAL,CHIHUAHUA LH,BLACK
03-04-11,PUBLIC AST,INVESTIGAT,DOG,N,1,6,0,NORMAL,PIT BULL,BLACK
03-04-11,STRAY,OTC,DOG,N,1,6,23,NORMAL,LABRADOR RETR,BLACK
03-04-11,STRAY,OTC,DOG,N,1,6,25,NORMAL,CHIHUAHUA SH,RED
03-04-11,STRAY,FIELD,DOG,S,1,6,29,NORMAL,DACHSHUND,BLACK
03-04-11,STRAY,FIELD,DOG,F,1,6,29,NORMAL,DACHSHUND,BLACK
03-04-11,STRAY,OTC,CAT,N,2,7,20,NORMAL,DOMESTIC SH,BRN TABBY
03-04-11,STRAY,OTC,DOG,N,3,0,21,NORMAL,GERM SHEPHERD,TAN
03-04-11,STRAY,OTC,DOG,N,3,0,25,NORMAL,CHIHUAHUA SH,BROWN
03-04-11,STRAY,OTC,CAT,F,2,0,0,INJURED,DOMESTIC SH,BRN TABBY
03-04-11,STRAY,FIELD,DOG,M,2,0,0,OTHER,AMER BULLDOG,WHITE
03-04-11,OWNER SUR,OTC,CAT,N,2,0,0,NORMAL,DOMESTIC SH,BLUE
03-04-11,STRAY,FIELD,DOG,S,2,0,0,NORMAL,LABRADOR RETR,BLACK
03-04-11,STRAY,OTC,CAT,N,2,5,10,NORMAL,SIAMESE,SEAL PT
03-04-11,STRAY,OTC,DOG,M,2,6,25,NORMAL,PIT BULL,BL BRINDLE
03-04-11,OWNER SUR,OTC,CAT,S,2,6,29,NORMAL,DOMESTIC SH,TORBIE
03-04-11,OWNER SUR,OTC,CAT,N,2,6,29,NORMAL,DOMESTIC SH,ORG TABBY
03-04-11,OWNER SUR,OTC,CAT,N,4,0,25,NORMAL,DOMESTIC SH,BRN TABBY
03-04-11,OWNER SUR,OTC,DOG,N,3,0,0,NORMAL,SHIH TZU,WHITE
03-04-11,STRAY,OTC,CAT,N,3,0,0,NORMAL,DOMESTIC SH,WHITE
03-04-11,STRAY,FIELD,DOG,N,3,0,0,NORMAL,ROTTWEILER,BLACK
03-04-11,OWNER SUR,OTC,CAT,N,3,0,2,NORMAL,DOMESTIC SH,BLUE TABBY
03-04-11,PUBLIC AST,QUARANTINE,CAT,N,3,6,1,SICK,DOMESTIC SH,WHITE
03-04-11,STRAY,FIELD,DOG,S,5,0,23,NORMAL,LABRADOR RETR,RED
03-04-11,STRAY,OTC,DOG,S,5,0,24,NORMAL,JACK RUSS TERR,WHITE
03-04-11,OWNER SUR,OTC,CAT,S,6,0,0,NORMAL,DOMESTIC SH,TORBIE
03-04-11,STRAY,OTC,DOG,M,10,0,1,NORMAL,SHETLD SHEEPDOG,SABLE
03-04-11,OWNER SUR,OTC,CAT,N,13,0,3,SICK,DOMESTIC SH,ORG TABBY
03-04-11,EUTH REQ,NO SUBTYPE,CAT,S,15,0,3,SICK,AMER CURL SH,ORG TABBY
03-04-11,STRAY,OTC,CAT,F,15,0,3,NORMAL,DOMESTIC SH,CALICO
03-05-11,STRAY,OTC,DOG,M,0,1,28,SICK,DACHSHUND,TAN
03-05-11,STRAY,OTC,DOG,F,0,1,28,SICK,DACHSHUND,TAN
03-05-11,STRAY,OTC,DOG,N,0,3,25,NORMAL,WEST HIGHLAND,WHITE
03-05-11,OWNER SUR,OTC,CAT,S,0,5,29,NORMAL,DOMESTIC SH,ORG TABBY
03-05-11,STRAY,OTC,DOG,N,0,6,24,NORMAL,BLACK MOUTH CUR,BROWN
03-05-11,STRAY,OTC,DOG,M,0,6,29,NORMAL,BULL TERRIER,TAN
03-05-11,OWNER SUR,OTC,DOG,S,1,11,0,NORMAL,CHIHUAHUA SH,TAN
03-05-11,STRAY,OTC,DOG,M,1,10,1,NORMAL,STAFFORDSHIRE,BLUE
03-05-11,OWNER SUR,OTC,DOG,N,1,0,0,NORMAL,CHIHUAHUA SH,TAN
03-05-11,STRAY,OTC,DOG,S,1,0,0,NORMAL,DACHSHUND,BLUE MERLE
03-05-11,OWNER SUR,OTC,DOG,N,1,0,0,NORMAL,CHIHUAHUA SH,TAN
03-05-11,STRAY,OTC,DOG,S,1,2,16,NORMAL,BORDER COLLIE,TRICOLOR
03-05-11,OWNER SUR,OTC,DOG,S,1,6,25,NORMAL,COLLIE SMOOTH,TRICOLOR
03-05-11,STRAY,FIELD,DOG,S,1,6,29,NORMAL,LABRADOR RETR,WHITE
03-05-11,PUBLIC AST,QUARANTINE,DOG,N,2,9,25,NORMAL,LABRADOR RETR,BLACK
03-05-11,PUBLIC AST,QUARANTINE,DOG,S,2,10,2,NORMAL,GERM SHEPHERD,BROWN
03-05-11,PUBLIC AST,INVESTIGAT,DOG,S,2,0,0,NORMAL,CATAHOULA,CHOCOLATE
03-05-11,STRAY,FIELD,DOG,N,2,0,0,NORMAL,BEAGLE,TRICOLOR
03-05-11,STRAY,FIELD,DOG,N,2,0,0,NORMAL,CHIHUAHUA SH,TAN
03-05-11,OWNER SUR,OTC,CAT,N,2,0,0,NORMAL,DOMESTIC SH,BLACK
03-05-11,STRAY,FIELD,DOG,M,2,0,0,NORMAL,GERM SHEPHERD,TAN
03-05-11,STRAY,OTC,DOG,F,2,0,0,SICK,GERM SHEPHERD,RED
03-05-11,STRAY,OTC,DOG,N,2,2,11,NORMAL,LABRADOR RETR,WHITE
03-05-11,STRAY,FIELD,DOG,N,2,6,29,INJURED,LABRADOR RETR,RED
03-05-11,STRAY,OTC,DOG,S,3,10,7,NORMAL,PIT BULL,BROWN
03-05-11,STRAY,OTC,DOG,N,3,11,19,NORMAL,PIT BULL,BROWN
03-05-11,OWNER SUR,OTC,DOG,N,4,0,24,NORMAL,AUST CATTLE DOG,RED
03-05-11,STRAY,FIELD,DOG,S,3,6,26,NORMAL,DACHSHUND,RED
03-05-11,STRAY,OTC,DOG,N,4,8,14,NORMAL,PIT BULL,BLUE
03-05-11,OWNER SUR,RETURN,DOG,N,4,11,15,NORMAL,ANATOL SHEPHERD,TAN
03-05-11,STRAY,OTC,CAT,N,5,0,27,NORMAL,DOMESTIC SH,WHITE
03-05-11,STRAY,OTC,DOG,S,4,5,18,NORMAL,PIT BULL,WHITE
03-05-11,STRAY,FIELD,DOG,S,6,0,29,NORMAL,CHIHUAHUA SH,TAN
03-05-11,OWNER SUR,OTC,DOG,N,5,0,1,NORMAL,CHIHUAHUA SH,CHOCOLATE
03-05-11,STRAY,FIELD,DOG,S,5,2,25,NORMAL,PIT BULL,WHITE
03-05-11,STRAY,OTC,DOG,N,6,0,1,NORMAL,WELSH CORGI PEM,TAN
03-05-11,OWNER SUR,OTC,CAT,S,6,0,1,NORMAL,RAGDOLL,CALICO PT
03-05-11,OWNER SUR,OTC,CAT,S,8,0,28,NORMAL,DOMESTIC SH,WHITE
03-05-11,STRAY,OTC,DOG,S,8,0,28,SICK,DACHSHUND,RED
03-05-11,STRAY,FIELD,DOG,N,7,0,0,NORMAL,SHIH TZU,SABLE
03-05-11,STRAY,OTC,DOG,N,7,5,25,NORMAL,SIBERIAN HUSKY,BLACK
03-05-11,STRAY,OTC,DOG,M,8,0,2,NORMAL,BELG SHEEPDOG,CHOCOLATE
03-05-11,STRAY,FIELD,DOG,N,10,0,22,NORMAL,WOLF HYBRID,BROWN
03-05-11,STRAY,OTC,DOG,N,10,0,2,NORMAL,LABRADOR RETR,YELLOW
03-05-11,STRAY,FIELD,CAT,F,NO AGE,NORMAL,DOMESTIC SH,BRN TABBY,,
03-06-11,STRAY,FIELD,DOG,F,0,1,22,NORMAL,FLAT COAT RETR,BLACK
03-06-11,STRAY,FIELD,DOG,F,0,1,22,NORMAL,FLAT COAT RETR,BLACK
03-06-11,STRAY,FIELD,DOG,F,0,1,22,NORMAL,FLAT COAT RETR,BLACK
03-06-11,STRAY,OTC,DOG,N,0,1,12,NORMAL,CHINESE SHARPEI,BROWN
03-06-11,STRAY,OTC,DOG,S,0,1,12,NORMAL,CHINESE SHARPEI,BLACK
03-06-11,STRAY,OTC,DOG,S,0,2,15,NORMAL,CHINESE SHARPEI,BLACK
03-06-11,STRAY,OTC,DOG,N,0,2,15,NORMAL,CATAHOULA,BLUE MERLE
03-06-11,PUBLIC AST,SURGERY,DOG,S,0,2,0,NORMAL,LABRADOR RETR,TAN
03-06-11,STRAY,OTC,DOG,S,0,2,9,NORMAL,GREAT PYRENEES,BROWN
03-06-11,OWNER SUR,OTC,CAT,N,0,4,13,NORMAL,MAINE COON,CRM TABBY
03-06-11,OWNER SUR,OTC,CAT,N,0,6,28,NORMAL,DOMESTIC SH,BRN TABBY
03-06-11,OWNER SUR,OTC,CAT,N,1,8,22,NORMAL,DOMESTIC SH,BRN TABBY
03-06-11,STRAY,FIELD,DOG,S,1,10,1,NORMAL,CHOW CHOW,BLACK
03-06-11,OWNER SUR,OTC,DOG,M,1,10,1,NORMAL,ENTLEBUCHER,TRICOLOR
03-06-11,STRAY,OTC,DOG,S,2,0,27,INJURED,CHIHUAHUA SH,CHOCOLATE
03-06-11,OWNER SUR,OTC,DOG,N,2,0,29,NORMAL,LABRADOR RETR,BLACK
03-06-11,PUBLIC AST,QUARANTINE,DOG,M,1,0,0,NORMAL,ROTTWEILER,BLACK
03-06-11,OWNER SUR,OTC,CAT,S,1,0,0,NORMAL,DOMESTIC MH,CALICO PT
03-06-11,OWNER SUR,OTC,DOG,S,1,0,0,NORMAL,LABRADOR RETR,BLACK
03-06-11,OWNER SUR,OTC,DOG,S,1,2,15,NORMAL,GREAT PYRENEES,WHITE
03-06-11,STRAY,EMERG CLC,DOG,M,1,2,3,INJURED,LABRADOR RETR,BR BRINDLE
03-06-11,OWNER SUR,OTC,DOG,S,1,6,26,NORMAL,LABRADOR RETR,BUFF
03-06-11,STRAY,OTC,CAT,S,1,6,29,NORMAL,DOMESTIC SH,BLACK
03-06-11,OWNER SUR,OTC,CAT,S,1,6,29,NORMAL,DOMESTIC MH,TORBIE
03-06-11,STRAY,OTC,DOG,F,2,11,2,NORMAL,CHOW CHOW,BLACK
03-06-11,STRAY,OTC,DOG,N,3,0,25,NORMAL,STAFFORDSHIRE,TAN
03-06-11,PUBLIC AST,INVESTIGAT,DOG,M,2,0,0,NORMAL,PIT BULL,TAN
03-06-11,PUBLIC AST,SURGERY,DOG,S,2,0,2,NORMAL,LABRADOR RETR,BLACK
03-06-11,STRAY,FIELD,DOG,F,3,0,0,INJURED,CHIHUAHUA LH,RED
03-06-11,OWNER SUR,OTC,DOG,S,3,0,0,NORMAL,JACK RUSS TERR,WHITE
03-06-11,STRAY,OTC,DOG,M,4,0,1,NORMAL,AUST SHEPHERD,RED
03-06-11,OWNER SUR,OTC,DOG,S,5,7,11,NORMAL,DOGO ARGENTINO,WHITE
03-06-11,STRAY,OTC,DOG,N,5,10,11,NORMAL,LABRADOR RETR,BLACK
03-06-11,STRAY,OTC,DOG,N,5,0,1,NORMAL,LABRADOR RETR,YELLOW
03-06-11,STRAY,OTC,CAT,S,7,0,28,NORMAL,MUNCHKIN SH,ORG TABBY
03-06-11,PUBLIC AST,QUARANTINE,DOG,S,6,0,1,NORMAL,LABRADOR RETR,BROWN
03-06-11,PUBLIC AST,QUARANTINE,DOG,M,6,0,1,NORMAL,STAFFORDSHIRE,BROWN
03-06-11,STRAY,FIELD,DOG,N,7,0,1,INJURED,CHIHUAHUA SH,TAN
03-06-11,STRAY,OTC,DOG,S,9,0,29,NORMAL,DACHSHUND LH,BLACK
03-06-11,OWNER SUR,OTC,CAT,N,10,0,29,NORMAL,MAINE COON,BRN TABBY
03-06-11,STRAY,OTC,DOG,M,9,5,1,NORMAL,AMERICAN STAFF,BROWN
03-06-11,OWNER SUR,OTC,CAT,N,10,0,2,NORMAL,DOMESTIC SH,BLUE TABBY
03-06-11,STRAY,OTC,DOG,F,11,0,2,NORMAL,SHIBA INU,TAN
03-06-11,OWNER SUR,OTC,CAT,F,17,0,28,NORMAL,DOMESTIC SH,CALICO PT
03-07-11,STRAY,OTC,DOG,F,0,2,29,NORMAL,COLLIE SMOOTH,TAN
03-07-11,STRAY,OTC,CAT,N,0,2,1,NORMAL,DOMESTIC SH,CRM TABBY
03-07-11,OWNER SUR,OTC,CAT,N,0,2,12,NORMAL,DOMESTIC SH,CRM TABBY
03-07-11,OWNER SUR,OTC,CAT,N,0,2,12,NORMAL,DOMESTIC SH,BRN TABBY
03-07-11,STRAY,OTC,DOG,S,0,3,17,NORMAL,CHIHUAHUA SH,BLACK
03-07-11,STRAY,OTC,DOG,M,0,3,20,NORMAL,ROTTWEILER,BLACK
03-07-11,STRAY,OTC,DOG,S,0,3,20,NORMAL,ROTTWEILER,BLACK
03-07-11,STRAY,OTC,DOG,S,0,3,20,NORMAL,ROTTWEILER,TAN
03-07-11,STRAY,OTC,DOG,S,0,3,26,NORMAL,CHOW CHOW,TAN
03-07-11,STRAY,FIELD,DOG,N,0,3,29,INJURED,BORDER TERRIER,BROWN
03-07-11,STRAY,OTC,CAT,N,1,10,28,NORMAL,HIMALAYAN,FLAME PT
03-07-11,STRAY,OTC,CAT,S,1,0,0,FERAL,DOMESTIC MH,BLUE
03-07-11,OWNER SUR,OTC,DOG,N,1,0,0,NORMAL,LABRADOR RETR,BLACK
03-07-11,PUBLIC AST,QUARANTINE,DOG,N,1,2,7,NORMAL,CHIHUAHUA SH,BLACK
03-07-11,STRAY,OTC,DOG,N,1,6,29,NORMAL,BORDER COLLIE,WHITE
03-07-11,OWNER SUR,OTC,DOG,N,1,6,29,NORMAL,POODLE MIN,APRICOT
03-07-11,STRAY,OTC,DOG,N,1,6,29,NORMAL,MIN PINSCHER,BLACK
03-07-11,STRAY,OTC,DOG,N,3,0,20,NORMAL,LABRADOR RETR,WHITE
03-07-11,STRAY,OTC,CAT,N,3,0,0,NORMAL,DOMESTIC SH,ORG TABBY
03-07-11,STRAY,OTC,DOG,M,2,0,0,NORMAL,CHINESE SHARPEI,YELLOW
03-07-11,STRAY,OTC,CAT,M,2,0,0,NORMAL,DOMESTIC SH,BLACK
03-07-11,OWNER SUR,OTC,CAT,S,2,0,0,NORMAL,DOMESTIC LH,BLUE TABBY
03-07-11,STRAY,OTC,CAT,S,2,0,0,NORMAL,BENGAL,BRN TABBY
03-07-11,PUBLIC AST,SURGERY,DOG,S,2,1,10,NORMAL,SIBERIAN HUSKY,WHITE
03-07-11,STRAY,OTC,DOG,S,3,8,10,NORMAL,GERM SHEPHERD,BLACK
03-07-11,OWNER SUR,OTC,DOG,N,4,0,26,NORMAL,POODLE MIN,CREAM
03-07-11,STRAY,FIELD,CAT,N,3,0,0,INJURED,DOMESTIC MH,BLUE TABBY
03-07-11,OWNER SUR,OTC,CAT,S,3,0,0,NORMAL,DOMESTIC SH,BRN TABBY
03-07-11,STRAY,OTC,DOG,F,4,0,1,NORMAL,LABRADOR RETR,BLACK
03-07-11,STRAY,OTC,DOG,S,4,0,1,NORMAL,LABRADOR RETR,BLACK
03-07-11,STRAY,OTC,DOG,S,6,0,27,NORMAL,GERM SHEPHERD,BROWN
03-07-11,STRAY,FIELD,DOG,S,10,2,18,NORMAL,ANATOL SHEPHERD,TAN
03-08-11,STRAY,OTC,DOG,S,0,2,27,NORMAL,CATAHOULA,BRN MERLE
03-08-11,STRAY,OTC,DOG,N,0,2,5,INJURED,CHOW CHOW,TAN
03-08-11,STRAY,OTC,DOG,S,0,2,8,NORMAL,KEESHOND,TAN
03-08-11,STRAY,OTC,DOG,S,0,4,9,NORMAL,LABRADOR RETR,BROWN
03-08-11,STRAY,OTC,CAT,N,0,4,10,NORMAL,DOMESTIC SH,BRN TABBY
03-08-11,STRAY,OTC,CAT,S,1,7,24,NORMAL,DOMESTIC MH,ORG TABBY
03-08-11,STRAY,OTC,CAT,S,1,7,24,NORMAL,DOMESTIC SH,ORG TABBY
03-08-11,STRAY,FIELD,DOG,N,1,9,0,INJURED,LABRADOR RETR,YELLOW
03-08-11,STRAY,OTC,CAT,S,1,10,1,NORMAL,DOMESTIC SH,ORG TABBY
03-08-11,PUBLIC AST,OIJ,DOG,M,1,0,0,NORMAL,GERM SHEPHERD,BLACK
03-08-11,STRAY,OTC,DOG,S,1,0,0,NORMAL,STAFFORDSHIRE,RED
03-08-11,OWNER SUR,OTC,DOG,N,1,0,0,NORMAL,AMER BULLDOG,WHITE
03-08-11,STRAY,EMERG CLC,CAT,F,1,2,5,SICK,DOMESTIC SH,CALICO
03-08-11,STRAY,FIELD,DOG,N,1,6,29,NORMAL,AUST SHEPHERD,WHITE
03-08-11,STRAY,FIELD,DOG,N,1,6,29,NORMAL,GERM SHEPHERD,RED
03-08-11,STRAY,OTC,DOG,N,2,8,0,NORMAL,DACHSHUND,BLACK
03-08-11,STRAY,FIELD,DOG,S,3,0,15,INJURED,POINTER,WHITE
03-08-11,STRAY,EMERG CLC,DOG,N,2,0,0,INJURED,GERM SHEPHERD,BROWN
03-08-11,STRAY,FIELD,DOG,F,2,3,23,NORMAL,PIT BULL,BR BRINDLE
03-08-11,STRAY,OTC,DOG,N,2,4,7,NORMAL,PIT BULL,BR BRINDLE
03-08-11,STRAY,FIELD,DOG,S,3,0,0,NORMAL,ST BERNARD RGH,WHITE
03-08-11,STRAY,FIELD,DOG,N,3,0,0,NORMAL,CHOW CHOW,BLACK
03-08-11,OWNER SUR,OTC,DOG,S,3,4,9,NORMAL,CHIHUAHUA SH,WHITE
03-08-11,OWNER SUR,OTC,DOG,N,3,6,0,NORMAL,MIN PINSCHER,BLACK
03-08-11,STRAY,OTC,DOG,S,4,0,1,NORMAL,BOXER,BROWN
03-08-11,STRAY,OTC,DOG,M,4,3,29,NORMAL,STAFFORDSHIRE,BLACK
03-08-11,STRAY,OTC,DOG,N,5,7,16,NORMAL,LABRADOR RETR,BLACK
03-08-11,PUBLIC AST,QUARANTINE,DOG,S,7,0,1,NORMAL,POODLE TOY,WHITE
03-08-11,STRAY,FIELD,DOG,S,12,1,4,NORMAL,CHOW CHOW,BLACK
03-09-11,STRAY,FIELD,DOG,N,0,2,29,NORMAL,LABRADOR RETR,BUFF
03-09-11,STRAY,FIELD,DOG,S,0,2,29,NORMAL,CHIHUAHUA LH,BLACK
03-09-11,STRAY,FIELD,DOG,N,0,2,13,OTHER,GERM SHEPHERD,BLACK
03-09-11,OWNER SUR,RETURN,DOG,S,0,3,20,NORMAL,LABRADOR RETR,BLACK
03-09-11,STRAY,OTC,DOG,N,0,3,25,NORMAL,GOLDEN RETR,BROWN
03-09-11,STRAY,OTC,DOG,S,0,3,29,INJURED,AMERICAN STAFF,BROWN
03-09-11,STRAY,OTC,DOG,S,0,4,26,NORMAL,DACHSHUND,RED
03-09-11,STRAY,FIELD,DOG,N,0,6,0,NORMAL,REDBONE HOUND,RED
03-09-11,PUBLIC AST,QUARANTINE,DOG,S,0,6,17,NORMAL,ROTTWEILER,BLACK
03-09-11,STRAY,FIELD,DOG,S,1,8,0,NORMAL,DOBERMAN PINSCH,BLACK
03-09-11,STRAY,OTC,DOG,N,1,8,0,NORMAL,POODLE MIN,CREAM
03-09-11,OWNER SUR,OTC,DOG,N,1,10,1,NORMAL,LABRADOR RETR,BLACK
03-09-11,OWNER SUR,OTC,DOG,N,1,10,1,NORMAL,LABRADOR RETR,BLACK
03-09-11,STRAY,OTC,DOG,N,1,10,1,NORMAL,DACHSHUND,BLACK
03-09-11,PUBLIC AST,QUARANTINE,DOG,S,1,10,2,NORMAL,BLUE LACY,BLUE
03-09-11,PUBLIC AST,QUARANTINE,DOG,S,1,10,2,NORMAL,GERM SH POINT,LIVER
03-09-11,STRAY,OTC,DOG,N,2,0,25,NORMAL,AKITA,BROWN
03-09-11,STRAY,OTC,DOG,N,1,6,29,NORMAL,CHIHUAHUA SH,TAN
03-09-11,STRAY,FIELD,DOG,S,1,6,29,NORMAL,BORDER COLLIE,TAN
03-09-11,STRAY,OTC,DOG,N,1,6,29,NORMAL,LHASA APSO,BUFF
03-09-11,STRAY,FIELD,DOG,N,2,8,1,NORMAL,GERM SHEPHERD,TAN
03-09-11,STRAY,OTC,DOG,S,3,0,24,NORMAL,PIT BULL,WHITE
03-09-11,STRAY,FIELD,DOG,N,3,0,26,NORMAL,DACHSHUND,TAN
03-09-11,STRAY,OTC,DOG,S,2,0,0,NORMAL,GOLDEN RETR,RED
03-09-11,PUBLIC AST,INVESTIGAT,DOG,N,2,0,0,NORMAL,SCHNAUZER MIN,WHITE
03-09-11,STRAY,FIELD,DOG,N,2,0,0,NORMAL,AUST SHEPHERD,BLACK
03-09-11,STRAY,FIELD,CAT,S,2,0,0,INJURED,DOMESTIC SH,BRN TABBY
03-09-11,STRAY,FIELD,DOG,S,2,0,0,NORMAL,PIT BULL,BLACK
03-09-11,PUBLIC AST,QUARANTINE,DOG,S,3,0,0,NORMAL,AUST KELPIE,BLACK
03-09-11,STRAY,OTC,CAT,N,4,0,1,NORMAL,DOMESTIC SH,BRN TABBY
03-09-11,STRAY,FIELD,DOG,N,4,4,14,NORMAL,GERM SHEPHERD,BROWN
03-09-11,STRAY,OTC,DOG,S,5,0,1,NORMAL,PIT BULL,RED
03-09-11,STRAY,OTC,DOG,S,5,0,1,NORMAL,BOXER,BROWN
03-09-11,STRAY,OTC,CAT,S,5,0,1,NORMAL,DOMESTIC SH,BRN TABBY
03-09-11,OWNER SUR,OTC,CAT,S,8,0,19,NORMAL,DOMESTIC LH,BLUE
03-09-11,STRAY,OTC,DOG,N,7,0,5,NORMAL,GERM SHEPHERD,BLACK
03-09-11,STRAY,EMERG CLC,CAT,S,8,0,2,INJURED,DOMESTIC SH,BLACK
03-09-11,EUTH REQ,NO SUBTYPE,CAT,F,10,0,2,AGED,DOMESTIC SH,BLACK
03-10-11,OWNER SUR,OTC,CAT,N,0,1,21,NURSING,DOMESTIC SH,BLUE
03-10-11,OWNER SUR,OTC,CAT,N,0,1,22,NURSING,DOMESTIC SH,BLACK
03-10-11,OWNER SUR,OTC,CAT,N,0,1,22,NURSING,DOMESTIC SH,BLACK
03-10-11,OWNER SUR,OTC,CAT,N,0,1,22,NURSING,DOMESTIC SH,BLUE
03-10-11,OWNER SUR,OTC,DOG,N,0,2,29,NORMAL,BORDER COLLIE,TAN
03-10-11,OWNER SUR,OTC,DOG,N,0,2,11,NORMAL,GREAT PYRENEES,SABLE
03-10-11,STRAY,OTC,DOG,M,0,6,25,SICK,LABRADOR RETR,BLACK
03-10-11,OWNER SUR,OTC,CAT,S,0,6,29,INJURED,SIAMESE,LYNX PT
03-10-11,STRAY,OTC,DOG,S,0,6,29,NORMAL,LABRADOR RETR,BROWN
03-10-11,OWNER SUR,OTC,DOG,S,1,8,29,NORMAL,LABRADOR RETR,BLACK
03-10-11,STRAY,OTC,DOG,S,1,10,1,NORMAL,LABRADOR RETR,BR BRINDLE
03-10-11,STRAY,FIELD,DOG,S,1,0,0,NORMAL,PIT BULL,BR BRINDLE
03-10-11,STRAY,FIELD,DOG,S,1,6,29,NORMAL,PIT BULL,BLACK
03-10-11,STRAY,FIELD,DOG,M,1,6,29,NORMAL,PIT BULL,BROWN
03-10-11,OWNER SUR,RETURN,DOG,S,2,6,1,NORMAL,LABRADOR RETR,TAN
03-10-11,OWNER SUR,RETURN,DOG,N,2,6,1,NORMAL,CHIHUAHUA SH,RED
03-10-11,OWNER SUR,OTC,DOG,N,2,10,18,NORMAL,LABRADOR RETR,BLACK
03-10-11,PUBLIC AST,QUARANTINE,DOG,S,3,0,19,NORMAL,LABRADOR RETR,BLACK
03-10-11,STRAY,OTC,CAT,M,2,0,0,NORMAL,DOMESTIC SH,GRAY TABBY
03-10-11,PUBLIC AST,EMERGENCY,DOG,S,2,0,0,INJURED,CHIHUAHUA SH,BR BRINDLE
03-10-11,OWNER SUR,OTC,DOG,N,2,0,0,NORMAL,LABRADOR RETR,CHOCOLATE
03-10-11,STRAY,FIELD,DOG,N,2,5,0,NORMAL,LABRADOR RETR,BLACK
03-10-11,PUBLIC AST,QUARANTINE,DOG,S,3,9,8,NORMAL,PIT BULL,BROWN
03-10-11,PUBLIC AST,QUARANTINE,DOG,N,3,11,16,NORMAL,PIT BULL,CHOCOLATE
03-10-11,PUBLIC AST,QUARANTINE,DOG,S,4,0,0,NORMAL,SCHNAUZER STAND,GRAY
03-10-11,STRAY,OTC,DOG,S,3,0,0,NORMAL,LABRADOR RETR,YELLOW
03-10-11,OWNER SUR,OTC,DOG,N,3,1,15,NORMAL,LABRADOR RETR,BLACK
03-10-11,PUBLIC AST,QUARANTINE,DOG,F,4,11,12,NORMAL,GERM SHEPHERD,BROWN
03-10-11,STRAY,OTC,DOG,S,4,0,1,NORMAL,CHIHUAHUA SH,CHOCOLATE
03-10-11,STRAY,OTC,CAT,M,4,0,1,NORMAL,MAINE COON,ORG TABBY
03-10-11,OWNER SUR,OTC,DOG,N,4,0,1,NORMAL,ROTTWEILER,BLACK
03-10-11,OWNER SUR,OTC,DOG,S,5,9,9,NORMAL,RAT TERRIER,TRICOLOR
03-10-11,OWNER SUR,OTC,DOG,S,5,9,9,NORMAL,RAT TERRIER,TRICOLOR
03-10-11,STRAY,OTC,DOG,N,5,0,1,NORMAL,GREYHOUND,BLACK
03-10-11,OWNER SUR,OTC,CAT,N,5,0,1,NORMAL,DOMESTIC SH,BLACK
03-10-11,OWNER SUR,OTC,CAT,U,5,0,1,SICK,DOMESTIC SH,ORG TABBY
03-10-11,STRAY,OTC,DOG,N,7,0,27,NORMAL,PUG,FAWN
03-10-11,OWNER SUR,OTC,DOG,M,7,9,9,NORMAL,RAT TERRIER,TRICOLOR
03-10-11,STRAY,OTC,DOG,N,7,11,25,NORMAL,CHIHUAHUA SH,TAN
03-10-11,OWNER SUR,OTC,DOG,F,7,0,1,NORMAL,RAT TERRIER,TRICOLOR
03-10-11,OWNER SUR,OTC,CAT,N,9,0,29,NORMAL,DOMESTIC SH,ORG TABBY
03-10-11,STRAY,OTC,CAT,N,8,0,2,NORMAL,DOMESTIC SH,ORG TABBY
03-10-11,STRAY,OTC,DOG,F,8,0,2,SICK,POINTER,CHOCOLATE
03-10-11,OWNER SUR,OTC,CAT,S,8,5,26,NORMAL,MAINE COON,TORBIE
03-10-11,PUBLIC AST,QUARANTINE,CAT,N,10,10,10,NORMAL,DOMESTIC SH,BLACK
03-10-11,OWNER SUR,OTC,CAT,S,11,0,0,NORMAL,DOMESTIC SH,TORTIE
03-10-11,STRAY,OTC,DOG,S,13,0,28,NORMAL,CATAHOULA,BLUE MERLE
03-11-11,OWNER SUR,OTC,CAT,N,0,2,10,NORMAL,DOMESTIC SH,BRN TABBY
03-11-11,OWNER SUR,OTC,CAT,N,0,2,10,NORMAL,DOMESTIC SH,BRN TABBY
03-11-11,OWNER SUR,OTC,CAT,S,0,2,10,NORMAL,DOMESTIC SH,BRN TABBY
03-11-11,OWNER SUR,OTC,CAT,N,0,3,29,SICK,DOMESTIC SH,BRN TABBY
03-11-11,OWNER SUR,OTC,CAT,S,0,3,29,SICK,DOMESTIC SH,BRN TABBY
03-11-11,OWNER SUR,OTC,CAT,N,0,3,29,NORMAL,DOMESTIC SH,BRN TABBY
03-11-11,OWNER SUR,OTC,CAT,M,0,3,12,NORMAL,DOMESTIC SH,ORG TABBY
03-11-11,OWNER SUR,OTC,CAT,S,0,3,12,NORMAL,DOMESTIC SH,ORG TABBY
03-11-11,OWNER SUR,OTC,CAT,S,0,4,27,NORMAL,DOMESTIC SH,ORG TABBY
03-11-11,STRAY,OTC,CAT,N,0,4,9,NORMAL,DOMESTIC LH,BLUE
03-11-11,OWNER SUR,OTC,CAT,M,0,4,11,NORMAL,DOMESTIC SH,BLACK
03-11-11,STRAY,OTC,DOG,S,0,5,9,NORMAL,LABRADOR RETR,RED
03-11-11,OWNER SUR,OTC,CAT,S,0,6,14,NORMAL,DOMESTIC SH,ORG TABBY
03-11-11,STRAY,OTC,CAT,S,0,6,24,NORMAL,DOMESTIC SH,TORBIE
03-11-11,STRAY,OTC,CAT,N,0,6,29,NORMAL,DOMESTIC MH,BRN TABBY
03-11-11,OWNER SUR,OTC,CAT,F,1,7,27,NORMAL,DOMESTIC SH,ORG TABBY
03-11-11,STRAY,OTC,CAT,S,1,8,20,NORMAL,DOMESTIC SH,BLUE
03-11-11,STRAY,OTC,DOG,N,1,10,27,INJURED,PUG,TAN
03-11-11,STRAY,OTC,DOG,S,1,10,1,NORMAL,LABRADOR RETR,BUFF
03-11-11,STRAY,FIELD,DOG,N,1,0,0,NORMAL,SCHNAUZER MIN,BLACK
03-11-11,STRAY,OTC,CAT,N,1,0,0,NORMAL,DOMESTIC SH,BRN TABBY
03-11-11,PUBLIC AST,QUARANTINE,DOG,S,1,0,0,NORMAL,LABRADOR RETR,BLACK
03-11-11,OWNER SUR,OTC,CAT,S,1,4,29,NORMAL,DOMESTIC SH,TORTIE
03-11-11,OWNER SUR,OTC,CAT,S,1,5,28,NORMAL,DOMESTIC SH,CALICO
03-11-11,STRAY,OTC,CAT,S,1,6,29,NORMAL,DOMESTIC SH,BLUE
03-11-11,STRAY,OTC,DOG,M,1,6,29,NORMAL,PIT BULL,BROWN
03-11-11,STRAY,FIELD,DOG,N,2,9,15,NORMAL,BOXER,BROWN
03-11-11,PUBLIC AST,QUARANTINE,DOG,N,2,11,15,NORMAL,AMER FOXHOUND,BR BRINDLE
03-11-11,OWNER SUR,OTC,CAT,N,2,0,0,NORMAL,DOMESTIC SH,BRN TABBY
03-11-11,OWNER SUR,OTC,CAT,N,2,0,0,NORMAL,DOMESTIC SH,ORG TABBY
03-11-11,OWNER SUR,OTC,CAT,N,2,0,0,NORMAL,DOMESTIC SH,BRN TABBY
03-11-11,OWNER SUR,OTC,CAT,S,2,0,0,NORMAL,DOMESTIC SH,BRN TABBY
03-11-11,STRAY,FIELD,CAT,U,2,0,0,INJURED,DOMESTIC SH,ORANGE
03-11-11,PUBLIC AST,INVESTIGAT,CAT,N,2,0,0,NORMAL,DOMESTIC SH,LILAC PT
03-11-11,OWNER SUR,OTC,DOG,N,2,0,2,NORMAL,MIN PINSCHER,BLACK
03-11-11,STRAY,OTC,CAT,N,2,6,23,NORMAL,DOMESTIC LH,BRN TABBY
03-11-11,STRAY,FIELD,DOG,N,4,0,27,NORMAL,LABRADOR RETR,CHOCOLATE
03-11-11,OWNER SUR,OTC,DOG,S,5,0,26,NORMAL,MIN PINSCHER,BLUE
03-11-11,OWNER SUR,OTC,CAT,S,4,0,1,NORMAL,DOMESTIC SH,ORG TABBY
03-11-11,STRAY,OTC,DOG,N,4,6,25,NORMAL,LABRADOR RETR,BLACK
03-11-11,STRAY,OTC,DOG,N,4,6,27,INJURED,LABRADOR RETR,CHOCOLATE
03-11-11,OWNER SUR,OTC,CAT,N,5,0,1,NORMAL,DOMESTIC SH,BLACK
03-11-11,STRAY,FIELD,DOG,F,5,0,1,NORMAL,LABRADOR RETR,BLACK
03-11-11,STRAY,OTC,DOG,M,5,0,1,NORMAL,STAFFORDSHIRE,BLUE
03-11-11,OWNER SUR,OTC,CAT,N,6,9,23,NORMAL,RAGDOLL,CHOCOLATE
03-11-11,STRAY,FIELD,DOG,F,6,0,1,NORMAL,FINNISH SPITZ,RED
03-11-11,OWNER SUR,OTC,DOG,N,6,2,20,NORMAL,MIN PINSCHER,BLACK
03-11-11,STRAY,OTC,DOG,S,7,8,27,NORMAL,OLD ENG BULLDOG,BR BRINDLE
03-11-11,STRAY,OTC,DOG,N,7,8,28,NORMAL,AUST CATTLE DOG,BLUE TICK
03-11-11,OWNER SUR,OTC,DOG,N,7,0,1,NORMAL,CHIHUAHUA SH,TAN
03-11-11,PUBLIC AST,QUARANTINE,DOG,N,7,1,20,NORMAL,ALASK MALAMUTE,WHITE
03-11-11,OWNER SUR,OTC,CAT,S,10,0,1,NORMAL,DOMESTIC LH,TORTIE
03-12-11,STRAY,OTC,CAT,N,0,1,13,NORMAL,DOMESTIC SH,ORG TABBY
03-12-11,STRAY,OTC,CAT,S,0,1,13,NORMAL,DOMESTIC SH,TORTIE
03-12-11,STRAY,OTC,DOG,N,0,2,13,NORMAL,BULLMASTIFF,BROWN
03-12-11,OWNER SUR,RETURN,DOG,N,0,3,25,NORMAL,COLLIE SMOOTH,TAN
03-12-11,ABANDONED,NO SUBTYPE,DOG,S,0,3,29,NORMAL,ALASK MALAMUTE,GRAY
03-12-11,OWNER SUR,OTC,CAT,S,0,4,29,NORMAL,DOMESTIC SH,CALICO
03-12-11,OWNER SUR,OTC,CAT,N,0,4,29,NORMAL,DOMESTIC SH,BLACK
03-12-11,OWNER SUR,OTC,CAT,S,0,4,29,NORMAL,DOMESTIC SH,CALICO
03-12-11,STRAY,OTC,DOG,N,0,5,14,NORMAL,RAT TERRIER,WHITE
03-12-11,OWNER SUR,OTC,CAT,M,0,6,0,NORMAL,DOMESTIC SH,WHITE
03-12-11,OWNER SUR,OTC,CAT,M,0,6,0,NORMAL,DOMESTIC SH,WHITE
03-12-11,OWNER SUR,OTC,CAT,M,0,6,0,NORMAL,DOMESTIC SH,WHITE
03-12-11,OWNER SUR,FIELD,DOG,N,0,6,0,NORMAL,BULLMASTIFF,TAN
03-12-11,OWNER SUR,FIELD,DOG,S,0,5,11,NORMAL,PIT BULL,TAN
03-12-11,OWNER SUR,FIELD,DOG,S,0,6,26,NORMAL,STAFFORDSHIRE,WHITE
03-12-11,PUBLIC AST,QUARANTINE,DOG,N,1,8,0,NORMAL,LABRADOR RETR,BROWN
03-12-11,OWNER SUR,OTC,CAT,N,1,9,26,NORMAL,DOMESTIC SH,ORG TABBY
03-12-11,STRAY,OTC,CAT,S,1,10,21,NORMAL,DOMESTIC SH,CALICO
03-12-11,STRAY,OTC,DOG,N,1,10,27,NORMAL,GERMAN PINSCHER,BLUE
03-12-11,STRAY,OTC,CAT,F,1,0,0,NORMAL,DOMESTIC SH,BLUE
03-12-11,STRAY,OTC,DOG,M,1,0,0,NORMAL,LABRADOR RETR,CHOCOLATE
03-12-11,OWNER SUR,OTC,CAT,S,1,0,0,NORMAL,DOMESTIC SH,WHITE
03-12-11,STRAY,OTC,DOG,N,1,0,0,NORMAL,LABRADOR RETR,BUFF
03-12-11,PUBLIC AST,SURGERY,DOG,S,1,1,20,NORMAL,STAFFORDSHIRE,BLUE
03-12-11,OWNER SUR,OTC,DOG,N,1,5,19,NORMAL,LABRADOR RETR,BROWN
03-12-11,STRAY,OTC,DOG,N,1,6,25,NORMAL,BEAGLE,TRICOLOR
03-12-11,STRAY,OTC,DOG,N,3,0,23,NORMAL,DALMATIAN,WHITE
03-12-11,STRAY,FIELD,DOG,M,3,0,27,NORMAL,CHIHUAHUA SH,BLACK
03-12-11,PUBLIC AST,QUARANTINE,DOG,N,2,0,0,NORMAL,COCKER SPAN,TAN
03-12-11,ABANDONED,NO SUBTYPE,DOG,S,2,0,0,NORMAL,ALASK MALAMUTE,WHITE
03-12-11,STRAY,OTC,CAT,N,2,0,0,NORMAL,DOMESTIC SH,CREAM
03-12-11,STRAY,OTC,CAT,S,2,0,0,NORMAL,DOMESTIC SH,CALICO
03-12-11,STRAY,EMERG CLC,CAT,F,2,0,0,INJURED,DOMESTIC SH,BRN TABBY
03-12-11,STRAY,OTC,CAT,S,2,0,0,NORMAL,DOMESTIC SH,BLUE
03-12-11,OWNER SUR,OTC,DOG,M,2,0,2,NORMAL,LABRADOR RETR,BR BRINDLE
03-12-11,STRAY,OTC,DOG,S,2,2,23,NORMAL,LABRADOR RETR,BLACK
03-12-11,OWNER SUR,OTC,DOG,N,2,5,1,NORMAL,PIT BULL,RED
03-12-11,OWNER SUR,OTC,CAT,F,4,0,21,NORMAL,DOMESTIC SH,WHITE
03-12-11,STRAY,OTC,DOG,S,4,0,0,NORMAL,PEKINGESE,WHITE
03-12-11,STRAY,OTC,DOG,S,3,0,0,NORMAL,LHASA APSO,WHITE
03-12-11,PUBLIC AST,QUARANTINE,DOG,M,3,0,0,NORMAL,CHOW CHOW,RED
03-12-11,STRAY,OTC,CAT,N,3,0,0,NORMAL,DOMESTIC SH,ORG TABBY
03-12-11,ABANDONED,NO SUBTYPE,DOG,N,3,0,0,NORMAL,GERM SHEPHERD,BLACK
03-12-11,PUBLIC AST,QUARANTINE,DOG,S,3,0,1,NORMAL,LABRADOR RETR,BLACK
03-12-11,STRAY,OTC,CAT,N,5,0,17,NORMAL,DOMESTIC SH,ORG TABBY
03-12-11,STRAY,OTC,DOG,S,4,0,1,NORMAL,DOGO ARGENTINO,WHITE
03-12-11,STRAY,OTC,CAT,N,4,0,1,NORMAL,DOMESTIC SH,ORG TABBY
03-12-11,STRAY,OTC,DOG,S,4,1,28,NORMAL,RAT TERRIER,TRICOLOR
03-12-11,STRAY,OTC,CAT,S,6,0,28,NORMAL,DOMESTIC SH,CALICO
03-12-11,OWNER SUR,OTC,CAT,S,5,0,1,NORMAL,DOMESTIC SH,WHITE
03-12-11,STRAY,OTC,CAT,S,6,0,1,NORMAL,DOMESTIC SH,CALICO
03-12-11,STRAY,FIELD,DOG,S,6,4,8,NORMAL,LABRADOR RETR,BLACK
03-12-11,STRAY,OTC,DOG,S,6,5,24,NORMAL,LABRADOR RETR,CHOCOLATE
03-12-11,STRAY,FIELD,CAT,M,8,0,26,SICK,DOMESTIC MH,ORG TABBY
03-12-11,STRAY,OTC,DOG,N,7,0,1,NORMAL,BICHON FRISE,WHITE
03-12-11,STRAY,OTC,CAT,N,11,0,28,NORMAL,SIAMESE,SEAL PT
03-12-11,OWNER SUR,OTC,DOG,F,14,0,3,SICK,BORDER TERRIER,TAN
03/13/2011,STRAY,OTC,CAT,S,0,0,3,NURSING,DOMESTIC SH,TORBIE
03/13/2011,OWNER SUR,RETURN,DOG,S,0,2,2,NORMAL,GERM SHEPHERD,TAN
03/13/2011,STRAY,FIELD,CAT,N,0,3,16,INJURED,DOMESTIC SH,WHITE
03/13/2011,STRAY,FIELD,CAT,U,0,4,29,INJURED,DOMESTIC SH,BRN TABBY
03/13/2011,STRAY,OTC,DOG,N,0,6,26,NORMAL,BORDER COLLIE,BLACK
03/13/2011,STRAY,OTC,DOG,S,0,6,29,NORMAL,RHOD RIDGEBACK,RED
03/13/2011,STRAY,FIELD,DOG,S,1,8,0,INJURED,BOXER,RED
03/13/2011,STRAY,OTC,CAT,S,1,8,0,NORMAL,DOMESTIC SH,BLUE CREAM
03/13/2011,STRAY,OTC,DOG,N,1,9,23,NORMAL,PIT BULL,WHITE
03/13/2011,STRAY,OTC,DOG,M,1,10,1,NORMAL,PIT BULL,BLUE
03/13/2011,STRAY,OTC,DOG,F,1,0,0,NORMAL,BORDER COLLIE,BLACK
03/13/2011,OWNER SUR,OTC,DOG,S,1,0,0,NORMAL,PIT BULL,BR BRINDLE
03/13/2011,STRAY,FIELD,DOG,S,1,0,1,NORMAL,BLUE LACY,BLUE
03/13/2011,STRAY,OTC,DOG,N,1,6,25,NORMAL,AMER BULLDOG,WHITE
03/13/2011,STRAY,OTC,DOG,N,1,6,29,NORMAL,LABRADOR RETR,YELLOW
03/13/2011,STRAY,OTC,DOG,S,1,6,29,NORMAL,AUST CATTLE DOG,TRICOLOR
03/13/2011,STRAY,FIELD,DOG,S,2,0,0,NORMAL,AUST KELPIE,WHITE
03/13/2011,STRAY,FIELD,DOG,M,2,0,0,NORMAL,QUEENSLAND HEEL,BLACK
03/13/2011,OWNER SUR,OTC,DOG,S,2,0,0,NORMAL,SCHNAUZER STAND,SILVER
03/13/2011,OWNER SUR,OTC,DOG,M,2,0,0,NORMAL,GERM SHEPHERD,TRICOLOR
03/13/2011,STRAY,OTC,DOG,S,2,0,0,NORMAL,LABRADOR RETR,TAN
03/13/2011,PUBLIC AST,QUARANTINE,DOG,S,2,2,0,NORMAL,PIT BULL,WHITE
03/13/2011,STRAY,OTC,DOG,N,2,2,27,NORMAL,PIT BULL,BLUE
03/13/2011,PUBLIC AST,QUARANTINE,DOG,S,3,9,1,NORMAL,PIT BULL,BLUE
03/13/2011,STRAY,OTC,DOG,S,3,10,25,NORMAL,BOXER,FAWN
03/13/2011,OWNER SUR,OTC,DOG,N,3,10,26,NORMAL,AKITA,TAN
03/13/2011,STRAY,OTC,DOG,N,4,0,0,NORMAL,DOBERMAN PINSCH,CHOCOLATE
03/13/2011,OWNER SUR,OTC,DOG,N,4,0,1,NORMAL,CHIHUAHUA SH,TRICOLOR
03/13/2011,OWNER SUR,OTC,DOG,S,5,10,12,NORMAL,RAT TERRIER,TRICOLOR
03/13/2011,STRAY,OTC,DOG,S,7,0,1,NORMAL,LABRADOR RETR,YELLOW
03/13/2011,STRAY,OTC,DOG,N,7,0,1,NORMAL,LABRADOR RETR,YELLOW
03/13/2011,OWNER SUR,OTC,DOG,F,7,0,4,NORMAL,RAT TERRIER,TRICOLOR
03/13/2011,STRAY,OTC,DOG,N,9,3,17,NORMAL,GREYHOUND,TAN
03/13/2011,STRAY,OTC,DOG,M,10,0,2,NORMAL,AMERICAN STAFF,BR BRINDLE
03/13/2011,STRAY,OTC,DOG,S,11,5,22,NORMAL,FLAT COAT RETR,BLACK
03/13/2011,STRAY,OTC,DOG,S,13,0,0,NORMAL,POODLE TOY,WHITE
03/14/2011,OWNER SUR,OTC,DOG,N,0,2,20,NORMAL,LABRADOR RETR,BR BRINDLE
03/14/2011,OWNER SUR,OTC,DOG,S,0,2,20,NORMAL,LABRADOR RETR,BR BRINDLE
03/14/2011,OWNER SUR,OTC,DOG,S,0,2,20,NORMAL,LABRADOR RETR,BR BRINDLE
03/14/2011,OWNER SUR,OTC,DOG,N,0,2,20,NORMAL,LABRADOR RETR,TAN
03/14/2011,OWNER SUR,OTC,DOG,S,0,2,20,NORMAL,LABRADOR RETR,TAN
03/14/2011,OWNER SUR,OTC,DOG,S,0,2,27,NORMAL,LABRADOR RETR,BLACK
03/14/2011,OWNER SUR,OTC,DOG,S,0,2,27,NORMAL,LABRADOR RETR,BLACK
03/14/2011,OWNER SUR,OTC,CAT,N,0,2,28,SICK,DOMESTIC MH,CRM TABBY
03/14/2011,OWNER SUR,OTC,CAT,N,0,2,28,SICK,DOMESTIC LH,ORG TABBY
03/14/2011,OWNER SUR,OTC,CAT,N,0,2,28,SICK,DOMESTIC MH,ORG TABBY
03/14/2011,OWNER SUR,OTC,CAT,S,0,2,28,SICK,DOMESTIC MH,ORG TABBY
03/14/2011,OWNER SUR,OTC,DOG,N,0,2,29,NORMAL,GERM SHEPHERD,BLACK
03/14/2011,STRAY,OTC,DOG,N,0,2,9,NORMAL,CHOW CHOW,BROWN
03/14/2011,STRAY,OTC,DOG,S,0,2,9,NORMAL,CHOW CHOW,BROWN
03/14/2011,STRAY,OTC,DOG,F,0,5,10,NORMAL,DACHSHUND WH,BLACK
03/14/2011,OWNER SUR,OTC,CAT,S,0,6,29,INJURED,DOMESTIC SH,BLACK
03/14/2011,STRAY,FIELD,DOG,S,1,8,0,NORMAL,LABRADOR RETR,CREAM
03/14/2011,OWNER SUR,OTC,CAT,M,2,0,29,NORMAL,DOMESTIC SH,BRN TABBY
03/14/2011,PUBLIC AST,EMERGENCY,DOG,S,1,0,0,NORMAL,BASSET HOUND,WHITE
03/14/2011,OWNER SUR,OTC,DOG,S,1,0,0,NORMAL,CHIHUAHUA LH,BROWN
03/14/2011,OWNER SUR,OTC,CAT,S,1,0,0,NORMAL,DOMESTIC SH,BRN TABBY
03/14/2011,OWNER SUR,OTC,DOG,S,1,0,0,NORMAL,JACK RUSS TERR,TRICOLOR
03/14/2011,STRAY,OTC,DOG,S,1,0,0,NORMAL,DACHSHUND,BLACK
03/14/2011,STRAY,FIELD,DOG,N,1,0,0,NORMAL,MANCHESTER TERR,BLACK
03/14/2011,STRAY,OTC,DOG,N,1,0,0,NORMAL,PIT BULL,BLUE
03/14/2011,OWNER SUR,OTC,DOG,S,1,0,13,NORMAL,CHIHUAHUA SH,TAN
03/14/2011,OWNER SUR,OTC,DOG,N,1,6,27,NORMAL,LABRADOR RETR,TAN
03/14/2011,OWNER SUR,OTC,DOG,N,1,6,29,NORMAL,LABRADOR RETR,RED
03/14/2011,OWNER SUR,OTC,DOG,S,1,6,29,NORMAL,MIN PINSCHER,BLACK
03/14/2011,STRAY,EMERG CLC,DOG,M,1,6,29,INJURED,YORKSHIRE TERR,BROWN
03/14/2011,STRAY,OTC,DOG,N,2,0,0,NORMAL,CATAHOULA,WHITE
03/14/2011,STRAY,FIELD,DOG,M,2,0,0,INJURED,GERM SHEPHERD,BROWN
03/14/2011,STRAY,FIELD,DOG,N,2,6,29,NORMAL,AMER BULLDOG,ORANGE
03/14/2011,STRAY,OTC,DOG,S,3,6,5,NORMAL,MIN PINSCHER,BROWN
03/14/2011,OWNER SUR,OTC,DOG,S,3,9,15,NORMAL,BEAGLE,TAN
03/14/2011,OWNER SUR,OTC,DOG,S,4,0,22,NORMAL,LABRADOR RETR,BLACK
03/14/2011,OWNER SUR,OTC,CAT,S,4,0,29,NORMAL,DOMESTIC SH,BRN TABBY
03/14/2011,STRAY,FIELD,DOG,F,3,0,0,NORMAL,PIT BULL,TAN
03/14/2011,OWNER SUR,OTC,CAT,N,3,0,0,NORMAL,DOMESTIC SH,BRN TABBY
03/14/2011,OWNER SUR,OTC,CAT,S,3,0,0,NORMAL,DOMESTIC SH,TORBIE
03/14/2011,OWNER SUR,OTC,DOG,S,3,0,0,NORMAL,RAT TERRIER,WHITE
03/14/2011,STRAY,OTC,DOG,N,3,0,0,NORMAL,PIT BULL,WHITE
03/14/2011,OWNER SUR,OTC,CAT,N,3,4,17,SICK,DOMESTIC SH,BLACK
03/14/2011,STRAY,OTC,DOG,F,4,0,1,NORMAL,PLOTT HOUND,BR BRINDLE
03/14/2011,OWNER SUR,OTC,DOG,N,6,0,21,NORMAL,PARSON RUSS TER,WHITE
03/14/2011,OWNER SUR,OTC,DOG,S,5,0,0,NORMAL,LABRADOR RETR,RED
03/14/2011,OWNER SUR,OTC,DOG,S,5,0,1,NORMAL,CHIHUAHUA SH,BROWN
03/14/2011,STRAY,FIELD,DOG,M,5,6,0,NORMAL,BASSET HOUND,RED MERLE
03/14/2011,STRAY,FIELD,CAT,N,7,0,1,SICK,DOMESTIC LH,BLACK
03/14/2011,OWNER SUR,OTC,DOG,M,8,6,1,NORMAL,RAT TERRIER,WHITE
03/14/2011,STRAY,OTC,DOG,S,10,0,27,NORMAL,CHIHUAHUA SH,BLACK
03/14/2011,STRAY,FIELD,DOG,N,10,0,2,NORMAL,SIBERIAN HUSKY,TAN
03/14/2011,STRAY,OTC,DOG,N,12,0,3,SICK,CHINESE SHARPEI,TAN
03/15/2011,PUBLIC AST,INVESTIGAT,DOG,S,0,1,28,NORMAL,PIT BULL,BROWN
03/15/2011,PUBLIC AST,INVESTIGAT,DOG,N,0,1,28,NORMAL,PIT BULL,BROWN
03/15/2011,PUBLIC AST,INVESTIGAT,DOG,N,0,1,28,NORMAL,PIT BULL,BROWN
03/15/2011,PUBLIC AST,INVESTIGAT,DOG,S,0,1,28,NORMAL,STAFFORDSHIRE,BROWN
03/15/2011,PUBLIC AST,INVESTIGAT,DOG,S,0,1,28,NORMAL,LABRADOR RETR,BROWN
03/15/2011,PUBLIC AST,INVESTIGAT,DOG,N,0,1,28,NORMAL,LABRADOR RETR,BROWN
03/15/2011,PUBLIC AST,INVESTIGAT,DOG,S,0,1,28,NORMAL,PIT BULL,BROWN
03/15/2011,PUBLIC AST,INVESTIGAT,DOG,N,0,1,28,NORMAL,PIT BULL,BROWN
03/15/2011,PUBLIC AST,INVESTIGAT,DOG,S,0,1,28,NORMAL,PIT BULL,BROWN
03/15/2011,STRAY,OTC,DOG,M,0,1,13,NORMAL,GREAT PYRENEES,WHITE
03/15/2011,STRAY,OTC,DOG,F,0,1,13,NORMAL,GREAT PYRENEES,BROWN
03/15/2011,STRAY,OTC,DOG,M,0,1,13,NORMAL,GREAT PYRENEES,SABLE
03/15/2011,STRAY,OTC,DOG,F,0,1,13,NORMAL,GREAT PYRENEES,BLACK
03/15/2011,OWNER SUR,OTC,DOG,M,0,1,13,NORMAL,GREAT PYRENEES,BROWN
03/15/2011,OWNER SUR,OTC,DOG,S,0,3,0,SICK,LABRADOR RETR,BROWN
03/15/2011,STRAY,OTC,DOG,N,0,2,9,NORMAL,GERM SHEPHERD,BLACK
03/15/2011,STRAY,OTC,DOG,N,0,4,25,NORMAL,AIREDALE TERR,BUFF
03/15/2011,STRAY,FIELD,DOG,N,0,6,29,INJURED,BOSTON TERRIER,BLACK
03/15/2011,STRAY,OTC,CAT,S,1,10,1,NORMAL,DOMESTIC SH,BRN TABBY
03/15/2011,OWNER SUR,OTC,DOG,S,1,10,1,NORMAL,BELG TERVUREN,SABLE
03/15/2011,OWNER SUR,RETURN,DOG,S,1,10,2,NORMAL,AMER BULLDOG,WHITE
03/15/2011,STRAY,OTC,DOG,N,2,0,27,NORMAL,LABRADOR RETR,GOLD
03/15/2011,PUBLIC AST,QUARANTINE,DOG,M,1,0,0,NORMAL,KEESHOND,CREAM
03/15/2011,PUBLIC AST,QUARANTINE,DOG,S,1,0,9,NORMAL,BLACK MOUTH CUR,TRICOLOR
03/15/2011,PUBLIC AST,INVESTIGAT,DOG,S,1,3,29,SICK,PIT BULL,BROWN
03/15/2011,STRAY,OTC,DOG,S,1,6,29,PREGNANT,LABRADOR RETR,BLACK
03/15/2011,PUBLIC AST,QUARANTINE,CAT,N,1,6,29,NORMAL,DOMESTIC SH,WHITE
03/15/2011,STRAY,OTC,CAT,N,2,0,0,NORMAL,DOMESTIC SH,CREAM
03/15/2011,STRAY,OTC,CAT,N,2,0,0,NORMAL,DOMESTIC SH,BRN TABBY
03/15/2011,OWNER SUR,OTC,DOG,S,2,0,0,NORMAL,LABRADOR RETR,CHOCOLATE
03/15/2011,PUBLIC AST,INVESTIGAT,DOG,F,2,0,0,SICK,PIT BULL,WHITE
03/15/2011,STRAY,FIELD,DOG,M,2,0,0,INJURED,BOSTON TERRIER,WHITE
03/15/2011,STRAY,FIELD,DOG,N,2,0,0,NORMAL,BEAGLE,TAN
03/15/2011,STRAY,FIELD,DOG,S,2,0,0,NORMAL,DACHSHUND,RED
03/15/2011,STRAY,FIELD,CAT,S,2,0,0,NORMAL,DOMESTIC SH,CALICO
03/15/2011,STRAY,OTC,DOG,N,2,5,0,NORMAL,CHINESE SHARPEI,BUFF
03/15/2011,STRAY,OTC,DOG,S,2,5,0,NORMAL,CHINESE SHARPEI,BUFF
03/15/2011,OWNER SUR,OTC,DOG,N,2,6,21,NORMAL,CHIHUAHUA SH,BLUE
03/15/2011,PUBLIC AST,QUARANTINE,DOG,N,2,6,29,NORMAL,DACHSHUND,TAN
03/15/2011,OWNER SUR,OTC,DOG,N,3,11,8,NORMAL,GERM SHEPHERD,BLACK
03/15/2011,STRAY,OTC,DOG,S,4,0,25,NORMAL,LABRADOR RETR,BLACK
03/15/2011,OWNER SUR,OTC,DOG,N,3,0,0,OTHER,CHIHUAHUA SH,TRICOLOR
03/15/2011,OWNER SUR,OTC,DOG,S,3,0,0,NORMAL,CAVALIER SPAN,BLACK
03/15/2011,STRAY,OTC,CAT,S,3,0,0,NORMAL,DOMESTIC SH,BRN TABBY
03/15/2011,STRAY,OTC,DOG,N,3,6,0,NORMAL,LEONBERGER,SABLE
03/15/2011,STRAY,OTC,CAT,N,5,0,24,NORMAL,DOMESTIC SH,BRN TABBY
03/15/2011,STRAY,FIELD,DOG,N,6,0,23,NORMAL,CHIHUAHUA SH,TAN
03/15/2011,OWNER SUR,OTC,DOG,M,5,0,1,NORMAL,PIT BULL,BR BRINDLE
03/15/2011,STRAY,FIELD,DOG,N,6,0,10,NORMAL,PIT BULL,BR BRINDLE
03/15/2011,OWNER SUR,OTC,CAT,N,7,0,1,NORMAL,DOMESTIC SH,BRN TABBY
03/15/2011,OWNER SUR,OTC,CAT,N,7,0,1,NORMAL,DOMESTIC LH,WHITE
03/15/2011,EUTH REQ,NO SUBTYPE,CAT,N,10,0,2,SICK,SIAMESE,FLAME PT
03/16/2011,STRAY,OTC,CAT,N,0,0,2,NORMAL,DOMESTIC LH,ORG TABBY
03/16/2011,STRAY,OTC,CAT,N,0,0,2,NORMAL,DOMESTIC SH,CRM TABBY
03/16/2011,STRAY,OTC,CAT,N,0,0,2,NORMAL,DOMESTIC SH,BLACK
03/16/2011,STRAY,OTC,CAT,N,0,0,6,NORMAL,DOMESTIC SH,ORG TABBY
03/16/2011,STRAY,FIELD,CAT,F,0,2,29,INJURED,DOMESTIC SH,WHITE
03/16/2011,STRAY,FIELD,CAT,M,0,2,29,INJURED,DOMESTIC SH,WHITE
03/16/2011,STRAY,FIELD,DOG,N,0,2,8,NORMAL,CHIHUAHUA SH,TAN
03/16/2011,STRAY,FIELD,DOG,S,0,4,29,NORMAL,MALTESE,WHITE
03/16/2011,STRAY,FIELD,DOG,N,0,5,10,NORMAL,AUST CATTLE DOG,BROWN
03/16/2011,STRAY,OTC,CAT,S,0,5,11,NORMAL,DOMESTIC SH,TORTIE
03/16/2011,PUBLIC AST,INVESTIGAT,DOG,S,0,6,29,NORMAL,RAT TERRIER,TRICOLOR
03/16/2011,STRAY,FIELD,DOG,S,1,8,0,NORMAL,BORDER COLLIE,BLACK
03/16/2011,STRAY,FIELD,DOG,S,1,8,0,NORMAL,BORDER COLLIE,WHITE
03/16/2011,STRAY,OTC,DOG,S,1,8,24,NORMAL,CHIHUAHUA SH,BROWN
03/16/2011,OWNER SUR,OTC,CAT,S,1,8,0,NORMAL,DOMESTIC LH,BRN TABBY
03/16/2011,OWNER SUR,OTC,CAT,S,1,8,0,NORMAL,DOMESTIC SH,TORBIE
03/16/2011,STRAY,OTC,DOG,N,1,9,26,NORMAL,CAIRN TERRIER,TAN
03/16/2011,STRAY,FIELD,DOG,N,1,9,0,NORMAL,AKITA,WHITE
03/16/2011,PUBLIC AST,QUARANTINE,DOG,F,1,10,1,NORMAL,GERM SHEPHERD,TAN
03/16/2011,PUBLIC AST,SURGERY,CAT,S,1,11,25,NORMAL,DOMESTIC SH,TORBIE
03/16/2011,STRAY,OTC,CAT,S,1,0,0,NORMAL,DOMESTIC SH,BRN TABBY
03/16/2011,STRAY,FIELD,DOG,F,1,0,0,NORMAL,PLOTT HOUND,BR BRINDLE
03/16/2011,PUBLIC AST,QUARANTINE,DOG,N,1,0,13,NORMAL,WELSH CORGI CAR,BROWN
03/16/2011,OWNER SUR,RETURN,CAT,N,1,2,18,NORMAL,DOMESTIC SH,BLACK
03/16/2011,STRAY,FIELD,DOG,N,1,5,21,NORMAL,CHESA BAY RETR,BR BRINDLE
03/16/2011,STRAY,FIELD,DOG,N,1,6,0,INJURED,MALTESE,WHITE
03/16/2011,STRAY,FIELD,DOG,M,1,6,29,NORMAL,BRITTANY,WHITE
03/16/2011,PUBLIC AST,INVESTIGAT,DOG,N,1,6,29,NORMAL,RAT TERRIER,WHITE
03/16/2011,STRAY,OTC,DOG,S,2,10,11,NORMAL,LABRADOR RETR,CHOCOLATE
03/16/2011,STRAY,FIELD,DOG,N,3,0,24,NORMAL,CATAHOULA,RED MERLE
03/16/2011,STRAY,FIELD,CAT,N,3,0,0,INJURED,SIAMESE,FLAME PT
03/16/2011,OWNER SUR,OTC,DOG,N,2,0,0,NORMAL,PUG,FAWN
03/16/2011,OWNER SUR,OTC,DOG,N,3,9,28,NORMAL,BEAGLE,TAN
03/16/2011,STRAY,OTC,DOG,S,4,0,24,NORMAL,CHIHUAHUA SH,BLACK
03/16/2011,STRAY,FIELD,DOG,S,4,0,26,NORMAL,GERM SHEPHERD,BROWN
03/16/2011,STRAY,OTC,CAT,S,4,0,27,NORMAL,MAINE COON,BRN TABBY
03/16/2011,STRAY,FIELD,DOG,S,3,0,0,NORMAL,GERM SHEPHERD,BLACK
03/16/2011,STRAY,OTC,DOG,M,3,0,0,NORMAL,AUST CATTLE DOG,BROWN
03/16/2011,STRAY,FIELD,DOG,S,3,0,0,NORMAL,RAT TERRIER,TRICOLOR
03/16/2011,STRAY,FIELD,DOG,S,3,0,0,NORMAL,PIT BULL,WHITE
03/16/2011,STRAY,FIELD,DOG,M,3,0,0,OTHER,PIT BULL,WHITE
03/16/2011,PUBLIC AST,QUARANTINE,CAT,N,4,0,1,NORMAL,DOMESTIC SH,BLACK
03/16/2011,OWNER SUR,OTC,DOG,M,4,0,12,NORMAL,PIT BULL,WHITE
03/16/2011,STRAY,OTC,DOG,S,6,0,27,OTHER,MIN PINSCHER,BLACK
03/16/2011,STRAY,OTC,DOG,N,6,0,28,NORMAL,CHIHUAHUA SH,RED
03/16/2011,STRAY,FIELD,DOG,S,5,6,25,NORMAL,AUST SHEPHERD,BLACK
03/16/2011,STRAY,FIELD,DOG,S,5,6,25,NORMAL,AUST CATTLE DOG,BR BRINDLE
03/16/2011,OWNER SUR,OTC,CAT,S,7,0,25,NORMAL,TURKISH VAN,WHITE
03/16/2011,STRAY,OTC,DOG,F,6,0,1,NORMAL,CHIHUAHUA SH,CHOCOLATE
03/16/2011,STRAY,OTC,DOG,N,6,3,25,NORMAL,SIBERIAN HUSKY,WHITE
03/16/2011,STRAY,OTC,DOG,S,8,0,28,NORMAL,SKYE TERRIER,BUFF
03/16/2011,STRAY,OTC,DOG,N,7,0,1,NORMAL,CHOW CHOW,RED
03/16/2011,STRAY,OTC,DOG,S,7,0,1,NORMAL,POMERANIAN,BLACK
03/16/2011,STRAY,OTC,CAT,S,8,0,1,NORMAL,DOMESTIC SH,BLUE CREAM
03/16/2011,OWNER SUR,OTC,DOG,N,8,0,2,NORMAL,LABRADOR RETR,BUFF
03/16/2011,OWNER SUR,OTC,DOG,N,8,0,2,NORMAL,DACHSHUND,RED
03/16/2011,STRAY,FIELD,DOG,N,9,0,1,NORMAL,ROTTWEILER,BROWN
03/16/2011,STRAY,OTC,DOG,N,9,0,2,NORMAL,BASSET HOUND,TRICOLOR
03/16/2011,OWNER SUR,OTC,DOG,N,9,1,6,NORMAL,CHIHUAHUA LH,TRICOLOR
03/16/2011,STRAY,OTC,DOG,N,13,11,2,NORMAL,CHIHUAHUA SH,TAN
03/17/2011,OWNER SUR,OTC,DOG,S,0,2,29,NORMAL,AMER BULLDOG,WHITE
03/17/2011,STRAY,OTC,DOG,N,0,2,13,NORMAL,PIT BULL,BL BRINDLE
03/17/2011,STRAY,OTC,DOG,S,0,3,29,NORMAL,BOXER,CHOCOLATE
03/17/2011,OWNER SUR,OTC,CAT,N,0,3,29,INJURED,DOMESTIC SH,BLACK
03/17/2011,STRAY,OTC,DOG,S,0,6,14,NORMAL,LABRADOR RETR,BLACK
03/17/2011,STRAY,OTC,DOG,N,0,6,14,NORMAL,LABRADOR RETR,BLACK
03/17/2011,STRAY,OTC,DOG,N,1,10,1,NORMAL,RHOD RIDGEBACK,RED
03/17/2011,STRAY,OTC,DOG,S,1,0,0,NORMAL,LABRADOR RETR,CHOCOLATE
03/17/2011,PUBLIC AST,QUARANTINE,DOG,S,1,0,1,NORMAL,LABRADOR RETR,BLACK
03/17/2011,PUBLIC AST,QUARANTINE,DOG,N,2,6,2,NORMAL,AUST SHEPHERD,BLACK
03/17/2011,STRAY,FIELD,DOG,S,2,7,29,NORMAL,BOXER,WHITE
03/17/2011,STRAY,OTC,DOG,S,3,0,20,NORMAL,AUST KELPIE,BLACK
03/17/2011,STRAY,OTC,DOG,N,2,0,0,NORMAL,SHIH TZU,TAN
03/17/2011,PUBLIC AST,INVESTIGAT,DOG,S,2,0,0,NORMAL,CHIHUAHUA LH,TAN
03/17/2011,OWNER SUR,OTC,CAT,U,2,0,0,INJURED,DOMESTIC SH,BLACK
03/17/2011,OWNER SUR,OTC,DOG,N,3,8,23,NORMAL,GERM SHEPHERD,TAN
03/17/2011,STRAY,FIELD,DOG,N,4,0,23,NORMAL,GREAT PYRENEES,WHITE
03/17/2011,STRAY,FIELD,DOG,S,3,0,0,NORMAL,AUST CATTLE DOG,RED MERLE
03/17/2011,PUBLIC AST,QUARANTINE,DOG,F,3,0,0,NORMAL,CHIHUAHUA SH,BLACK
03/17/2011,PUBLIC AST,QUARANTINE,DOG,S,3,0,0,NORMAL,SHETLD SHEEPDOG,BROWN
03/17/2011,STRAY,OTC,DOG,S,3,2,17,NORMAL,WELSH CORGI PEM,BLACK
03/17/2011,OWNER SUR,OTC,DOG,S,3,4,6,NORMAL,LABRADOR RETR,CHOCOLATE
03/17/2011,PUBLIC AST,QUARANTINE,DOG,F,4,0,1,NORMAL,PIT BULL,TRICOLOR
03/17/2011,STRAY,OTC,CAT,N,4,0,1,NORMAL,DOMESTIC SH,BLACK
03/17/2011,STRAY,OTC,DOG,N,4,0,1,NORMAL,COCKER SPAN,RED
03/17/2011,OWNER SUR,OTC,DOG,S,4,0,1,NORMAL,STAFFORDSHIRE,BR BRINDLE
03/17/2011,PUBLIC AST,EVICTION,CAT,S,7,0,18,NORMAL,PERSIAN,WHITE
03/17/2011,OWNER SUR,OTC,CAT,N,6,0,1,NORMAL,DOMESTIC SH,ORG TABBY
03/17/2011,PUBLIC AST,QUARANTINE,DOG,N,6,0,1,NORMAL,DALMATIAN,WHITE
03/17/2011,OWNER SUR,OTC,CAT,S,8,0,25,NORMAL,DOMESTIC SH,BLK TABBY
03/17/2011,OWNER SUR,OTC,CAT,N,8,0,2,NORMAL,DOMESTIC SH,ORG TABBY
03/17/2011,OWNER SUR,OTC,CAT,S,9,0,2,NORMAL,DOMESTIC LH,BLUE TABBY
03/17/2011,OWNER SUR,OTC,CAT,S,9,4,2,NORMAL,DOMESTIC SH,BLACK
03/17/2011,EUTH REQ,OTC OWNED,DOG,N,14,0,3,OTHER,DACHSHUND LH,SABLE
03/18/2011,STRAY,OTC,DOG,S,0,1,4,NORMAL,AUST SHEPHERD,BR BRINDLE
03/18/2011,STRAY,OTC,DOG,S,0,1,4,NORMAL,AUST SHEPHERD,TAN
03/18/2011,STRAY,OTC,DOG,N,0,2,23,NORMAL,BORDER TERRIER,TAN
03/18/2011,STRAY,OTC,DOG,S,0,3,29,NORMAL,BLACK/TAN HOUND,BLACK
03/18/2011,STRAY,FIELD,DOG,N,0,4,2,NORMAL,PIT BULL,BLUE
03/18/2011,STRAY,OTC,DOG,S,0,6,25,NORMAL,LABRADOR RETR,WHITE
03/18/2011,OWNER SUR,OTC,CAT,N,1,7,19,NORMAL,DOMESTIC SH,BLACK
03/18/2011,STRAY,OTC,DOG,N,1,8,0,NORMAL,BOXER,SABLE
03/18/2011,STRAY,OTC,CAT,N,1,8,27,NORMAL,DOMESTIC SH,BRN TABBY
03/18/2011,STRAY,OTC,DOG,S,1,8,0,NORMAL,SIBERIAN HUSKY,BLACK
03/18/2011,STRAY,OTC,DOG,M,1,9,0,NORMAL,BOXER,BR BRINDLE
03/18/2011,PUBLIC AST,QUARANTINE,DOG,M,1,0,0,NORMAL,CHIHUAHUA SH,WHITE
03/18/2011,STRAY,OTC,DOG,N,1,0,0,NORMAL,CHIHUAHUA SH,TAN
03/18/2011,STRAY,FIELD,DOG,S,1,0,0,NORMAL,STAFFORDSHIRE,BR BRINDLE
03/18/2011,OWNER SUR,RETURN,DOG,N,1,0,10,NORMAL,AMER BULLDOG,WHITE
03/18/2011,STRAY,OTC,DOG,N,1,6,28,NORMAL,AUST CATTLE DOG,RED
03/18/2011,STRAY,OTC,CAT,S,1,6,29,NORMAL,DOMESTIC SH,CRM TABBY
03/18/2011,OWNER SUR,OTC,DOG,N,2,7,9,INJURED,PIT BULL,BLUE
03/18/2011,STRAY,FIELD,DOG,S,2,9,16,NORMAL,PIT BULL,WHITE
03/18/2011,STRAY,OTC,DOG,S,3,0,24,NORMAL,AMER BULLDOG,WHITE
03/18/2011,PUBLIC AST,QUARANTINE,DOG,M,2,0,0,NORMAL,AMERICAN STAFF,BROWN
03/18/2011,PUBLIC AST,QUARANTINE,DOG,N,2,0,0,NORMAL,WEIMARANER,SILVER
03/18/2011,STRAY,FIELD,CAT,U,2,0,0,INJURED,DOMESTIC SH,TORBIE
03/18/2011,STRAY,FIELD,DOG,S,2,0,0,NORMAL,PIT BULL,TAN
03/18/2011,STRAY,FIELD,DOG,N,2,2,11,NORMAL,AMER BULLDOG,WHITE
03/18/2011,STRAY,OTC,CAT,N,2,6,23,INJURED,SNOWSHOE,LYNX PT
03/18/2011,STRAY,OTC,CAT,S,4,0,1,NORMAL,SIAMESE,TORTIE PT
03/18/2011,STRAY,OTC,CAT,N,4,0,1,NORMAL,SNOWSHOE,FLAME PT
03/18/2011,STRAY,OTC,CAT,S,4,0,1,NORMAL,DOMESTIC SH,CALICO
03/18/2011,STRAY,OTC,DOG,M,6,0,26,NORMAL,BEAGLE,TRICOLOR
03/18/2011,STRAY,OTC,CAT,N,5,0,1,NORMAL,DOMESTIC SH,BRN TABBY
03/18/2011,STRAY,OTC,DOG,N,7,0,5,NORMAL,LEONBERGER,BLACK
03/18/2011,OWNER SUR,OTC,DOG,N,8,6,1,NORMAL,POODLE MIN,APRICOT
03/18/2011,STRAY,OTC,DOG,S,10,0,0,NORMAL,LABRADOR RETR,TAN
03/18/2011,STRAY,OTC,DOG,S,9,0,2,NORMAL,PUG,FAWN
03/18/2011,OWNER SUR,OTC,DOG,M,9,6,1,NORMAL,POODLE MIN,CREAM
03/18/2011,STRAY,FIELD,DOG,N,11,0,29,NORMAL,YORKSHIRE TERR,BROWN
03/18/2011,STRAY,OTC,DOG,F,10,0,2,NORMAL,ENG SPRNGR SPAN,WHITE
03/18/2011,OWNER SUR,OTC,DOG,F,10,0,2,NORMAL,SPINONE ITAL,TAN
03/18/2011,STRAY,OTC,CAT,S,12,0,3,AGED,DOMESTIC LH,BLACK
03/18/2011,OWNER SUR,OTC,CAT,N,15,0,3,NORMAL,DOMESTIC LH,ORG TABBY
03/18/2011,OWNER SUR,OTC,CAT,N,15,0,3,NORMAL,BALINESE,FLAME PT
03/18/2011,EUTH REQ,OTC OWNED,CAT,N,16,0,4,AGED,DOMESTIC MH,BRN TABBY
03/19/2011,STRAY,OTC,CAT,N,0,1,19,NORMAL,DOMESTIC SH,BLACK
03/19/2011,STRAY,OTC,CAT,N,0,1,19,NORMAL,DOMESTIC SH,BLACK
03/19/2011,STRAY,OTC,CAT,N,0,1,19,NORMAL,DOMESTIC SH,BLACK
03/19/2011,STRAY,OTC,CAT,N,0,1,19,NORMAL,DOMESTIC SH,BLACK
03/19/2011,STRAY,OTC,CAT,S,0,1,19,NORMAL,DOMESTIC SH,BRN TABBY
03/19/2011,STRAY,OTC,CAT,N,0,2,16,NORMAL,DOMESTIC SH,BRN TABBY
03/19/2011,STRAY,OTC,DOG,S,0,2,17,NORMAL,GERM SHEPHERD,BLACK
03/19/2011,STRAY,OTC,DOG,S,0,2,17,NORMAL,GERM SHEPHERD,BLACK
03/19/2011,STRAY,OTC,DOG,N,0,2,17,NORMAL,GERM SHEPHERD,TAN
03/19/2011,STRAY,OTC,DOG,S,0,2,17,NORMAL,GERM SHEPHERD,TRICOLOR
03/19/2011,STRAY,OTC,DOG,S,0,2,17,NORMAL,GERM SHEPHERD,SABLE
03/19/2011,STRAY,OTC,DOG,M,0,2,17,NORMAL,GERM SHEPHERD,BLACK
03/19/2011,STRAY,OTC,DOG,S,0,2,18,NORMAL,GERM SHEPHERD,BLACK
03/19/2011,STRAY,OTC,DOG,S,0,2,18,NORMAL,GERM SHEPHERD,BLACK
03/19/2011,OWNER SUR,RETURN,DOG,N,0,2,23,NORMAL,BORDER TERRIER,YELLOW
03/19/2011,OWNER SUR,RETURN,DOG,S,0,2,28,NORMAL,CHINESE SHARPEI,BLACK
03/19/2011,PUBLIC AST,QUARANTINE,DOG,M,0,2,29,SICK,PIT BULL,BLACK
03/19/2011,OWNER SUR,OTC,DOG,S,0,2,12,NORMAL,GERM SHEPHERD,WHITE
03/19/2011,OWNER SUR,RETURN,DOG,S,0,3,21,NORMAL,HARRIER,BROWN
03/19/2011,STRAY,OTC,DOG,M,0,3,29,SICK,MALTESE,WHITE
03/19/2011,ABANDONED,NO SUBTYPE,DOG,N,0,5,23,NORMAL,CATAHOULA,BRN MERLE
03/19/2011,STRAY,OTC,DOG,N,0,5,10,NORMAL,LABRADOR RETR,TAN
03/19/2011,OWNER SUR,RETURN,DOG,S,1,11,7,NORMAL,FRENCH BULLDOG,BR BRINDLE
03/19/2011,STRAY,OTC,CAT,S,2,0,28,NORMAL,DOMESTIC MH,BLK SMOKE
03/19/2011,PUBLIC AST,EMERGENCY,DOG,N,1,0,12,NORMAL,CHIHUAHUA SH,BROWN
03/19/2011,OWNER SUR,OTC,DOG,S,1,1,28,NORMAL,GERM SHEPHERD,BLACK
03/19/2011,STRAY,OTC,DOG,F,1,6,29,NORMAL,GERM SHEPHERD,BROWN
03/19/2011,STRAY,OTC,DOG,N,2,0,0,NORMAL,LABRADOR RETR,BLACK
03/19/2011,STRAY,FIELD,DOG,F,2,0,0,NORMAL,ALASKAN HUSKY,WHITE
03/19/2011,OWNER SUR,RETURN,CAT,S,2,1,5,NORMAL,DOMESTIC SH,BLUE TABBY
03/19/2011,OWNER SUR,RETURN,DOG,N,2,1,9,NORMAL,PIT BULL,BL BRINDLE
03/19/2011,OWNER SUR,OTC,DOG,N,2,3,5,NORMAL,BOXER,BROWN
03/19/2011,STRAY,OTC,DOG,N,2,4,21,NORMAL,PIT BULL,RED
03/19/2011,PUBLIC AST,SURGERY,DOG,N,3,7,11,NORMAL,CHOW CHOW,TAN
03/19/2011,STRAY,FIELD,DOG,N,4,0,27,NORMAL,GERM WH POINT,WHITE
03/19/2011,STRAY,OTC,CAT,F,3,0,0,NORMAL,DOMESTIC SH,BRN TABBY
03/19/2011,STRAY,OTC,DOG,N,3,0,0,NORMAL,GERM SHEPHERD,SABLE
03/19/2011,PUBLIC AST,QUARANTINE,DOG,S,3,0,0,NORMAL,CHIHUAHUA SH,BROWN
03/19/2011,STRAY,OTC,CAT,S,3,0,0,NORMAL,DOMESTIC SH,BLUE
03/19/2011,STRAY,FIELD,DOG,N,3,2,6,NORMAL,GREAT DANE,BLACK
03/19/2011,OWNER SUR,OTC,CAT,S,3,2,9,SICK,DOMESTIC LH,BLACK
03/19/2011,OWNER SUR,OTC,DOG,S,3,3,3,NORMAL,CHIHUAHUA SH,WHITE
03/19/2011,STRAY,FIELD,DOG,N,4,0,1,NORMAL,GREAT DANE,BLACK
03/19/2011,STRAY,FIELD,DOG,N,5,9,27,NORMAL,CHOW CHOW,RED
03/19/2011,STRAY,OTC,DOG,M,5,0,1,INJURED,BORDER COLLIE,BROWN
03/19/2011,STRAY,FIELD,DOG,N,5,6,29,NORMAL,LABRADOR RETR,BLACK
03/19/2011,PUBLIC AST,QUARANTINE,DOG,S,6,10,20,NORMAL,PIT BULL,BLACK
03/19/2011,OWNER SUR,RETURN,CAT,S,8,0,29,NORMAL,DOMESTIC LH,BLUE
03/19/2011,OWNER SUR,OTC,CAT,N,7,0,1,NORMAL,DOMESTIC SH,BLACK
03/19/2011,STRAY,OTC,DOG,N,8,0,2,NORMAL,POODLE MIN,WHITE
03/19/2011,STRAY,OTC,DOG,N,10,9,10,SICK,WELSH CORGI CAR,TRICOLOR
03/19/2011,PUBLIC AST,QUARANTINE,CAT,N,12,11,22,NORMAL,DOMESTIC SH,BRN TABBY
03/19/2011,EUTH REQ,OTC OWNED,DOG,M,13,0,3,SICK,MASTIFF,BLACK
03/19/2011,STRAY,OTC,DOG,N,15,0,2,NORMAL,COLLIE SMOOTH,RED
03/20/2011,STRAY,OTC,DOG,S,0,2,1,NORMAL,BORDER COLLIE,BLACK
03/20/2011,STRAY,OTC,DOG,S,0,2,9,NORMAL,LABRADOR RETR,RED
03/20/2011,OWNER SUR,OTC,DOG,M,0,4,29,NORMAL,AKITA,BROWN
03/20/2011,STRAY,OTC,DOG,F,0,6,0,NORMAL,CHIHUAHUA SH,BROWN
03/20/2011,STRAY,OTC,DOG,N,0,5,10,NORMAL,CHIHUAHUA SH,BLACK
03/20/2011,STRAY,OTC,DOG,N,0,6,17,NORMAL,LABRADOR RETR,BLACK
03/20/2011,OWNER SUR,OTC,DOG,S,0,6,29,NORMAL,LABRADOR RETR,BLACK
03/20/2011,STRAY,EMERG CLC,DOG,N,1,7,29,NORMAL,CHIHUAHUA SH,TAN
03/20/2011,STRAY,OTC,DOG,S,1,7,5,NORMAL,JACK RUSS TERR,WHITE
03/20/2011,OWNER SUR,OTC,CAT,S,1,9,0,NORMAL,DOMESTIC SH,TORBIE
03/20/2011,OWNER SUR,OTC,CAT,S,1,9,0,NORMAL,DOMESTIC SH,BRN TABBY
03/20/2011,STRAY,FIELD,DOG,N,1,9,11,NORMAL,BASSET HOUND,BLACK
03/20/2011,STRAY,FIELD,DOG,N,1,10,1,NORMAL,PIT BULL,WHITE
03/20/2011,STRAY,FIELD,DOG,N,1,0,0,NORMAL,BORDER COLLIE,BLACK
03/20/2011,PUBLIC AST,QUARANTINE,CAT,S,1,0,0,NORMAL,DOMESTIC MH,ORG TABBY
03/20/2011,STRAY,OTC,DOG,F,1,0,0,NORMAL,STAFFORDSHIRE,BROWN
03/20/2011,STRAY,OTC,DOG,S,1,6,18,NORMAL,PIT BULL,WHITE
03/20/2011,STRAY,FIELD,DOG,S,1,6,29,NORMAL,LABRADOR RETR,WHITE
03/20/2011,OWNER SUR,OTC,CAT,F,1,6,29,NORMAL,DOMESTIC SH,BLUE TABBY
03/20/2011,OWNER SUR,OTC,DOG,N,2,9,15,NORMAL,GERM SHEPHERD,BLACK
03/20/2011,OWNER SUR,OTC,DOG,S,2,0,0,NORMAL,GERM SHEPHERD,TAN
03/20/2011,STRAY,FIELD,DOG,N,2,0,0,NORMAL,AM PIT BULL TER,WHITE
03/20/2011,STRAY,OTC,CAT,S,2,0,0,NORMAL,DOMESTIC SH,TORBIE
03/20/2011,STRAY,FIELD,DOG,S,2,6,0,INJURED,PIT BULL,WHITE
03/20/2011,STRAY,FIELD,DOG,S,2,6,28,NORMAL,DOBERMAN PINSCH,BLACK
03/20/2011,STRAY,FIELD,DOG,N,2,6,28,NORMAL,DOBERMAN PINSCH,BLACK
03/20/2011,OWNER SUR,OTC,DOG,N,3,10,3,NORMAL,AKITA,TAN
03/20/2011,STRAY,FIELD,CAT,S,3,0,0,INJURED,DOMESTIC SH,CRM TABBY
03/20/2011,OWNER SUR,OTC,DOG,S,3,0,14,NORMAL,JACK RUSS TERR,WHITE
03/20/2011,STRAY,OTC,CAT,S,5,10,23,NORMAL,SIAMESE,BLUE PT
03/20/2011,OWNER SUR,OTC,CAT,S,5,6,0,NORMAL,DOMESTIC SH,BLACK
03/20/2011,OWNER SUR,OTC,DOG,N,6,9,13,INJURED,CHIHUAHUA SH,BLACK
03/20/2011,STRAY,OTC,CAT,S,7,0,21,NORMAL,BIRMAN,SEAL PT
03/20/2011,STRAY,FIELD,DOG,F,8,0,2,INJURED,AUST SHEPHERD,BR BRINDLE
03/20/2011,STRAY,OTC,DOG,F,11,0,17,NORMAL,POINTER,WHITE
03/20/2011,OWNER SUR,OTC,DOG,N,10,0,2,NORMAL,DACHSHUND,BROWN
03/20/2011,STRAY,EMERG CLC,DOG,S,10,1,22,NORMAL,BOXER,WHITE
03/20/2011,STRAY,FIELD,DOG,M,10,4,4,INJURED,GREAT DANE,WHITE
03/20/2011,STRAY,FIELD,DOG,N,13,0,2,NORMAL,IRISH WOLFHOUND,WHITE
03/20/2011,EUTH REQ,NO SUBTYPE,DOG,M,14,0,3,OTHER,CHOW CHOW,BUFF
03/21/2011,STRAY,OTC,CAT,U,0,0,7,NORMAL,DOMESTIC SH,BLACK
03/21/2011,STRAY,OTC,CAT,U,0,0,7,NORMAL,DOMESTIC SH,BRN TABBY
03/21/2011,STRAY,OTC,DOG,S,0,1,13,NURSING,BLACK/TAN HOUND,BLACK
03/21/2011,STRAY,OTC,DOG,S,0,1,13,NURSING,BLACK/TAN HOUND,BLACK
03/21/2011,STRAY,OTC,DOG,S,0,1,13,NURSING,BLACK/TAN HOUND,TRICOLOR
03/21/2011,STRAY,OTC,DOG,S,0,1,13,NURSING,BLACK/TAN HOUND,TRICOLOR
03/21/2011,STRAY,OTC,DOG,S,0,1,13,NURSING,BLACK/TAN HOUND,BLACK
03/21/2011,STRAY,OTC,DOG,S,0,1,13,NURSING,BLACK/TAN HOUND,BLACK
03/21/2011,STRAY,OTC,DOG,N,0,2,9,NORMAL,SCHNAUZER STAND,BLACK
03/21/2011,STRAY,OTC,DOG,S,0,5,5,NORMAL,PAPILLON,BLACK
03/21/2011,STRAY,FIELD,DOG,N,0,6,24,NORMAL,SHETLD SHEEPDOG,TAN
03/21/2011,STRAY,OTC,DOG,N,0,6,28,NORMAL,AMER BULLDOG,BLACK
03/21/2011,OWNER SUR,OTC,DOG,S,1,9,0,NORMAL,AUST SHEPHERD,BROWN
03/21/2011,STRAY,EMERG CLC,DOG,S,1,0,0,NORMAL,BORDER COLLIE,BROWN
03/21/2011,STRAY,OTC,DOG,N,1,0,0,INJURED,CHIHUAHUA SH,BROWN
03/21/2011,OWNER SUR,OTC,DOG,M,1,0,0,NORMAL,CHIHUAHUA LH,BLACK
03/21/2011,OWNER SUR,OTC,DOG,M,1,0,0,NORMAL,CHIHUAHUA SH,BLACK
03/21/2011,OWNER SUR,OTC,CAT,S,1,0,0,NORMAL,DOMESTIC SH,TORBIE
03/21/2011,OWNER SUR,OTC,DOG,S,1,0,0,NORMAL,LABRADOR RETR,BUFF
03/21/2011,STRAY,OTC,DOG,N,1,0,0,NORMAL,ST BERNARD SMTH,WHITE
03/21/2011,STRAY,EMERG CLC,CAT,U,1,0,2,INJURED,DOMESTIC SH,WHITE
03/21/2011,STRAY,OTC,CAT,S,1,6,21,NORMAL,DOMESTIC SH,WHITE
03/21/2011,OWNER SUR,OTC,DOG,N,1,6,29,NORMAL,POODLE MIN,WHITE
03/21/2011,STRAY,FIELD,DOG,S,1,6,29,NORMAL,PIT BULL,WHITE
03/21/2011,STRAY,OTC,DOG,S,1,6,29,NORMAL,CHIHUAHUA SH,TRICOLOR
03/21/2011,STRAY,FIELD,DOG,N,3,0,19,NORMAL,COLLIE ROUGH,BLACK
03/21/2011,OWNER SUR,OTC,CAT,N,3,0,23,NORMAL,DOMESTIC SH,BLUE TABBY
03/21/2011,STRAY,OTC,DOG,N,3,0,29,NORMAL,CHIHUAHUA SH,WHITE
03/21/2011,STRAY,OTC,DOG,F,3,0,29,NURSING,BLACK/TAN HOUND,BLACK
03/21/2011,STRAY,FIELD,DOG,S,3,0,0,NORMAL,AUST CATTLE DOG,WHITE
03/21/2011,STRAY,OTC,CAT,S,2,0,0,PREGNANT,DOMESTIC SH,TORTIE
03/21/2011,STRAY,FIELD,DOG,N,2,0,0,NORMAL,PIT BULL,BLACK
03/21/2011,STRAY,FIELD,DOG,N,2,0,0,INJURED,GERM SHEPHERD,BROWN
03/21/2011,STRAY,FIELD,DOG,N,2,2,19,NORMAL,PIT BULL,BLUE
03/21/2011,STRAY,FIELD,DOG,N,4,0,27,NORMAL,CHIHUAHUA SH,CHOCOLATE
03/21/2011,STRAY,OTC,DOG,S,3,0,0,NORMAL,GERM SHEPHERD,BR BRINDLE
03/21/2011,STRAY,FIELD,DOG,M,3,0,0,NORMAL,STAFFORDSHIRE,BLUE
03/21/2011,STRAY,OTC,DOG,S,5,0,1,NORMAL,GERM SHEPHERD,BROWN
03/21/2011,PUBLIC AST,QUARANTINE,CAT,N,5,0,3,INJURED,DOMESTIC SH,WHITE
03/21/2011,STRAY,OTC,DOG,M,6,11,24,NORMAL,CAVALIER SPAN,RED
03/21/2011,PUBLIC AST,QUARANTINE,DOG,N,6,11,25,NORMAL,LABRADOR RETR,WHITE
03/21/2011,OWNER SUR,OTC,CAT,N,7,0,0,NORMAL,DOMESTIC SH,ORG TABBY
03/21/2011,PUBLIC AST,QUARANTINE,CAT,N,6,0,1,NORMAL,DOMESTIC SH,SILVER
03/21/2011,STRAY,OTC,DOG,S,8,9,12,NORMAL,PIT BULL,WHITE
03/21/2011,OWNER SUR,OTC,DOG,N,10,0,1,NORMAL,JACK RUSS TERR,WHITE
03/21/2011,STRAY,OTC,DOG,S,10,0,12,NORMAL,LABRADOR RETR,BLACK
03/21/2011,EUTH REQ,OTC OWNED,DOG,M,14,0,3,AGED,LABRADOR RETR,BROWN
03/22/2011,STRAY,OTC,DOG,S,0,2,29,NORMAL,GERM SHEPHERD,BLACK
03/22/2011,STRAY,OTC,DOG,N,0,2,29,NORMAL,GERM SHEPHERD,TAN
03/22/2011,STRAY,OTC,DOG,N,0,2,29,NORMAL,GERM SHEPHERD,TAN
03/22/2011,STRAY,OTC,DOG,N,0,2,29,NORMAL,LABRADOR RETR,BLACK
03/22/2011,STRAY,OTC,DOG,N,0,2,29,NORMAL,GERM SHEPHERD,BLACK
03/22/2011,PUBLIC AST,EMERGENCY,DOG,F,0,6,0,NORMAL,GERM SHEPHERD,BLACK
03/22/2011,STRAY,OTC,DOG,S,0,6,25,NORMAL,SHETLD SHEEPDOG,TAN
03/22/2011,OWNER SUR,OTC,DOG,S,1,8,0,NORMAL,POINTER,WHITE
03/22/2011,STRAY,OTC,CAT,N,1,9,23,NORMAL,DOMESTIC SH,BLUE TABBY
03/22/2011,STRAY,FIELD,DOG,S,1,10,1,NORMAL,AUST KELPIE,BROWN
03/22/2011,STRAY,OTC,CAT,S,2,0,25,NORMAL,DOMESTIC SH,TORTIE
03/22/2011,STRAY,OTC,DOG,S,1,0,0,NORMAL,LABRADOR RETR,CHOCOLATE
03/22/2011,STRAY,EMERG CLC,CAT,M,1,0,1,SICK,DOMESTIC SH,ORANGE
03/22/2011,OWNER SUR,OTC,DOG,N,1,4,19,NORMAL,GERM SH POINT,BLACK
03/22/2011,STRAY,OTC,DOG,N,1,6,21,NORMAL,GERM SHEPHERD,BLACK
03/22/2011,STRAY,OTC,CAT,S,1,6,22,NORMAL,DOMESTIC SH,CALICO
03/22/2011,PUBLIC AST,QUARANTINE,DOG,S,1,6,0,NORMAL,PIT BULL,BROWN
03/22/2011,PUBLIC AST,QUARANTINE,DOG,N,1,6,0,NORMAL,PIT BULL,BLACK
03/22/2011,STRAY,FIELD,DOG,S,2,0,0,NORMAL,AM PIT BULL TER,BLUE
03/22/2011,STRAY,OTC,DOG,N,2,0,0,NORMAL,BLACK MOUTH CUR,TAN
03/22/2011,STRAY,OTC,DOG,N,2,6,15,NORMAL,POODLE MIN,BLACK
03/22/2011,PUBLIC AST,QUARANTINE,CAT,N,3,6,7,NORMAL,DOMESTIC SH,BRN TABBY
03/22/2011,PUBLIC AST,QUARANTINE,DOG,S,3,7,20,NORMAL,DACHSHUND,WHITE
03/22/2011,OWNER SUR,FIELD,DOG,N,3,8,28,NORMAL,AMER BULLDOG,WHITE
03/22/2011,STRAY,OTC,CAT,S,3,0,0,OTHER,DOMESTIC LH,BLACK
03/22/2011,STRAY,OTC,CAT,N,3,0,0,NORMAL,DOMESTIC SH,WHITE
03/22/2011,STRAY,FIELD,DOG,F,3,0,0,NORMAL,AM PIT BULL TER,TAN
03/22/2011,STRAY,FIELD,DOG,M,3,0,0,NORMAL,JACK RUSS TERR,WHITE
03/22/2011,PUBLIC AST,QUARANTINE,DOG,N,3,5,14,NORMAL,PIT BULL,CHOCOLATE
03/22/2011,STRAY,FIELD,DOG,N,3,6,21,INJURED,CHIHUAHUA SH,BROWN
03/22/2011,STRAY,OTC,CAT,N,5,0,25,FERAL,DOMESTIC SH,ORG TABBY
03/22/2011,STRAY,OTC,DOG,N,4,0,1,NORMAL,PIT BULL,BR BRINDLE
03/22/2011,STRAY,FIELD,DOG,N,5,0,1,NORMAL,LABRADOR RETR,BROWN
03/22/2011,PUBLIC AST,QUARANTINE,DOG,N,5,6,25,NORMAL,CHOW CHOW,BLACK
03/22/2011,OWNER SUR,OTC,DOG,N,6,5,1,NORMAL,DOBERMAN PINSCH,BLACK
03/22/2011,STRAY,OTC,DOG,S,10,0,29,NORMAL,RAT TERRIER,CHOCOLATE
03/22/2011,STRAY,OTC,DOG,N,10,0,2,OTHER,LABRADOR RETR,BROWN
03/22/2011,STRAY,OTC,CAT,M,10,0,2,SICK,DOMESTIC MH,WHITE
03/22/2011,OWNER SUR,OTC,DOG,S,11,3,18,AGED,CAIRN TERRIER,TAN
03/22/2011,STRAY,OTC,DOG,S,13,0,0,AGED,BELG SHEEPDOG,BLACK
03/22/2011,STRAY,FIELD,CAT,M,NO AGE,INJURED,DOMESTIC MH,BRN TABBY,,
03/23/2011,STRAY,FIELD,DOG,M,0,2,29,SICK,JACK RUSS TERR,WHITE
03/23/2011,OWNER SUR,OTC,CAT,S,0,4,29,NORMAL,DOMESTIC SH,BRN TABBY
03/23/2011,OWNER SUR,OTC,CAT,S,0,4,29,NORMAL,DOMESTIC SH,BRN TABBY
03/23/2011,OWNER SUR,OTC,CAT,N,0,4,29,NORMAL,SIAMESE,LYNX PT
03/23/2011,STRAY,FIELD,DOG,M,0,5,14,NORMAL,CHIHUAHUA SH,BLACK
03/23/2011,STRAY,OTC,DOG,M,0,6,29,NORMAL,AUST CATTLE DOG,WHITE
03/23/2011,STRAY,FIELD,DOG,N,1,8,27,NORMAL,PIT BULL,BLACK
03/23/2011,STRAY,FIELD,DOG,F,1,10,1,NORMAL,PIT BULL,BLACK
03/23/2011,STRAY,FIELD,DOG,S,1,11,0,NORMAL,RAT TERRIER,BLACK
03/23/2011,STRAY,OTC,DOG,M,1,0,0,NORMAL,PIT BULL,BLACK
03/23/2011,OWNER SUR,OTC,CAT,S,1,6,27,NORMAL,DOMESTIC SH,BRN TABBY
03/23/2011,STRAY,OTC,DOG,S,1,6,29,NORMAL,ROTTWEILER,BLACK
03/23/2011,OWNER SUR,OTC,DOG,N,1,6,29,NORMAL,WELSH CORGI CAR,CHOCOLATE
03/23/2011,STRAY,FIELD,DOG,F,1,6,29,NORMAL,PIT BULL,BLACK
03/23/2011,STRAY,FIELD,DOG,S,3,0,27,NORMAL,AM PIT BULL TER,BROWN
03/23/2011,STRAY,OTC,DOG,N,3,0,28,NORMAL,CHIHUAHUA SH,BLACK
03/23/2011,STRAY,OTC,CAT,F,2,0,0,NORMAL,DOMESTIC SH,BRN TABBY
03/23/2011,STRAY,FIELD,DOG,M,2,0,0,NORMAL,AMERICAN STAFF,WHITE
03/23/2011,STRAY,OTC,DOG,S,2,0,0,NORMAL,REDBONE HOUND,RED
03/23/2011,STRAY,FIELD,DOG,M,2,0,0,NORMAL,CHIHUAHUA SH,TAN
03/23/2011,STRAY,FIELD,DOG,N,2,0,0,NORMAL,CHIHUAHUA SH,TAN
03/23/2011,STRAY,OTC,DOG,S,2,0,8,NORMAL,LABRADOR RETR,CHOCOLATE
03/23/2011,OWNER SUR,OTC,DOG,N,2,6,27,NORMAL,SCHNAUZER MIN,GRAY
03/23/2011,STRAY,OTC,DOG,N,4,0,24,NORMAL,AMER BULLDOG,TAN
03/23/2011,STRAY,OTC,CAT,S,4,0,26,NORMAL,MAINE COON,BRN TABBY
03/23/2011,OWNER SUR,OTC,DOG,S,3,0,0,NORMAL,CHIHUAHUA LH,TAN
03/23/2011,PUBLIC AST,QUARANTINE,DOG,M,3,0,0,NORMAL,GERM SHEPHERD,BLACK
03/23/2011,STRAY,FIELD,DOG,S,3,6,23,NORMAL,PIT BULL,BLACK
03/23/2011,OWNER SUR,OTC,CAT,S,5,0,0,NORMAL,DOMESTIC SH,BRN TABBY
03/23/2011,STRAY,OTC,DOG,N,6,0,27,NORMAL,DACHSHUND,RED
03/23/2011,STRAY,OTC,DOG,S,6,0,29,NORMAL,CHIHUAHUA SH,TAN
03/23/2011,STRAY,OTC,DOG,N,5,0,1,NORMAL,DACHSHUND,RED
03/23/2011,STRAY,OTC,DOG,S,6,0,1,NORMAL,CHIHUAHUA SH,BROWN
03/23/2011,PUBLIC AST,QUARANTINE,DOG,N,6,6,0,NORMAL,PIT BULL,WHITE
03/23/2011,STRAY,FIELD,DOG,M,7,0,0,NORMAL,CHIHUAHUA SH,TRICOLOR
03/23/2011,STRAY,OTC,DOG,N,9,0,29,NORMAL,LABRADOR RETR,YELLOW
03/23/2011,STRAY,OTC,DOG,N,9,0,29,NORMAL,LABRADOR RETR,BUFF
03/23/2011,STRAY,OTC,DOG,N,8,6,23,NORMAL,POODLE TOY,APRICOT
03/23/2011,STRAY,OTC,DOG,S,10,7,16,NORMAL,POODLE MIN,WHITE
03/24/2011,STRAY,FIELD,DOG,S,0,2,29,NORMAL,NEWFOUNDLAND,BLACK
03/24/2011,OWNER SUR,OTC,DOG,S,0,2,11,NORMAL,AUST SHEPHERD,CHOCOLATE
03/24/2011,STRAY,OTC,DOG,S,0,3,29,NORMAL,SALUKI,WHITE
03/24/2011,OWNER SUR,OTC,CAT,N,0,4,29,NORMAL,DOMESTIC SH,BRN TABBY
03/24/2011,STRAY,OTC,DOG,N,1,8,25,NORMAL,BASENJI,TAN
03/24/2011,PUBLIC AST,SURGERY,DOG,N,2,7,16,NORMAL,AMER BULLDOG,FAWN
03/24/2011,OWNER SUR,OTC,DOG,N,2,0,0,NORMAL,DACHSHUND,BROWN
03/24/2011,STRAY,FIELD,DOG,S,2,0,0,NORMAL,AUST CATTLE DOG,TRICOLOR
03/24/2011,STRAY,EMERG CLC,DOG,U,2,0,0,INJURED,GERM SHEPHERD,BROWN
03/24/2011,STRAY,FIELD,DOG,S,2,0,0,NORMAL,AUST SHEPHERD,WHITE
03/24/2011,STRAY,FIELD,CAT,M,2,0,0,INJURED,DOMESTIC SH,LYNX PT
03/24/2011,OWNER SUR,OTC,DOG,N,2,5,27,NORMAL,DACHSHUND,BLACK
03/24/2011,STRAY,OTC,DOG,S,2,6,25,NORMAL,LABRADOR RETR,BLACK
03/24/2011,STRAY,OTC,DOG,N,2,6,25,NORMAL,BORDER COLLIE,BLACK
03/24/2011,PUBLIC AST,QUARANTINE,CAT,S,4,0,17,NORMAL,DOMESTIC SH,BLUE TABBY
03/24/2011,STRAY,OTC,DOG,N,3,0,0,NORMAL,PIT BULL,BLACK
03/24/2011,STRAY,OTC,DOG,F,3,0,0,NORMAL,BORDER TERRIER,BROWN
03/24/2011,STRAY,OTC,DOG,S,4,0,1,NORMAL,CATAHOULA,BR BRINDLE
03/24/2011,STRAY,OTC,CAT,N,4,0,1,NORMAL,DOMESTIC SH,WHITE
03/24/2011,STRAY,EMERG CLC,DOG,S,4,0,1,INJURED,PIT BULL,BROWN
03/24/2011,STRAY,OTC,CAT,N,5,10,23,NORMAL,DOMESTIC MH,BLACK
03/24/2011,PUBLIC AST,QUARANTINE,DOG,S,5,0,1,NORMAL,LABRADOR RETR,BLACK
03/24/2011,STRAY,FIELD,DOG,S,5,1,5,NORMAL,BASSET HOUND,BROWN
03/24/2011,STRAY,OTC,DOG,S,6,0,1,NORMAL,GERM SHEPHERD,GRAY
03/24/2011,STRAY,FIELD,DOG,S,6,0,1,NORMAL,LABRADOR RETR,CHOCOLATE
03/24/2011,STRAY,OTC,DOG,S,9,0,27,NORMAL,GERM SHEPHERD,WHITE
03/24/2011,OWNER SUR,OTC,CAT,N,8,0,2,NORMAL,DOMESTIC SH,LYNX PT
03/24/2011,OWNER SUR,RETURN,DOG,S,10,3,15,NORMAL,BORDER COLLIE,BLACK
03/24/2011,OWNER SUR,OTC,DOG,N,13,0,3,NORMAL,BEARDED COLLIE,TAN
03/25/2011,STRAY,OTC,CAT,N,0,-1,-6,NORMAL,DOMESTIC LH,BRN TABBY
03/25/2011,STRAY,OTC,CAT,S,0,0,7,NORMAL,REX,BRN TABBY
03/25/2011,STRAY,OTC,CAT,N,0,1,15,NURSING,DOMESTIC SH,BLUE
03/25/2011,STRAY,OTC,CAT,S,0,1,15,NURSING,DOMESTIC SH,BLUE TABBY
03/25/2011,STRAY,OTC,CAT,S,0,1,24,NORMAL,DOMESTIC SH,BRN TABBY
03/25/2011,STRAY,OTC,CAT,N,0,1,24,NORMAL,DOMESTIC LH,BRN TABBY
03/25/2011,STRAY,OTC,CAT,N,0,1,24,NORMAL,DOMESTIC SH,BRN TABBY
03/25/2011,STRAY,OTC,CAT,N,0,1,28,NORMAL,DOMESTIC SH,BRN TABBY
03/25/2011,STRAY,OTC,DOG,S,0,2,29,NORMAL,BLACK MOUTH CUR,TAN
03/25/2011,PUBLIC AST,QUARANTINE,DOG,S,0,2,29,NORMAL,LABRADOR RETR,TAN
03/25/2011,STRAY,OTC,DOG,S,0,2,29,NORMAL,ENG COONHOUND,TAN
03/25/2011,STRAY,OTC,DOG,N,0,2,29,NORMAL,ENG COONHOUND,TAN
03/25/2011,OWNER SUR,OTC,DOG,N,0,3,29,NORMAL,LABRADOR RETR,BLACK
03/25/2011,OWNER SUR,OTC,DOG,N,0,3,29,NORMAL,LABRADOR RETR,BLACK
03/25/2011,OWNER SUR,OTC,DOG,N,0,3,29,NORMAL,GERM SHEPHERD,BLACK
03/25/2011,STRAY,OTC,DOG,S,0,3,29,NORMAL,CHIHUAHUA SH,CHOCOLATE
03/25/2011,OWNER SUR,OTC,DOG,N,0,4,29,NORMAL,BERNESE MTN DOG,TRICOLOR
03/25/2011,STRAY,OTC,DOG,S,0,4,10,NORMAL,GREAT DANE,BLACK
03/25/2011,STRAY,FIELD,DOG,S,0,5,10,NORMAL,CHIHUAHUA SH,BUFF
03/25/2011,STRAY,OTC,DOG,M,1,6,10,NORMAL,CHIHUAHUA SH,WHITE
03/25/2011,STRAY,OTC,DOG,S,1,8,16,NORMAL,PIT BULL,TAN
03/25/2011,STRAY,OTC,DOG,N,1,9,28,NORMAL,AMER BULLDOG,WHITE
03/25/2011,OWNER SUR,FIELD,DOG,N,1,9,29,OTHER,LABRADOR RETR,BROWN
03/25/2011,STRAY,FIELD,DOG,S,1,10,1,NORMAL,LABRADOR RETR,BROWN
03/25/2011,STRAY,FIELD,DOG,S,1,10,1,NORMAL,BOXER,Y BRINDLE
03/25/2011,STRAY,FIELD,DOG,S,2,0,13,NORMAL,ROTTWEILER,BLACK
03/25/2011,STRAY,FIELD,DOG,S,2,0,28,NORMAL,RAT TERRIER,TRICOLOR
03/25/2011,STRAY,OTC,DOG,N,1,0,0,NORMAL,JACK RUSS TERR,WHITE
03/25/2011,STRAY,OTC,DOG,N,1,6,25,NORMAL,POODLE MIN,BLACK
03/25/2011,STRAY,OTC,DOG,S,1,6,25,NORMAL,POODLE MIN,WHITE
03/25/2011,OWNER SUR,RETURN,DOG,N,2,7,9,NORMAL,BOXER,BR BRINDLE
03/25/2011,STRAY,OTC,CAT,S,2,11,0,NORMAL,DOMESTIC SH,BRN TABBY
03/25/2011,OWNER SUR,OTC,DOG,S,3,0,22,NORMAL,PIT BULL,FAWN
03/25/2011,STRAY,OTC,DOG,N,3,0,27,NORMAL,MIN PINSCHER,BLACK
03/25/2011,STRAY,OTC,CAT,N,2,0,0,NORMAL,DOMESTIC SH,BLUE TABBY
03/25/2011,PUBLIC AST,INVESTIGAT,DOG,S,2,0,0,INJURED,AUST CATTLE DOG,WHITE
03/25/2011,STRAY,FIELD,DOG,M,2,0,0,NORMAL,PIT BULL,WHITE
03/25/2011,PUBLIC AST,QUARANTINE,DOG,N,3,0,0,NORMAL,PLOTT HOUND,BLACK
03/25/2011,STRAY,OTC,DOG,S,3,6,0,NORMAL,BOXER,TAN
03/25/2011,STRAY,FIELD,DOG,S,5,0,21,NORMAL,PIT BULL,RED
03/25/2011,ABANDONED,NO SUBTYPE,DOG,S,6,0,27,NORMAL,BEAGLE,TRICOLOR
03/25/2011,OWNER SUR,OTC,CAT,S,5,0,1,NORMAL,DOMESTIC SH,BRN TABBY
03/25/2011,OWNER SUR,OTC,CAT,S,5,0,1,NORMAL,DOMESTIC MH,WHITE
03/25/2011,OWNER SUR,OTC,CAT,N,5,0,1,NORMAL,DOMESTIC SH,BLUE
03/25/2011,STRAY,OTC,DOG,S,5,0,1,INJURED,CHIHUAHUA SH,TAN
03/25/2011,ABANDONED,NO SUBTYPE,DOG,S,8,0,27,NORMAL,BEAGLE,TRICOLOR
03/25/2011,STRAY,FOUND IN,CAT,M,8,0,2,INJURED,DOMESTIC SH,BRN TABBY
03/25/2011,STRAY,FIELD,DOG,M,9,0,2,INJURED,GOLDEN RETR,RED
03/25/2011,EUTH REQ,NO SUBTYPE,DOG,S,14,0,3,AGED,LABRADOR RETR,BLACK
03/25/2011,EUTH REQ,NO SUBTYPE,DOG,M,15,0,3,AGED,COLLIE SMOOTH,WHITE
03/26/2011,OWNER SUR,OTC,CAT,S,0,1,22,NURSING,DOMESTIC SH,ORG TABBY
03/26/2011,OWNER SUR,OTC,CAT,S,0,1,22,NURSING,DOMESTIC SH,TORTIE
03/26/2011,PUBLIC AST,INVESTIGAT,CAT,N,0,1,28,NORMAL,DOMESTIC SH,BLUE
03/26/2011,PUBLIC AST,INVESTIGAT,CAT,N,0,1,28,NORMAL,DOMESTIC SH,BLUE
03/26/2011,PUBLIC AST,INVESTIGAT,CAT,S,0,1,28,NORMAL,DOMESTIC SH,BLACK
03/26/2011,PUBLIC AST,INVESTIGAT,CAT,N,0,1,28,NORMAL,DOMESTIC SH,BLK SMOKE
03/26/2011,PUBLIC AST,INVESTIGAT,CAT,F,0,1,28,NORMAL,DOMESTIC SH,BLK TABBY
03/26/2011,OWNER SUR,OTC,DOG,S,0,2,27,NORMAL,LABRADOR RETR,TAN
03/26/2011,OWNER SUR,OTC,DOG,S,0,2,27,NORMAL,LABRADOR RETR,TAN
03/26/2011,STRAY,OTC,DOG,N,0,3,28,NORMAL,CHIHUAHUA SH,TAN
03/26/2011,OWNER SUR,OTC,CAT,N,0,4,24,SICK,DOMESTIC SH,BLACK
03/26/2011,OWNER SUR,OTC,CAT,S,0,4,24,SICK,DOMESTIC SH,BLACK
03/26/2011,OWNER SUR,OTC,CAT,S,0,4,24,SICK,DOMESTIC SH,BLACK
03/26/2011,STRAY,FIELD,DOG,N,0,4,12,OTHER,PIT BULL,WHITE
03/26/2011,STRAY,FIELD,DOG,N,1,10,23,NORMAL,AMER BULLDOG,TAN
03/26/2011,OWNER SUR,OTC,CAT,S,2,0,17,NORMAL,DOMESTIC SH,BLACK
03/26/2011,OWNER SUR,OTC,DOG,M,1,0,0,SICK,PIT BULL,BR BRINDLE
03/26/2011,STRAY,FIELD,DOG,S,1,0,0,NORMAL,CHIHUAHUA SH,BLACK
03/26/2011,OWNER SUR,OTC,DOG,M,1,0,0,NORMAL,AMERICAN STAFF,BR BRINDLE
03/26/2011,STRAY,OTC,DOG,N,1,6,25,NORMAL,GREAT PYRENEES,WHITE
03/26/2011,STRAY,OTC,CAT,S,1,6,26,NORMAL,DOMESTIC SH,TORBIE
03/26/2011,OWNER SUR,OTC,DOG,S,2,0,0,NORMAL,BRUSS GRIFFON,TAN
03/26/2011,OWNER SUR,OTC,DOG,S,2,0,0,NORMAL,BRUSS GRIFFON,TAN
03/26/2011,OWNER SUR,OTC,DOG,M,2,0,0,NORMAL,GERM SHEPHERD,BLACK
03/26/2011,STRAY,FIELD,DOG,S,2,0,0,NORMAL,AUST CATTLE DOG,BLACK
03/26/2011,STRAY,FIELD,DOG,N,2,0,0,NORMAL,JACK RUSS TERR,WHITE
03/26/2011,STRAY,OTC,DOG,S,2,0,0,NORMAL,PUG,TAN
03/26/2011,STRAY,FIELD,CAT,N,2,0,0,INJURED,DOMESTIC SH,BLUE TABBY
03/26/2011,OWNER SUR,OTC,CAT,N,3,0,0,NORMAL,DOMESTIC SH,BLACK
03/26/2011,STRAY,OTC,DOG,N,3,0,0,NORMAL,LABRADOR RETR,BLACK
03/26/2011,OWNER SUR,OTC,DOG,S,3,0,2,NORMAL,AMER BULLDOG,WHITE
03/26/2011,STRAY,OTC,DOG,N,4,9,19,NORMAL,BORDER COLLIE,RED
03/26/2011,OWNER SUR,OTC,DOG,N,4,2,12,NORMAL,ANATOL SHEPHERD,TAN
03/26/2011,STRAY,FIELD,DOG,S,6,0,24,OTHER,AUST CATTLE DOG,CREAM
03/26/2011,STRAY,OTC,DOG,N,6,0,28,OTHER,DACHSHUND,RED
03/26/2011,STRAY,OTC,DOG,S,5,3,26,NORMAL,GERM SHEPHERD,BLACK
03/26/2011,OWNER SUR,OTC,DOG,N,5,4,18,NORMAL,ROTTWEILER,TRICOLOR
03/26/2011,STRAY,OTC,DOG,N,6,0,1,NORMAL,COCKER SPAN,CHOCOLATE
03/26/2011,STRAY,OTC,DOG,N,7,0,1,NORMAL,ALASK MALAMUTE,BLACK
03/26/2011,STRAY,FIELD,DOG,F,8,11,7,NORMAL,LABRADOR RETR,BLACK
03/26/2011,STRAY,OTC,DOG,S,8,0,2,NORMAL,ALASK MALAMUTE,WHITE
03/26/2011,STRAY,FIELD,DOG,N,9,11,8,OTHER,LABRADOR RETR,BLACK
03/26/2011,STRAY,OTC,DOG,M,10,0,25,NORMAL,BULLDOG,BR BRINDLE
03/26/2011,STRAY,OTC,DOG,S,9,4,4,NORMAL,LABRADOR RETR,CHOCOLATE
03/26/2011,OWNER SUR,OTC,DOG,N,10,0,2,NORMAL,BRUSS GRIFFON,TAN
03/26/2011,STRAY,EMERG CLC,DOG,F,12,0,3,INJURED,COCKER SPAN,TAN
03/26/2011,STRAY,EMERG CLC,DOG,F,12,0,3,INJURED,COCKER SPAN,TAN
03/26/2011,STRAY,OTC,DOG,M,14,0,1,AGED,POMERANIAN,BLACK
03/27/2011,OWNER SUR,FIELD,DOG,S,0,1,18,INJURED,PIT BULL,BLACK
03/27/2011,OWNER SUR,FIELD,DOG,N,0,1,18,NURSING,PIT BULL,BLACK
03/27/2011,OWNER SUR,FIELD,DOG,S,0,1,18,NURSING,PIT BULL,BLACK
03/27/2011,OWNER SUR,FIELD,DOG,N,0,1,18,NURSING,PIT BULL,BLACK
03/27/2011,OWNER SUR,FIELD,DOG,N,0,1,18,NURSING,PIT BULL,BLACK
03/27/2011,OWNER SUR,FIELD,DOG,N,0,1,18,NURSING,PIT BULL,BLACK
03/27/2011,OWNER SUR,FIELD,DOG,N,0,1,18,NURSING,PIT BULL,BLACK
03/27/2011,OWNER SUR,FIELD,DOG,M,0,1,4,INJURED,PIT BULL,BLACK
03/27/2011,STRAY,OTC,DOG,N,0,1,13,SICK,PLOTT HOUND,BR BRINDLE
03/27/2011,STRAY,OTC,DOG,S,0,2,20,NORMAL,RAT TERRIER,TRICOLOR
03/27/2011,STRAY,FIELD,DOG,S,0,2,27,NORMAL,AUST SHEPHERD,WHITE
03/27/2011,OWNER SUR,OTC,CAT,S,0,2,28,NORMAL,DOMESTIC SH,ORG TABBY
03/27/2011,OWNER SUR,OTC,CAT,S,0,2,28,NORMAL,DOMESTIC SH,BRN TABBY
03/27/2011,OWNER SUR,OTC,CAT,S,0,2,29,NORMAL,DOMESTIC SH,BRN TABBY
03/27/2011,OWNER SUR,OTC,CAT,S,0,2,29,NORMAL,DOMESTIC SH,BRN TABBY
03/27/2011,STRAY,FIELD,DOG,S,0,2,29,NORMAL,AUST SHEPHERD,WHITE
03/27/2011,STRAY,FIELD,DOG,S,0,2,29,NORMAL,AUST SHEPHERD,WHITE
03/27/2011,STRAY,FIELD,DOG,S,0,2,29,NORMAL,AUST SHEPHERD,WHITE
03/27/2011,STRAY,FIELD,DOG,S,0,2,29,NORMAL,AUST SHEPHERD,WHITE
03/27/2011,PUBLIC AST,QUARANTINE,DOG,N,0,2,9,NORMAL,ROTTWEILER,BLACK
03/27/2011,STRAY,FIELD,DOG,M,0,4,29,NORMAL,CHOW CHOW,RED
03/27/2011,STRAY,FIELD,DOG,M,0,4,29,NORMAL,GERM SHEPHERD,RED
03/27/2011,STRAY,FIELD,DOG,N,0,4,11,NORMAL,BLACK/TAN HOUND,BLACK
03/27/2011,STRAY,FIELD,DOG,S,0,4,11,NORMAL,BLACK/TAN HOUND,BLACK
03/27/2011,STRAY,NO SUBTYPE,DOG,S,1,0,0,NORMAL,CHIHUAHUA SH,TAN
03/27/2011,PUBLIC AST,QUARANTINE,DOG,N,1,0,0,NORMAL,CHIHUAHUA SH,BUFF
03/27/2011,OWNER SUR,FIELD,DOG,S,1,0,0,INJURED,PIT BULL,TAN
03/27/2011,STRAY,FIELD,DOG,N,1,1,27,NORMAL,LABRADOR RETR,BLACK
03/27/2011,STRAY,OTC,DOG,S,1,6,29,NORMAL,CHIHUAHUA SH,BROWN
03/27/2011,STRAY,OTC,DOG,M,2,0,0,NORMAL,LABRADOR RETR,BROWN
03/27/2011,STRAY,OTC,DOG,N,2,0,0,NORMAL,ENG COONHOUND,TAN
03/27/2011,STRAY,EMERG CLC,DOG,S,2,0,0,NORMAL,AM PIT BULL TER,BLUE
03/27/2011,PUBLIC AST,QUARANTINE,DOG,N,3,6,8,NORMAL,PIT BULL,BR BRINDLE
03/27/2011,STRAY,FIELD,DOG,N,4,0,25,NORMAL,CHIHUAHUA SH,CHOCOLATE
03/27/2011,OWNER SUR,OTC,DOG,S,3,0,0,NORMAL,CHIHUAHUA SH,CHOCOLATE
03/27/2011,STRAY,OTC,DOG,N,3,0,0,NORMAL,GREAT PYRENEES,WHITE
03/27/2011,STRAY,OTC,DOG,F,3,0,0,NORMAL,GREAT PYRENEES,WHITE
03/27/2011,STRAY,OTC,DOG,S,3,0,0,NORMAL,BULL TERRIER,BROWN
03/27/2011,STRAY,FIELD,DOG,S,3,0,0,NORMAL,CHIHUAHUA SH,WHITE
03/27/2011,STRAY,EMERG CLC,DOG,S,4,0,1,INJURED,SCHNAUZER MIN,BLACK
03/27/2011,STRAY,EMERG CLC,DOG,N,4,2,0,NORMAL,COLLIE SMOOTH,SABLE
03/27/2011,OWNER SUR,OTC,CAT,S,6,0,28,NORMAL,DOMESTIC SH,TORBIE
03/27/2011,OWNER SUR,OTC,DOG,S,5,0,0,OTHER,DACHSHUND,TRICOLOR
03/27/2011,STRAY,FIELD,DOG,F,5,0,1,NORMAL,CHIHUAHUA SH,TAN
03/27/2011,OWNER SUR,OTC,DOG,N,5,0,1,NORMAL,CHOW CHOW,BLACK
03/27/2011,OWNER SUR,OTC,CAT,S,5,0,1,NORMAL,DOMESTIC SH,CALICO
03/27/2011,STRAY,OTC,DOG,N,5,0,1,NORMAL,LABRADOR RETR,BLACK
03/27/2011,STRAY,OTC,DOG,N,5,0,1,NORMAL,BULLMASTIFF,BR BRINDLE
03/27/2011,STRAY,OTC,DOG,N,6,11,22,NORMAL,GERM SHEPHERD,BLACK
03/27/2011,OWNER SUR,OTC,CAT,N,7,0,26,NORMAL,DOMESTIC SH,BLUE
03/27/2011,STRAY,FIELD,CAT,N,7,0,26,INJURED,DOMESTIC SH,BRN TABBY
03/27/2011,STRAY,OTC,DOG,S,7,0,1,NORMAL,AUST CATTLE DOG,BLACK
03/27/2011,STRAY,NO SUBTYPE,DOG,N,9,0,2,NORMAL,POODLE TOY,BLACK
03/27/2011,STRAY,OTC,DOG,S,13,0,3,NORMAL,FLAT COAT RETR,BLACK
03/27/2011,OWNER SUR,OTC,CAT,S,14,6,28,NORMAL,MAINE COON,CALICO
03/28/2011,OWNER SUR,QUARANTINE,CAT,N,0,0,3,NURSING,DOMESTIC SH,LILAC PT
03/28/2011,OWNER SUR,QUARANTINE,CAT,N,0,0,3,NURSING,DOMESTIC SH,WHITE
03/28/2011,OWNER SUR,QUARANTINE,CAT,S,0,0,3,NURSING,DOMESTIC SH,LILAC PT
03/28/2011,STRAY,OTC,DOG,F,0,1,5,NORMAL,BOXER,BR BRINDLE
03/28/2011,STRAY,OTC,DOG,N,0,1,5,NORMAL,BOXER,BROWN
03/28/2011,STRAY,FIELD,DOG,N,0,2,10,NORMAL,SWED VALLHUND,BROWN
03/28/2011,STRAY,FIELD,DOG,N,0,2,10,NORMAL,GERM SHEPHERD,BROWN
03/28/2011,OWNER SUR,OTC,DOG,S,0,3,27,NORMAL,SCHNAUZER GIANT,BLACK
03/28/2011,STRAY,OTC,DOG,S,0,5,6,NORMAL,POINTER,WHITE
03/28/2011,ABANDONED,NO SUBTYPE,DOG,N,1,8,0,NORMAL,MALTESE,WHITE
03/28/2011,ABANDONED,NO SUBTYPE,DOG,S,1,8,0,NORMAL,MALTESE,WHITE
03/28/2011,PUBLIC AST,QUARANTINE,DOG,N,1,8,0,NORMAL,LABRADOR RETR,BLACK
03/28/2011,OWNER SUR,RETURN,DOG,S,1,8,5,NORMAL,CHIHUAHUA SH,BROWN
03/28/2011,STRAY,OTC,DOG,N,1,0,0,NORMAL,ROTTWEILER,BLACK
03/28/2011,STRAY,EMERG CLC,CAT,F,1,0,0,SICK,DOMESTIC SH,BRN TABBY
03/28/2011,STRAY,OTC,CAT,S,1,0,0,NORMAL,DOMESTIC MH,BRN TABBY
03/28/2011,OWNER SUR,QUARANTINE,CAT,S,1,0,0,NURSING,DOMESTIC SH,BLUE PT
03/28/2011,PUBLIC AST,QUARANTINE,CAT,S,2,0,0,NORMAL,DOMESTIC SH,BLACK
03/28/2011,PUBLIC AST,INVESTIGAT,DOG,F,2,0,0,NORMAL,PIT BULL,WHITE
03/28/2011,STRAY,OTC,CAT,N,2,0,0,NORMAL,DOMESTIC SH,ORG TABBY
03/28/2011,PUBLIC AST,QUARANTINE,DOG,S,2,0,0,NORMAL,PIT BULL,TAN
03/28/2011,OWNER SUR,OTC,CAT,S,2,6,29,NORMAL,DOMESTIC SH,BRN TABBY
03/28/2011,STRAY,OTC,DOG,S,4,0,24,NORMAL,BLUE LACY,BLUE
03/28/2011,ABANDONED,NO SUBTYPE,DOG,N,3,0,0,NORMAL,MALTESE,WHITE
03/28/2011,ABANDONED,NO SUBTYPE,DOG,N,3,0,0,NORMAL,MALTESE,WHITE
03/28/2011,ABANDONED,NO SUBTYPE,DOG,S,3,0,0,NORMAL,MALTESE,WHITE
03/28/2011,STRAY,FIELD,DOG,N,4,4,18,NORMAL,BOXER,BROWN
03/28/2011,STRAY,OTC,DOG,N,6,0,27,NORMAL,AMER BULLDOG,WHITE
03/28/2011,OWNER SUR,OTC,DOG,S,6,0,28,NORMAL,CHIHUAHUA SH,TAN
03/28/2011,OWNER SUR,OTC,DOG,S,5,5,27,NORMAL,CHIHUAHUA SH,TAN
03/28/2011,PUBLIC AST,QUARANTINE,DOG,S,6,6,1,NORMAL,CHIHUAHUA SH,SABLE
03/28/2011,STRAY,OTC,DOG,N,11,0,27,AGED,BASSET HOUND,BLACK
03/28/2011,OWNER SUR,OTC,DOG,N,10,0,2,NORMAL,BASSET HOUND,BLACK
03/28/2011,STRAY,OTC,DOG,M,12,0,2,AGED,GERM SHEPHERD,SABLE
03/28/2011,OWNER SUR,OTC,CAT,S,17,0,4,AGED,DOMESTIC SH,CRM TABBY
03/28/2011,STRAY,OTC,CAT,S,19,0,2,NORMAL,DOMESTIC SH,TORTIE
03/29/2011,STRAY,FIELD,DOG,S,0,1,13,NORMAL,CHOW CHOW,BUFF
03/29/2011,STRAY,FIELD,DOG,S,0,2,29,NORMAL,DACHSHUND WH,CHOCOLATE
03/29/2011,STRAY,FIELD,DOG,S,0,2,9,NORMAL,BOXER,BR BRINDLE
03/29/2011,STRAY,OTC,DOG,S,0,2,9,NORMAL,BOXER,WHITE
03/29/2011,STRAY,OTC,DOG,S,0,2,13,OTHER,CHIHUAHUA SH,BR BRINDLE
03/29/2011,STRAY,FIELD,DOG,F,0,3,25,NORMAL,LABRADOR RETR,BLACK
03/29/2011,STRAY,OTC,DOG,S,1,9,0,NORMAL,AUST SHEPHERD,WHITE
03/29/2011,OWNER SUR,OTC,CAT,S,1,1,28,NORMAL,DOMESTIC SH,TORBIE
03/29/2011,OWNER SUR,OTC,CAT,N,1,1,28,NORMAL,DOMESTIC SH,BLUE
03/29/2011,STRAY,FIELD,DOG,N,1,2,18,NORMAL,PIT BULL,WHITE
03/29/2011,STRAY,FIELD,DOG,S,1,6,16,NORMAL,STAFFORDSHIRE,BR BRINDLE
03/29/2011,OWNER SUR,OTC,CAT,N,1,6,27,NORMAL,DOMESTIC SH,ORG TABBY
03/29/2011,STRAY,OTC,DOG,S,3,0,27,NORMAL,AUST CATTLE DOG,BLACK
03/29/2011,STRAY,OTC,CAT,S,2,0,0,NORMAL,SIAMESE,CALICO PT
03/29/2011,STRAY,OTC,CAT,S,2,0,0,NORMAL,DOMESTIC SH,BLUE TABBY
03/29/2011,STRAY,OTC,CAT,N,2,6,26,FERAL,DOMESTIC SH,ORG TABBY
03/29/2011,OWNER SUR,OTC,DOG,N,3,6,10,NORMAL,AUST CATTLE DOG,BLUE TICK
03/29/2011,STRAY,FIELD,DOG,N,4,0,26,NORMAL,CATAHOULA,WHITE
03/29/2011,STRAY,OTC,CAT,M,4,0,27,NORMAL,DOMESTIC SH,ORG TABBY
03/29/2011,STRAY,OTC,DOG,M,3,0,0,NORMAL,ROTTWEILER,BLACK
03/29/2011,OWNER SUR,OTC,DOG,N,3,0,0,NORMAL,CAIRN TERRIER,BLACK
03/29/2011,OWNER SUR,OTC,DOG,S,3,0,0,NORMAL,CAIRN TERRIER,BR BRINDLE
03/29/2011,STRAY,FIELD,DOG,S,3,0,0,NORMAL,CHOW CHOW,RED
03/29/2011,STRAY,EMERG CLC,CAT,M,3,0,0,SICK,DOMESTIC LH,BLACK
03/29/2011,STRAY,OTC,DOG,M,4,0,1,NORMAL,AMER BULLDOG,TAN
03/29/2011,STRAY,OTC,CAT,N,4,6,27,FERAL,DOMESTIC SH,BLACK
03/29/2011,STRAY,OTC,CAT,S,5,10,2,NORMAL,SIAMESE,BLUE PT
03/29/2011,STRAY,FIELD,DOG,S,5,11,2,NORMAL,LABRADOR RETR,BLACK
03/29/2011,STRAY,OTC,CAT,N,5,0,0,NORMAL,DOMESTIC SH,BRN TABBY
03/29/2011,STRAY,OTC,CAT,S,7,0,23,NORMAL,DOMESTIC SH,CALICO
03/29/2011,OWNER SUR,OTC,CAT,S,7,0,0,NORMAL,DOMESTIC SH,BRN TABBY
03/29/2011,STRAY,OTC,DOG,N,6,4,21,NORMAL,LABRADOR RETR,BLACK
03/29/2011,STRAY,OTC,CAT,S,8,0,28,NORMAL,DOMESTIC SH,TORBIE
03/29/2011,OWNER SUR,OTC,CAT,S,7,0,4,NORMAL,DOMESTIC SH,TORTIE
03/29/2011,STRAY,OTC,DOG,S,7,1,28,NORMAL,JACK RUSS TERR,WHITE
03/29/2011,OWNER SUR,OTC,DOG,S,9,8,0,NORMAL,LABRADOR RETR,TAN
03/29/2011,OWNER SUR,OTC,DOG,S,9,10,8,NORMAL,GERM SHEPHERD,TAN
03/29/2011,OWNER SUR,OTC,CAT,S,11,0,2,SICK,DOMESTIC SH,BRN TABBY
03/29/2011,STRAY,OTC,DOG,N,11,0,2,SICK,LABRADOR RETR,BLACK
03/29/2011,EUTH REQ,NO SUBTYPE,DOG,S,20,10,12,AGED,BORDER COLLIE,BROWN
03/30/2011,STRAY,OTC,CAT,S,0,0,7,NURSING,SIAMESE,WHITE
03/30/2011,STRAY,OTC,CAT,S,0,0,7,NURSING,DOMESTIC SH,BRN TABBY
03/30/2011,STRAY,OTC,CAT,S,0,0,7,NURSING,DOMESTIC SH,GRAY TABBY
03/30/2011,PUBLIC AST,QUARANTINE,CAT,N,0,2,15,FERAL,DOMESTIC MH,ORG TABBY
03/30/2011,STRAY,FIELD,DOG,F,0,6,0,NORMAL,ROTTWEILER,BLACK
03/30/2011,OWNER SUR,OTC,DOG,N,0,6,29,NORMAL,AUST SHEPHERD,BLACK
03/30/2011,OWNER SUR,OTC,DOG,S,0,6,29,NORMAL,AUST SHEPHERD,BLACK
03/30/2011,STRAY,FIELD,DOG,M,1,8,0,NORMAL,ROTTWEILER,BLACK
03/30/2011,PUBLIC AST,OIJ,DOG,S,1,9,0,NORMAL,PIT BULL,BLUE
03/30/2011,OWNER SUR,OTC,DOG,S,1,2,11,NORMAL,GERM SHEPHERD,BROWN
03/30/2011,PUBLIC AST,OIJ,DOG,F,1,6,29,NORMAL,PIT BULL,WHITE
03/30/2011,OWNER SUR,OTC,CAT,M,3,0,0,NORMAL,DOMESTIC SH,BRN TABBY
03/30/2011,OWNER SUR,OTC,CAT,N,2,0,0,NORMAL,DOMESTIC SH,BRN TABBY
03/30/2011,OWNER SUR,OTC,CAT,N,2,0,0,NORMAL,DOMESTIC SH,BRN TABBY
03/30/2011,OWNER SUR,OTC,DOG,S,2,0,0,NORMAL,AUST CATTLE DOG,BUFF
03/30/2011,STRAY,EMERG CLC,CAT,S,2,0,0,SICK,DOMESTIC LH,BRN TABBY
03/30/2011,STRAY,OTC,CAT,S,2,0,0,NORMAL,DOMESTIC SH,ORG TABBY
03/30/2011,PUBLIC AST,QUARANTINE,DOG,M,2,0,0,NORMAL,AMERICAN STAFF,GRAY
03/30/2011,STRAY,OTC,DOG,S,3,0,0,INJURED,PIT BULL,TAN
03/30/2011,STRAY,OTC,DOG,S,3,0,0,NORMAL,DACHSHUND,WHITE
03/30/2011,STRAY,FIELD,DOG,N,3,0,0,NORMAL,CHIHUAHUA SH,BROWN
03/30/2011,STRAY,FIELD,DOG,S,3,0,0,NORMAL,CHIHUAHUA SH,BROWN
03/30/2011,PUBLIC AST,QUARANTINE,DOG,N,3,0,0,NORMAL,POODLE MIN,WHITE
03/30/2011,STRAY,FIELD,DOG,S,3,0,0,NORMAL,PIT BULL,WHITE
03/30/2011,OWNER SUR,OTC,DOG,N,4,7,9,NORMAL,ROTTWEILER,BLACK
03/30/2011,STRAY,OTC,DOG,N,4,9,14,NORMAL,PIT BULL,CHOCOLATE
03/30/2011,OWNER SUR,OTC,CAT,M,4,0,0,NORMAL,DOMESTIC SH,BRN TABBY
03/30/2011,STRAY,OTC,DOG,S,4,0,1,NORMAL,CHIHUAHUA SH,BLUE
03/30/2011,OWNER SUR,OTC,DOG,M,4,0,1,SICK,ROTTWEILER,BLACK
03/30/2011,STRAY,FIELD,DOG,N,7,0,1,NORMAL,LABRADOR RETR,TAN
03/30/2011,OWNER SUR,OTC,DOG,F,7,0,1,SICK,ROTTWEILER,BLACK
03/30/2011,EUTH REQ,NO SUBTYPE,DOG,M,9,0,2,SICK,CHIHUAHUA SH,BROWN
03/30/2011,STRAY,OTC,DOG,F,10,0,2,NORMAL,CHIHUAHUA LH,WHITE
03/30/2011,STRAY,OTC,CAT,N,13,0,0,SICK,DOMESTIC MH,BLUE TABBY
03/31/2011,STRAY,OTC,CAT,S,0,0,1,NURSING,DOMESTIC SH,TORBIE
03/31/2011,STRAY,OTC,CAT,S,0,0,1,NURSING,DOMESTIC SH,BRN TABBY
03/31/2011,STRAY,OTC,CAT,N,0,0,1,NURSING,DOMESTIC SH,BRN TABBY
03/31/2011,STRAY,OTC,CAT,N,0,0,1,NURSING,DOMESTIC SH,BLACK
03/31/2011,STRAY,OTC,CAT,S,0,1,22,NURSING,SIAMESE,CALICO PT
03/31/2011,STRAY,OTC,CAT,N,0,1,22,NURSING,SIAMESE,LYNX PT
03/31/2011,STRAY,OTC,CAT,N,0,1,22,NURSING,SIAMESE,BRN TABBY
03/31/2011,STRAY,OTC,CAT,S,0,1,22,NURSING,SIAMESE,BRN TABBY
03/31/2011,OWNER SUR,OTC,CAT,N,0,1,13,NORMAL,DOMESTIC SH,BRN TABBY
03/31/2011,OWNER SUR,OTC,CAT,S,0,1,13,NORMAL,DOMESTIC SH,TORBIE
03/31/2011,OWNER SUR,OTC,CAT,S,0,1,13,NORMAL,DOMESTIC SH,TORTIE
03/31/2011,OWNER SUR,OTC,DOG,F,0,2,13,INJURED,PIT BULL,WHITE
03/31/2011,STRAY,OTC,DOG,S,0,3,25,NORMAL,CHIHUAHUA LH,TAN
03/31/2011,STRAY,OTC,DOG,N,0,3,25,NORMAL,CHIHUAHUA LH,TAN
03/31/2011,STRAY,OTC,CAT,F,0,3,29,NORMAL,DOMESTIC MH,CALICO
03/31/2011,STRAY,FIELD,DOG,N,0,5,24,NORMAL,LABRADOR RETR,BLACK
03/31/2011,STRAY,OTC,CAT,N,0,6,29,OTHER,DOMESTIC SH,WHITE
03/31/2011,STRAY,FIELD,DOG,S,1,8,0,NORMAL,PIT BULL,WHITE
03/31/2011,STRAY,OTC,DOG,N,1,8,0,NORMAL,CHIHUAHUA SH,WHITE
03/31/2011,STRAY,OTC,CAT,S,2,0,27,NORMAL,DOMESTIC SH,ORG TABBY
03/31/2011,STRAY,FIELD,CAT,N,1,0,0,INJURED,DOMESTIC SH,BRN TABBY
03/31/2011,OWNER SUR,OTC,CAT,S,1,0,0,NORMAL,RUSSIAN BLUE,BLUE
03/31/2011,OWNER SUR,OTC,DOG,N,1,0,0,OTHER,PUG,BLACK
03/31/2011,OWNER SUR,OTC,CAT,S,1,6,21,NORMAL,SIAMESE,LYNX PT
03/31/2011,STRAY,OTC,CAT,N,1,6,23,NORMAL,DOMESTIC SH,BLACK
03/31/2011,OWNER SUR,OTC,CAT,S,1,6,29,NORMAL,DOMESTIC MH,TORTIE
03/31/2011,STRAY,OTC,DOG,S,1,6,29,NORMAL,AUST CATTLE DOG,BLUE MERLE
03/31/2011,OWNER SUR,OTC,CAT,N,1,6,29,NORMAL,DOMESTIC SH,ORG TABBY
03/31/2011,OWNER SUR,OTC,CAT,S,1,6,29,NORMAL,DOMESTIC SH,BRN TABBY
03/31/2011,STRAY,FIELD,DOG,N,3,0,27,NORMAL,LABRADOR RETR,BLACK
03/31/2011,STRAY,FIELD,DOG,S,2,0,0,NORMAL,AUST SHEPHERD,TAN
03/31/2011,STRAY,OTC,DOG,N,2,0,0,NORMAL,ANATOL SHEPHERD,BLACK
03/31/2011,STRAY,OTC,DOG,S,2,0,0,NORMAL,AUST CATTLE DOG,BLUE MERLE
03/31/2011,STRAY,OTC,CAT,N,2,0,0,NORMAL,NORWGN FOREST,BLACK
03/31/2011,STRAY,OTC,DOG,S,2,0,0,NORMAL,PIT BULL,WHITE
03/31/2011,STRAY,OTC,CAT,S,2,5,28,NURSING,SIAMESE,LYNX PT
03/31/2011,OWNER SUR,RETURN,DOG,N,3,8,6,NORMAL,GERM SHEPHERD,TAN
03/31/2011,STRAY,OTC,CAT,S,3,11,10,NORMAL,DOMESTIC SH,BRN TABBY
03/31/2011,STRAY,OTC,DOG,S,4,0,27,NORMAL,COCKER SPAN,BLACK
03/31/2011,STRAY,OTC,DOG,N,4,0,27,NORMAL,BEAGLE,WHITE
03/31/2011,STRAY,OTC,CAT,S,3,0,0,NORMAL,DOMESTIC SH,BRN TABBY
03/31/2011,STRAY,OTC,CAT,F,3,0,0,NORMAL,DOMESTIC SH,BLACK
03/31/2011,PUBLIC AST,QUARANTINE,DOG,N,3,0,0,NORMAL,PIT BULL,BR BRINDLE
03/31/2011,PUBLIC AST,QUARANTINE,DOG,N,3,5,20,NORMAL,AUST SHEPHERD,TRICOLOR
03/31/2011,OWNER SUR,OTC,CAT,S,3,6,0,NORMAL,DOMESTIC LH,CREAM
03/31/2011,STRAY,OTC,CAT,S,5,0,28,NORMAL,DOMESTIC SH,ORG TABBY
03/31/2011,PUBLIC AST,EMERGENCY,DOG,N,5,9,11,NORMAL,PIT BULL,BLACK
03/31/2011,STRAY,OTC,DOG,S,5,0,1,NORMAL,CHIHUAHUA SH,CHOCOLATE
03/31/2011,OWNER SUR,FIELD,CAT,N,5,0,1,INJURED,DOMESTIC SH,ORG TABBY
03/31/2011,OWNER SUR,FIELD,DOG,N,5,0,1,NORMAL,LABRADOR RETR,TAN
03/31/2011,STRAY,OTC,DOG,N,5,0,1,NORMAL,AUST SHEPHERD,TRICOLOR
03/31/2011,PUBLIC AST,EMERGENCY,DOG,S,5,3,10,NORMAL,PIT BULL,BLACK
03/31/2011,OWNER SUR,OTC,CAT,S,9,0,2,NORMAL,DOMESTIC SH,BRN TABBY
03/31/2011,OWNER SUR,OTC,CAT,N,13,6,24,NORMAL,PERSIAN,WHITE
04-01-11,STRAY,OTC,CAT,S,0,1,22,NORMAL,DOMESTIC SH,CALICO
04-01-11,STRAY,OTC,CAT,S,0,1,22,NORMAL,DOMESTIC SH,BLUE TABBY
04-01-11,STRAY,OTC,CAT,S,0,1,22,NORMAL,DOMESTIC SH,WHITE
04-01-11,OWNER SUR,OTC,CAT,S,0,1,1,NORMAL,DOMESTIC SH,BLACK
04-01-11,STRAY,FIELD,DOG,N,0,2,29,NORMAL,AUST SHEPHERD,BRN MERLE
04-01-11,STRAY,FIELD,DOG,S,0,2,29,NORMAL,AUST SHEPHERD,BLUE MERLE
04-01-11,STRAY,FIELD,DOG,S,0,2,29,NORMAL,BORDER COLLIE,BLACK
04-01-11,STRAY,FIELD,DOG,S,0,2,29,NORMAL,BORDER COLLIE,BLACK
04-01-11,STRAY,OTC,CAT,S,0,2,29,NORMAL,DOMESTIC SH,BLACK
04-01-11,ABANDONED,NO SUBTYPE,DOG,N,0,2,11,NORMAL,BEAGLE,TRICOLOR
04-01-11,STRAY,OTC,DOG,S,0,2,13,NORMAL,GREAT PYRENEES,CREAM
04-01-11,STRAY,OTC,DOG,S,0,2,13,NORMAL,GREAT PYRENEES,CREAM
04-01-11,OWNER SUR,OTC,CAT,N,0,3,18,NORMAL,RUSSIAN BLUE,BLUE
04-01-11,STRAY,OTC,DOG,N,0,3,29,NORMAL,BASENJI,TRICOLOR
04-01-11,STRAY,OTC,CAT,S,1,7,10,NORMAL,DOMESTIC SH,BLUE
04-01-11,STRAY,OTC,DOG,S,1,10,1,NORMAL,AMERICAN STAFF,BLACK
04-01-11,STRAY,OTC,CAT,S,1,11,28,NORMAL,DOMESTIC SH,WHITE
04-01-11,PUBLIC AST,QUARANTINE,DOG,S,2,0,27,NORMAL,PIT BULL,TAN
04-01-11,STRAY,FIELD,DOG,S,1,0,0,OTHER,PIT BULL,TAN
04-01-11,OWNER SUR,OTC,DOG,S,1,0,0,NORMAL,LABRADOR RETR,BLACK
04-01-11,STRAY,FIELD,CAT,M,1,0,1,INJURED,DOMESTIC MH,SLVR TABBY
04-01-11,OWNER SUR,OTC,DOG,N,1,6,27,NORMAL,LABRADOR RETR,BLACK
04-01-11,STRAY,OTC,CAT,S,1,6,0,NORMAL,DOMESTIC SH,CALICO
04-01-11,STRAY,OTC,CAT,S,1,6,0,NORMAL,DOMESTIC SH,GRAY TABBY
04-01-11,STRAY,FIELD,DOG,M,3,0,22,NORMAL,AUST CATTLE DOG,BLACK
04-01-11,STRAY,OTC,DOG,F,3,0,27,NORMAL,PIT BULL,WHITE
04-01-11,STRAY,FIELD,DOG,N,3,0,27,NORMAL,SILKY TERRIER,BROWN
04-01-11,STRAY,FIELD,DOG,S,3,0,27,NORMAL,SIBERIAN HUSKY,BLACK
04-01-11,OWNER SUR,FIELD,DOG,F,2,0,0,NORMAL,AUST CATTLE DOG,RED
04-01-11,STRAY,OTC,CAT,S,2,0,0,NORMAL,DOMESTIC SH,TORBIE
04-01-11,STRAY,EMERG CLC,DOG,N,2,0,0,NORMAL,LABRADOR RETR,TAN
04-01-11,PUBLIC AST,QUARANTINE,DOG,N,2,0,0,NORMAL,LABRADOR RETR,BLACK
04-01-11,PUBLIC AST,QUARANTINE,CAT,N,2,0,0,NORMAL,DOMESTIC SH,SLVR TABBY
04-01-11,OWNER SUR,OTC,CAT,S,2,5,27,NORMAL,TURKISH ANGORA,WHITE
04-01-11,STRAY,OTC,CAT,N,3,0,0,NORMAL,DOMESTIC SH,BRN TABBY
04-01-11,STRAY,OTC,DOG,S,3,0,0,NORMAL,BORDER COLLIE,TRICOLOR
04-01-11,PUBLIC AST,QUARANTINE,DOG,N,3,0,0,NORMAL,POODLE TOY,WHITE
04-01-11,OWNER SUR,OTC,DOG,N,5,0,29,NORMAL,CATAHOULA,BLACK
04-01-11,OWNER SUR,OTC,CAT,N,4,0,1,NORMAL,DOMESTIC SH,BRN TABBY
04-01-11,STRAY,FIELD,DOG,N,4,6,24,NORMAL,AMER BULLDOG,WHITE
04-01-11,PUBLIC AST,QUARANTINE,DOG,F,5,0,1,INJURED,POODLE STND,BLACK
04-01-11,STRAY,OTC,DOG,N,6,2,0,NORMAL,CHIHUAHUA SH,SABLE
04-01-11,OWNER SUR,OTC,DOG,F,7,0,1,NORMAL,LABRADOR RETR,BROWN
04-01-11,OWNER SUR,OTC,DOG,N,7,5,21,NORMAL,LABRADOR RETR,BLACK
04-01-11,STRAY,FIELD,DOG,F,9,0,0,NORMAL,PIT BULL,WHITE
04-01-11,OWNER SUR,OTC,DOG,M,8,0,2,NORMAL,GERM SHEPHERD,BLACK
04-01-11,OWNER SUR,OTC,CAT,N,10,0,2,NORMAL,DOMESTIC LH,BRN TABBY
04-02-11,STRAY,OTC,CAT,N,0,0,3,NURSING,DOMESTIC SH,ORG TABBY
04-02-11,STRAY,OTC,CAT,S,0,0,3,NURSING,DOMESTIC SH,BLUE
04-02-11,STRAY,OTC,DOG,N,0,2,0,SICK,PIT BULL,TAN
04-02-11,STRAY,OTC,DOG,S,0,2,0,SICK,PIT BULL,BLACK
04-02-11,STRAY,OTC,DOG,S,0,2,0,SICK,PIT BULL,BLUE
04-02-11,STRAY,FIELD,CAT,S,0,1,10,INJURED,DOMESTIC SH,BLACK
04-02-11,STRAY,OTC,DOG,F,0,2,16,SICK,PIT BULL,TAN
04-02-11,STRAY,OTC,DOG,M,0,2,16,SICK,PIT BULL,TAN
04-02-11,STRAY,OTC,CAT,N,0,2,16,NORMAL,DOMESTIC SH,ORG TABBY
04-02-11,STRAY,OTC,CAT,S,0,2,16,NORMAL,DOMESTIC SH,TORTIE
04-02-11,STRAY,FIELD,DOG,N,0,2,29,NORMAL,LABRADOR RETR,TAN
04-02-11,STRAY,FIELD,DOG,S,0,2,29,NORMAL,LABRADOR RETR,TAN
04-02-11,STRAY,FIELD,DOG,S,0,2,29,NORMAL,LABRADOR RETR,WHITE
04-02-11,STRAY,FIELD,DOG,N,0,2,29,NORMAL,LABRADOR RETR,WHITE
04-02-11,STRAY,OTC,DOG,S,0,2,29,NORMAL,PLOTT HOUND,BR BRINDLE
04-02-11,STRAY,OTC,DOG,S,0,2,13,SICK,BEAGLE,BLACK
04-02-11,OWNER SUR,OTC,CAT,N,1,8,13,NORMAL,MAINE COON,ORG TABBY
04-02-11,STRAY,OTC,CAT,S,1,8,0,NORMAL,DOMESTIC SH,BRN TABBY
04-02-11,STRAY,OTC,DOG,N,1,8,0,NORMAL,STAFFORDSHIRE,BROWN
04-02-11,STRAY,FIELD,CAT,U,1,10,1,INJURED,DOMESTIC SH,GRAY TABBY
04-02-11,OWNER SUR,OTC,DOG,N,2,0,29,NORMAL,LABRADOR RETR,BLACK
04-02-11,PUBLIC AST,INVESTIGAT,DOG,M,1,0,0,SICK,BOXER,BR BRINDLE
04-02-11,STRAY,FIELD,DOG,S,1,0,0,OTHER,STAFFORDSHIRE,WHITE
04-02-11,OWNER SUR,RETURN,CAT,S,1,1,17,SICK,DOMESTIC SH,BRN TABBY
04-02-11,PUBLIC AST,SURGERY,DOG,N,1,1,19,NORMAL,PIT BULL,BLUE
04-02-11,STRAY,OTC,DOG,S,1,2,9,NORMAL,PIT BULL,BLUE
04-02-11,PUBLIC AST,QUARANTINE,CAT,M,1,2,10,NORMAL,DOMESTIC SH,BRN TABBY
04-02-11,STRAY,OTC,DOG,S,1,4,25,SICK,PIT BULL,BLUE
04-02-11,STRAY,FIELD,DOG,N,2,8,0,NORMAL,SIBERIAN HUSKY,TAN
04-02-11,STRAY,OTC,DOG,N,2,0,0,NORMAL,AUST CATTLE DOG,BLACK
04-02-11,STRAY,OTC,CAT,S,2,0,0,NORMAL,DOMESTIC SH,TORTIE
04-02-11,STRAY,OTC,DOG,S,2,0,0,NORMAL,AUST KELPIE,BLACK
04-02-11,STRAY,OTC,CAT,S,2,0,0,NORMAL,DOMESTIC SH,TORTIE
04-02-11,OWNER SUR,OTC,DOG,M,2,0,0,NORMAL,CHOW CHOW,BLACK
04-02-11,STRAY,FIELD,DOG,M,2,0,0,INJURED,AMER BULLDOG,WHITE
04-02-11,STRAY,OTC,CAT,S,2,0,0,NORMAL,DOMESTIC SH,ORG TABBY
04-02-11,OWNER SUR,OTC,CAT,S,3,6,6,SICK,DOMESTIC SH,BLACK
04-02-11,OWNER SUR,OTC,CAT,N,3,8,19,NORMAL,MAINE COON,BRN TABBY
04-02-11,STRAY,OTC,CAT,M,4,0,27,NORMAL,MAINE COON,BRN TABBY
04-02-11,STRAY,OTC,DOG,N,3,0,0,NORMAL,LABRADOR RETR,CHOCOLATE
04-02-11,STRAY,OTC,DOG,N,5,0,28,NORMAL,DACHSHUND,BLACK
04-02-11,STRAY,OTC,CAT,N,4,0,1,NORMAL,DOMESTIC SH,BLACK
04-02-11,OWNER SUR,OTC,CAT,N,5,0,1,NORMAL,DOMESTIC SH,BLACK
04-02-11,STRAY,OTC,DOG,F,5,0,1,NORMAL,STAFFORDSHIRE,WHITE
04-02-11,STRAY,OTC,DOG,N,5,0,1,NORMAL,STAFFORDSHIRE,BLACK
04-02-11,OWNER SUR,OTC,DOG,F,5,0,1,NORMAL,GERM SHEPHERD,BLACK
04-02-11,STRAY,OTC,DOG,N,5,6,1,SICK,BOXER,RED
04-02-11,OWNER SUR,OTC,DOG,S,6,7,8,NORMAL,AUST CATTLE DOG,BLUE TICK
04-02-11,PUBLIC AST,QUARANTINE,DOG,N,6,10,24,NORMAL,POODLE MIN,WHITE
04-02-11,OWNER SUR,OTC,CAT,S,8,0,15,OTHER,DOMESTIC SH,ORG TABBY
04-02-11,STRAY,OTC,DOG,S,7,4,26,NORMAL,LABRADOR RETR,BLACK
04-02-11,PUBLIC AST,QUARANTINE,DOG,S,9,0,25,NORMAL,CHIHUAHUA SH,WHITE
04-03-11,STRAY,EMERG CLC,CAT,S,0,1,15,NURSING,DOMESTIC SH,TORTIE
04-03-11,STRAY,EMERG CLC,CAT,S,0,1,15,NURSING,DOMESTIC SH,CALICO
04-03-11,STRAY,EMERG CLC,CAT,S,0,1,15,NURSING,DOMESTIC SH,CALICO
04-03-11,STRAY,EMERG CLC,CAT,M,0,1,15,NURSING,DOMESTIC SH,BLK TABBY
04-03-11,STRAY,EMERG CLC,CAT,N,0,1,15,NURSING,DOMESTIC SH,BLUE TABBY
04-03-11,STRAY,OTC,DOG,N,0,2,29,NORMAL,CHIHUAHUA SH,TAN
04-03-11,STRAY,FIELD,DOG,S,0,2,6,NORMAL,GERM SHEPHERD,BLACK
04-03-11,STRAY,OTC,DOG,N,0,2,9,NORMAL,NEWFOUNDLAND,BLACK
04-03-11,OWNER SUR,OTC,DOG,S,0,2,11,NORMAL,DOBERMAN PINSCH,BLACK
04-03-11,OWNER SUR,OTC,DOG,F,0,2,11,NORMAL,DOBERMAN PINSCH,BLACK
04-03-11,OWNER SUR,OTC,DOG,M,0,2,11,NORMAL,ROTTWEILER,BLACK
04-03-11,STRAY,OTC,DOG,S,0,2,13,NORMAL,LABRADOR RETR,BLACK
04-03-11,OWNER SUR,OTC,DOG,N,0,3,18,NORMAL,ROTTWEILER,BLACK
04-03-11,OWNER SUR,OTC,DOG,S,0,3,18,NORMAL,DOBERMAN PINSCH,BLACK
04-03-11,OWNER SUR,OTC,DOG,S,0,3,18,NORMAL,DOBERMAN PINSCH,BLACK
04-03-11,OWNER SUR,OTC,DOG,S,0,3,18,NORMAL,DOBERMAN PINSCH,BLACK
04-03-11,OWNER SUR,OTC,DOG,S,0,3,18,NORMAL,ROTTWEILER,BLACK
04-03-11,STRAY,FIELD,CAT,N,0,3,25,NORMAL,DOMESTIC SH,ORG TABBY
04-03-11,STRAY,OTC,DOG,N,0,4,14,NORMAL,MASTIFF,TAN
04-03-11,STRAY,OTC,DOG,N,0,4,11,NORMAL,LABRADOR RETR,BLACK
04-03-11,STRAY,OTC,CAT,N,0,4,11,NORMAL,DOMESTIC SH,BRN TABBY
04-03-11,STRAY,OTC,DOG,S,0,4,12,NORMAL,LABRADOR RETR,BLACK
04-03-11,STRAY,OTC,CAT,S,0,5,9,NORMAL,DOMESTIC SH,BLUE
04-03-11,OWNER SUR,OTC,CAT,N,1,10,1,NORMAL,DOMESTIC LH,WHITE
04-03-11,OWNER SUR,OTC,CAT,N,1,10,1,NORMAL,DOMESTIC LH,WHITE
04-03-11,OWNER SUR,OTC,CAT,S,1,10,1,NORMAL,DOMESTIC LH,WHITE
04-03-11,OWNER SUR,OTC,DOG,M,1,11,1,NORMAL,CHIHUAHUA LH,BLACK
04-03-11,STRAY,OTC,DOG,N,2,0,27,NORMAL,BEAGLE,WHITE
04-03-11,STRAY,FIELD,DOG,N,2,0,27,NORMAL,CAIRN TERRIER,TAN
04-03-11,STRAY,OTC,CAT,S,1,0,0,NORMAL,DOMESTIC LH,BRN TABBY
04-03-11,OWNER SUR,OTC,DOG,N,1,2,5,NORMAL,LABRADOR RETR,BR BRINDLE
04-03-11,STRAY,FIELD,DOG,N,3,0,22,NORMAL,AUST SHEPHERD,CREAM
04-03-11,PUBLIC AST,SURGERY,DOG,N,3,0,22,NORMAL,AUST SHEPHERD,CREAM
04-03-11,STRAY,FIELD,DOG,N,2,0,0,NORMAL,PIT BULL,WHITE
04-03-11,OWNER SUR,OTC,CAT,N,2,0,0,NORMAL,DOMESTIC SH,BRN TABBY
04-03-11,PUBLIC AST,QUARANTINE,DOG,M,2,0,0,NORMAL,PIT BULL,BLUE
04-03-11,OWNER SUR,OTC,DOG,N,2,3,9,NORMAL,CHIHUAHUA SH,WHITE
04-03-11,STRAY,OTC,DOG,S,2,6,26,NORMAL,COCKER SPAN,BUFF
04-03-11,STRAY,FIELD,DOG,S,4,0,18,FERAL,QUEENSLAND HEEL,BLUE MERLE
04-03-11,STRAY,FIELD,DOG,S,4,0,28,NORMAL,PIT BULL,BLACK
04-03-11,OWNER SUR,OTC,DOG,N,3,0,0,NORMAL,SCHNAUZER MIN,BLACK
04-03-11,PUBLIC AST,QUARANTINE,DOG,N,4,10,13,NORMAL,PIT BULL,BROWN
04-03-11,STRAY,OTC,DOG,N,5,0,28,NORMAL,GREAT DANE,WHITE
04-03-11,OWNER SUR,OTC,CAT,S,4,0,6,NORMAL,DOMESTIC SH,BLACK
04-03-11,OWNER SUR,OTC,CAT,S,4,0,8,NORMAL,DOMESTIC SH,BRN TABBY
04-03-11,OWNER SUR,RETURN,DOG,S,4,2,13,NORMAL,STAFFORDSHIRE,WHITE
04-03-11,OWNER SUR,OTC,CAT,N,5,0,1,NORMAL,DOMESTIC SH,WHITE
04-03-11,STRAY,OTC,DOG,S,5,0,1,NORMAL,CHIHUAHUA SH,BLACK
04-03-11,OWNER SUR,RETURN,CAT,S,6,0,4,NORMAL,DOMESTIC SH,BRN TABBY
04-03-11,OWNER SUR,OTC,CAT,N,7,0,6,NORMAL,DOMESTIC SH,BRN TABBY
04-03-11,OWNER SUR,OTC,CAT,N,12,0,8,NORMAL,DOMESTIC SH,ORG TABBY
04-03-11,OWNER SUR,OTC,CAT,N,12,0,8,NORMAL,DOMESTIC SH,ORG TABBY
04-03-11,EUTH REQ,OTC OWNED,DOG,M,15,0,3,AGED,CHOW CHOW,BROWN
04-04-11,STRAY,OTC,CAT,S,0,1,15,NORMAL,DOMESTIC SH,BLUE TABBY
04-04-11,STRAY,OTC,CAT,S,0,1,15,NORMAL,DOMESTIC SH,BRN TABBY
04-04-11,STRAY,OTC,CAT,S,0,1,15,NORMAL,DOMESTIC SH,BRN TABBY
04-04-11,STRAY,OTC,CAT,N,0,1,15,NORMAL,DOMESTIC SH,BRN TABBY
04-04-11,STRAY,OTC,CAT,N,0,1,2,NORMAL,DOMESTIC SH,BRN TABBY
04-04-11,STRAY,OTC,DOG,F,0,2,16,SICK,PIT BULL,TAN
04-04-11,STRAY,OTC,DOG,S,0,2,16,NORMAL,LABRADOR RETR,BROWN
04-04-11,STRAY,FIELD,DOG,N,0,2,16,SICK,ROTTWEILER,BLACK
04-04-11,STRAY,OTC,CAT,S,0,2,23,NORMAL,DOMESTIC SH,BLUE TABBY
04-04-11,STRAY,OTC,CAT,N,0,2,23,NORMAL,DOMESTIC SH,BLUE TABBY
04-04-11,STRAY,EMERG CLC,DOG,N,0,2,29,SICK,CAIRN TERRIER,CHOCOLATE
04-04-11,OWNER SUR,RETURN,CAT,S,0,2,6,NORMAL,DOMESTIC SH,BRN TABBY
04-04-11,STRAY,OTC,DOG,N,0,4,14,NORMAL,CHIHUAHUA SH,TAN
04-04-11,STRAY,OTC,DOG,N,0,5,0,NORMAL,LABRADOR RETR,BROWN
04-04-11,PUBLIC AST,QUARANTINE,DOG,N,1,9,1,NORMAL,CHIHUAHUA SH,BLACK
04-04-11,STRAY,FIELD,DOG,N,1,10,1,NORMAL,GERM SHEPHERD,BLACK
04-04-11,STRAY,OTC,DOG,N,1,11,28,NORMAL,CAVALIER SPAN,WHITE
04-04-11,STRAY,OTC,DOG,N,2,0,27,NORMAL,CHIHUAHUA SH,BLACK
04-04-11,STRAY,OTC,DOG,S,1,0,0,NORMAL,CHIHUAHUA SH,TAN
04-04-11,STRAY,FIELD,CAT,N,1,0,0,SICK,DOMESTIC LH,WHITE
04-04-11,OWNER SUR,OTC,DOG,S,1,1,4,NORMAL,PIT BULL,BLUE
04-04-11,STRAY,FIELD,DOG,S,1,6,22,NORMAL,QUEENSLAND HEEL,BLUE TICK
04-04-11,STRAY,FIELD,DOG,N,1,6,26,NORMAL,POODLE MIN,WHITE
04-04-11,STRAY,OTC,CAT,S,2,0,0,NORMAL,DOMESTIC SH,WHITE
04-04-11,STRAY,OTC,DOG,N,2,0,0,NORMAL,SIBERIAN HUSKY,GRAY
04-04-11,PUBLIC AST,QUARANTINE,DOG,N,2,0,0,NORMAL,SHIH TZU,BROWN
04-04-11,OWNER SUR,RETURN,DOG,S,2,1,17,NORMAL,PIT BULL,TAN
04-04-11,PUBLIC AST,SURGERY,DOG,S,2,2,15,NORMAL,CATAHOULA,WHITE
04-04-11,OWNER SUR,OTC,DOG,S,2,2,15,NORMAL,WELSH CORGI CAR,BUFF
04-04-11,STRAY,FIELD,DOG,S,2,6,0,NORMAL,SIBERIAN HUSKY,TAN
04-04-11,STRAY,OTC,DOG,N,4,0,27,NORMAL,YORKSHIRE TERR,TAN
04-04-11,STRAY,OTC,CAT,N,3,0,0,NORMAL,DOMESTIC SH,ORG TABBY
04-04-11,PUBLIC AST,QUARANTINE,DOG,N,3,0,1,NORMAL,DACHSHUND LH,RED
04-04-11,STRAY,FIELD,DOG,N,3,6,0,NORMAL,AMER BULLDOG,WHITE
04-04-11,STRAY,OTC,CAT,N,5,0,28,NORMAL,DOMESTIC SH,BRN TABBY
04-04-11,PUBLIC AST,QUARANTINE,DOG,N,4,1,14,NORMAL,BOXER,TAN
04-04-11,STRAY,EMERG CLC,DOG,N,6,10,5,INJURED,LABRADOR RETR,RED
04-04-11,STRAY,FIELD,DOG,S,7,0,24,NORMAL,QUEENSLAND HEEL,BLUE TICK
04-04-11,STRAY,OTC,DOG,S,6,0,1,NORMAL,WELSH CORGI PEM,RED
04-04-11,STRAY,OTC,DOG,S,6,6,27,NORMAL,GOLDEN RETR,RED
04-04-11,OWNER SUR,OTC,DOG,N,7,6,3,OTHER,COCKER SPAN,BLACK
04-04-11,PUBLIC AST,QUARANTINE,DOG,N,7,0,1,NORMAL,BEAGLE,BLACK
04-04-11,STRAY,OTC,DOG,N,7,0,1,NORMAL,POINTER,TAN
04-04-11,PUBLIC AST,QUARANTINE,CAT,S,8,0,3,NORMAL,DOMESTIC SH,BRN TABBY
04-04-11,OWNER SUR,OTC,CAT,S,8,2,20,NORMAL,DOMESTIC SH,CALICO
04-04-11,STRAY,OTC,DOG,N,12,0,2,NORMAL,GERM SHEPHERD,BR BRINDLE
04-04-11,STRAY,OTC,DOG,N,13,0,3,INJURED,SIBERIAN HUSKY,BLACK
04-04-11,PUBLIC AST,QUARANTINE,DOG,F,14,0,3,NORMAL,GERM SHEPHERD,WHITE
04-05-11,STRAY,OTC,CAT,N,0,0,2,NURSING,DOMESTIC SH,ORG TABBY
04-05-11,STRAY,OTC,CAT,U,0,0,2,NURSING,DOMESTIC SH,ORG TABBY
04-05-11,STRAY,OTC,CAT,N,0,0,2,NURSING,DOMESTIC SH,ORG TABBY
04-05-11,STRAY,OTC,CAT,N,0,0,2,NURSING,DOMESTIC SH,BLACK
04-05-11,STRAY,OTC,CAT,S,0,0,2,NURSING,DOMESTIC SH,BLACK
04-05-11,STRAY,OTC,CAT,S,0,0,3,NURSING,DOMESTIC SH,BLACK
04-05-11,STRAY,OTC,CAT,N,0,0,3,NURSING,DOMESTIC SH,BLACK
04-05-11,STRAY,OTC,CAT,U,0,0,3,NURSING,DOMESTIC SH,BLACK
04-05-11,STRAY,OTC,CAT,N,0,1,7,NORMAL,DOMESTIC LH,ORG TABBY
04-05-11,STRAY,OTC,CAT,N,0,1,7,NORMAL,DOMESTIC SH,ORG TABBY
04-05-11,STRAY,OTC,CAT,N,0,1,7,NORMAL,DOMESTIC LH,BLK TABBY
04-05-11,STRAY,OTC,CAT,S,0,1,7,NORMAL,DOMESTIC LH,TORBIE
04-05-11,STRAY,OTC,DOG,S,0,1,14,INJURED,CATAHOULA,BLUE MERLE
04-05-11,STRAY,OTC,DOG,S,0,2,25,NORMAL,LABRADOR RETR,RED
04-05-11,OWNER SUR,FIELD,CAT,S,0,2,29,NORMAL,DOMESTIC SH,BLACK
04-05-11,OWNER SUR,FIELD,CAT,S,0,2,29,NORMAL,DOMESTIC SH,BRN TABBY
04-05-11,OWNER SUR,FIELD,CAT,S,0,2,29,NORMAL,DOMESTIC SH,WHITE
04-05-11,OWNER SUR,FIELD,CAT,N,0,2,29,NORMAL,DOMESTIC SH,WHITE
04-05-11,OWNER SUR,FIELD,CAT,S,0,2,29,NORMAL,DOMESTIC SH,WHITE
04-05-11,OWNER SUR,FIELD,CAT,S,0,2,29,NORMAL,DOMESTIC SH,WHITE
04-05-11,STRAY,FIELD,DOG,F,0,2,9,NORMAL,LABRADOR RETR,BLACK
04-05-11,STRAY,FIELD,DOG,F,0,2,9,NORMAL,LABRADOR RETR,BLACK
04-05-11,STRAY,FIELD,DOG,N,0,3,5,NORMAL,WELSH CORGI CAR,BROWN
04-05-11,STRAY,OTC,DOG,S,0,5,10,NORMAL,DOBERMAN PINSCH,BLACK
04-05-11,STRAY,OTC,DOG,S,1,8,0,NORMAL,AUST CATTLE DOG,TAN
04-05-11,STRAY,OTC,DOG,N,1,0,0,NORMAL,VIZSLA,RED
04-05-11,STRAY,OTC,DOG,N,1,0,0,NORMAL,POMERANIAN,BUFF
04-05-11,STRAY,OTC,CAT,N,1,0,0,FERAL,DOMESTIC SH,BLUE TABBY
04-05-11,STRAY,OTC,DOG,M,3,0,12,NORMAL,AMER BULLDOG,TAN
04-05-11,STRAY,OTC,DOG,S,2,0,0,NORMAL,CATAHOULA,BR BRINDLE
04-05-11,STRAY,OTC,DOG,M,2,0,0,NORMAL,STAFFORDSHIRE,BROWN
04-05-11,STRAY,FIELD,DOG,S,2,0,0,NORMAL,CHOW CHOW,BROWN
04-05-11,STRAY,OTC,DOG,M,2,0,0,PREGNANT,PIT BULL,TAN
04-05-11,STRAY,FIELD,DOG,F,2,0,0,INJURED,CHOW CHOW,WHITE
04-05-11,PUBLIC AST,QUARANTINE,DOG,N,2,0,0,NORMAL,CHIHUAHUA SH,WHITE
04-05-11,OWNER SUR,OTC,DOG,M,2,0,0,NORMAL,PIT BULL,BLUE
04-05-11,STRAY,OTC,CAT,S,2,0,0,NORMAL,DOMESTIC SH,TORTIE
04-05-11,STRAY,OTC,CAT,N,2,0,0,NORMAL,DOMESTIC SH,CRM TABBY
04-05-11,STRAY,OTC,DOG,N,2,0,1,NORMAL,LABRADOR RETR,CHOCOLATE
04-05-11,STRAY,OTC,DOG,N,4,0,17,NORMAL,LABRADOR RETR,TAN
04-05-11,STRAY,OTC,CAT,N,3,0,0,NORMAL,DOMESTIC SH,BLACK
04-05-11,STRAY,FIELD,CAT,S,5,0,27,INJURED,DOMESTIC SH,BLACK
04-05-11,STRAY,FIELD,DOG,N,4,0,1,NORMAL,CHIHUAHUA SH,BLACK
04-05-11,STRAY,FIELD,DOG,S,4,0,1,NORMAL,CHOW CHOW,BLACK
04-05-11,OWNER SUR,RETURN,CAT,S,4,0,12,SICK,DOMESTIC SH,BRN TABBY
04-05-11,ABANDONED,NO SUBTYPE,DOG,N,5,8,20,NORMAL,CHIHUAHUA SH,BROWN
04-05-11,STRAY,FIELD,DOG,S,6,0,26,NORMAL,CHIHUAHUA LH,WHITE
04-05-11,STRAY,OTC,DOG,F,5,0,1,PREGNANT,PIT BULL,TAN
04-05-11,OWNER SUR,OTC,DOG,N,5,1,5,NORMAL,BOXER,BROWN
04-05-11,STRAY,OTC,DOG,S,6,0,0,NORMAL,LABRADOR RETR,BLACK
04-05-11,STRAY,OTC,DOG,N,6,0,0,NORMAL,LABRADOR RETR,BROWN
04-05-11,PUBLIC AST,QUARANTINE,DOG,S,6,0,1,NORMAL,GERM SHEPHERD,BLACK
04-05-11,OWNER SUR,RETURN,DOG,S,6,1,29,NORMAL,BOXER,BROWN
04-05-11,OWNER SUR,OTC,CAT,S,6,6,27,NORMAL,DOMESTIC SH,TORTIE
04-05-11,PUBLIC AST,NO SUBTYPE,DOG,S,7,0,1,NORMAL,CHIHUAHUA SH,BLACK
04-05-11,STRAY,OTC,DOG,M,7,0,1,NORMAL,PIT BULL,BLUE
04-05-11,AST AGENCY,OWNER DIED,DOG,S,7,4,18,NORMAL,LABRADOR RETR,BLACK
04-05-11,OWNER SUR,OTC,DOG,S,12,7,24,NORMAL,LABRADOR RETR,BLACK
04-05-11,STRAY,OTC,CAT,N,12,0,3,SICK,SNOWSHOE,SEAL PT
04-05-11,OWNER SUR,OTC,CAT,N,12,0,4,AGED,SIAMESE,FLAME PT
04-06-11,STRAY,OTC,CAT,N,0,0,2,OTHER,DOMESTIC SH,BLUE TABBY
04-06-11,STRAY,OTC,CAT,U,0,1,15,SICK,DOMESTIC SH,BLACK
04-06-11,STRAY,OTC,CAT,N,0,1,4,NORMAL,DOMESTIC LH,ORG TABBY
04-06-11,STRAY,OTC,CAT,N,0,1,4,NORMAL,DOMESTIC SH,ORG TABBY
04-06-11,STRAY,OTC,CAT,S,0,1,4,NORMAL,DOMESTIC SH,TORTIE
04-06-11,STRAY,OTC,CAT,S,0,1,4,NORMAL,DOMESTIC SH,TORTIE
04-06-11,STRAY,FIELD,DOG,S,0,5,0,SICK,CHIHUAHUA LH,WHITE
04-06-11,STRAY,FIELD,DOG,N,0,6,27,NORMAL,BORDER COLLIE,BLACK
04-06-11,STRAY,FIELD,DOG,M,0,6,0,SICK,PIT BULL,BROWN
04-06-11,STRAY,FIELD,DOG,S,0,6,0,INJURED,CATAHOULA,BR BRINDLE
04-06-11,STRAY,FIELD,DOG,N,0,6,0,NORMAL,AMER BULLDOG,CHOCOLATE
04-06-11,STRAY,OTC,DOG,N,1,10,1,NORMAL,AUST CATTLE DOG,TAN
04-06-11,OWNER SUR,RETURN,DOG,N,1,11,5,NORMAL,LABRADOR RETR,WHITE
04-06-11,OWNER SUR,OTC,DOG,S,1,0,0,NORMAL,CHINESE SHARPEI,TAN
04-06-11,STRAY,FIELD,DOG,S,1,0,0,NORMAL,PIT BULL,WHITE
04-06-11,OWNER SUR,OTC,CAT,S,1,0,0,NORMAL,DOMESTIC SH,BLUE TABBY
04-06-11,STRAY,FIELD,CAT,U,1,0,0,INJURED,DOMESTIC SH,BLACK
04-06-11,STRAY,FIELD,CAT,N,1,6,0,INJURED,DOMESTIC SH,WHITE
04-06-11,STRAY,OTC,CAT,S,1,6,0,PREGNANT,DOMESTIC SH,ORG TABBY
04-06-11,STRAY,OTC,CAT,N,3,0,28,NORMAL,DOMESTIC SH,BLACK
04-06-11,STRAY,FIELD,DOG,N,2,0,0,NORMAL,PIT BULL,WHITE
04-06-11,STRAY,OTC,CAT,S,2,0,0,NORMAL,DOMESTIC MH,BLACK
04-06-11,STRAY,OTC,CAT,S,2,0,0,NORMAL,DOMESTIC SH,BLUE
04-06-11,STRAY,OTC,CAT,N,2,0,0,NORMAL,DOMESTIC SH,BLUE
04-06-11,PUBLIC AST,QUARANTINE,DOG,M,2,0,0,NORMAL,LABRADOR RETR,BLACK
04-06-11,STRAY,OTC,DOG,N,2,0,1,NORMAL,CHIHUAHUA SH,CREAM
04-06-11,STRAY,OTC,DOG,N,2,3,22,NORMAL,LABRADOR RETR,BR BRINDLE
04-06-11,STRAY,OTC,CAT,N,4,0,28,NORMAL,DOMESTIC SH,BLACK
04-06-11,STRAY,OTC,CAT,S,3,0,0,NORMAL,DOMESTIC MH,TORTIE PT
04-06-11,STRAY,OTC,DOG,N,3,0,0,NORMAL,AUST SHEPHERD,TAN
04-06-11,OWNER SUR,OTC,CAT,N,3,0,0,NORMAL,DOMESTIC SH,BRN TABBY
04-06-11,PUBLIC AST,QUARANTINE,DOG,N,4,6,2,NORMAL,CHIHUAHUA SH,BROWN
04-06-11,OWNER SUR,OTC,DOG,N,4,8,19,NORMAL,AMER BULLDOG,BR BRINDLE
04-06-11,STRAY,OTC,DOG,N,4,0,1,NORMAL,POODLE MIN,WHITE
04-06-11,OWNER SUR,OTC,CAT,S,5,11,2,NORMAL,DOMESTIC SH,TORBIE
04-06-11,STRAY,OTC,DOG,N,6,0,29,NORMAL,RHOD RIDGEBACK,RED
04-06-11,STRAY,OTC,DOG,S,5,0,1,NORMAL,AUST CATTLE DOG,BLUE TICK
04-06-11,OWNER SUR,OTC,CAT,S,6,0,1,NORMAL,DOMESTIC SH,TORTIE
04-06-11,STRAY,OTC,DOG,N,8,0,28,NORMAL,CAIRN TERRIER,BLACK
04-06-11,STRAY,OTC,CAT,S,8,0,2,NORMAL,DOMESTIC SH,ORG TABBY
04-06-11,STRAY,FIELD,DOG,N,9,0,0,NORMAL,POODLE MIN,WHITE
04-06-11,STRAY,OTC,CAT,F,9,0,2,NORMAL,DOMESTIC LH,BLACK
04-06-11,OWNER SUR,OTC,CAT,F,9,0,2,SICK,DOMESTIC MH,TORBIE
04-06-11,STRAY,FIELD,DOG,N,9,0,2,NORMAL,CHIHUAHUA SH,WHITE
04-06-11,STRAY,OTC,DOG,N,10,0,2,INJURED,DACHSHUND,BLACK
04-06-11,OWNER SUR,OTC,CAT,N,12,0,3,SICK,DOMESTIC MH,ORANGE
04-07-11,STRAY,OTC,DOG,N,0,1,11,NORMAL,LABRADOR RETR,TAN
04-07-11,STRAY,OTC,DOG,S,0,1,11,NORMAL,LABRADOR RETR,TAN
04-07-11,STRAY,OTC,DOG,N,0,1,11,NORMAL,LABRADOR RETR,BLACK
04-07-11,STRAY,OTC,DOG,S,0,2,16,NORMAL,LABRADOR RETR,TAN
04-07-11,STRAY,OTC,DOG,N,0,2,16,NORMAL,LABRADOR RETR,TAN
04-07-11,STRAY,OTC,DOG,M,0,2,16,NORMAL,LABRADOR RETR,TAN
04-07-11,STRAY,OTC,DOG,N,0,2,17,NORMAL,LABRADOR RETR,BLACK
04-07-11,STRAY,OTC,DOG,N,0,2,18,NORMAL,LABRADOR RETR,TAN
04-07-11,STRAY,OTC,DOG,N,0,2,18,NORMAL,LABRADOR RETR,TAN
04-07-11,STRAY,OTC,DOG,N,0,2,25,NORMAL,LABRADOR RETR,BLACK
04-07-11,OWNER SUR,OTC,DOG,N,0,2,29,NORMAL,CATAHOULA,BLUE MERLE
04-07-11,STRAY,OTC,DOG,N,0,2,0,NORMAL,CHIHUAHUA SH,BLACK
04-07-11,OWNER SUR,OTC,DOG,S,0,3,18,NORMAL,GERM SHEPHERD,BUFF
04-07-11,OWNER SUR,OTC,DOG,S,0,3,18,NORMAL,GERM SHEPHERD,TAN
04-07-11,OWNER SUR,OTC,DOG,S,0,3,18,NORMAL,GERM SHEPHERD,TAN
04-07-11,STRAY,OTC,CAT,S,1,10,1,NORMAL,DOMESTIC SH,TORTIE
04-07-11,OWNER SUR,OTC,CAT,S,1,0,5,NORMAL,DOMESTIC SH,BLACK
04-07-11,PUBLIC AST,QUARANTINE,DOG,N,1,6,25,NORMAL,JACK RUSS TERR,TAN
04-07-11,OWNER SUR,OTC,DOG,S,1,6,29,NORMAL,DACHSHUND,BLACK
04-07-11,OWNER SUR,OTC,DOG,S,1,6,0,NORMAL,GERM SHEPHERD,SABLE
04-07-11,STRAY,EMERG CLC,DOG,N,3,0,26,INJURED,BULL TERRIER,BLUE
04-07-11,STRAY,OTC,DOG,F,2,0,0,NORMAL,BOXER,RED
04-07-11,OWNER SUR,OTC,CAT,N,2,0,0,SICK,DOMESTIC SH,ORG TABBY
04-07-11,STRAY,FIELD,DOG,N,4,0,27,NORMAL,COCKER SPAN,TAN
04-07-11,STRAY,OTC,DOG,S,3,0,0,NORMAL,CATAHOULA,TRICOLOR
04-07-11,STRAY,FIELD,DOG,N,4,0,1,INJURED,CHIHUAHUA SH,TAN
04-07-11,STRAY,FIELD,DOG,S,4,0,1,NORMAL,CHIHUAHUA SH,TAN
04-07-11,STRAY,OTC,CAT,N,6,0,27,NORMAL,DOMESTIC LH,BLACK
04-07-11,STRAY,OTC,CAT,N,6,0,1,NORMAL,SIAMESE,LYNX PT
04-07-11,OWNER SUR,RETURN,DOG,N,6,3,16,NORMAL,MIN PINSCHER,BLACK
04-07-11,PUBLIC AST,QUARANTINE,DOG,M,7,9,25,NORMAL,CHOW CHOW,RED
04-07-11,STRAY,OTC,DOG,N,9,0,24,NORMAL,CAIRN TERRIER,TAN
04-07-11,STRAY,OTC,CAT,N,8,0,2,INJURED,DOMESTIC SH,BLUE TABBY
04-07-11,STRAY,OTC,DOG,S,11,0,27,NORMAL,LABRADOR RETR,BLACK
04-08-11,BORN IN,NO SUBTYPE,CAT,N,0,0,1,NURSING,SIAMESE,WHITE
04-08-11,BORN IN,NO SUBTYPE,CAT,S,0,0,1,NURSING,SIAMESE,WHITE
04-08-11,BORN IN,NO SUBTYPE,CAT,U,0,0,1,NURSING,SIAMESE,WHITE
04-08-11,BORN IN,NO SUBTYPE,CAT,U,0,0,1,NURSING,SIAMESE,WHITE
04-08-11,OWNER SUR,OTC,DOG,N,0,2,29,NORMAL,GERM SHEPHERD,BLACK
04-08-11,STRAY,FIELD,DOG,N,0,2,29,NORMAL,LABRADOR RETR,BLACK
04-08-11,STRAY,FIELD,DOG,S,0,2,29,NORMAL,LABRADOR RETR,CHOCOLATE
04-08-11,STRAY,OTC,DOG,N,0,2,29,NORMAL,LABRADOR RETR,BROWN
04-08-11,STRAY,OTC,DOG,S,0,2,29,NORMAL,GERM SHEPHERD,BROWN
04-08-11,STRAY,FIELD,DOG,N,0,2,29,NORMAL,PIT BULL,BROWN
04-08-11,STRAY,FIELD,DOG,S,0,2,29,NORMAL,PIT BULL,SABLE
04-08-11,STRAY,FIELD,DOG,S,0,2,29,NORMAL,PIT BULL,BROWN
04-08-11,STRAY,FIELD,DOG,N,0,2,29,NORMAL,PIT BULL,BLACK
04-08-11,STRAY,FIELD,DOG,S,0,2,29,NORMAL,PIT BULL,BLACK
04-08-11,STRAY,OTC,DOG,N,0,2,5,NORMAL,AUST SHEPHERD,BLUE MERLE
04-08-11,STRAY,OTC,DOG,M,0,3,29,SICK,LABRADOR RETR,BLACK
04-08-11,STRAY,FIELD,DOG,S,0,6,19,NORMAL,PIT BULL,BR BRINDLE
04-08-11,OWNER SUR,OTC,DOG,M,0,6,0,SICK,CHIHUAHUA LH,TAN
04-08-11,PUBLIC AST,SURGERY,CAT,S,1,7,29,NORMAL,DOMESTIC SH,BLACK
04-08-11,OWNER SUR,OTC,DOG,S,1,8,0,NORMAL,VIZSLA,BROWN
04-08-11,OWNER SUR,OTC,CAT,N,1,10,1,NORMAL,DOMESTIC SH,BLACK
04-08-11,OWNER SUR,OTC,CAT,N,1,10,1,NORMAL,DOMESTIC SH,BLACK
04-08-11,STRAY,FIELD,DOG,M,1,0,0,NORMAL,PIT BULL,BLACK
04-08-11,OWNER SUR,OTC,DOG,N,1,0,0,NORMAL,AUST CATTLE DOG,BLACK
04-08-11,OWNER SUR,OTC,CAT,S,1,0,0,NORMAL,DOMESTIC SH,BLACK
04-08-11,STRAY,OTC,CAT,N,1,0,0,NORMAL,DOMESTIC MH,BLACK
04-08-11,STRAY,OTC,DOG,S,1,3,12,NORMAL,SIBERIAN HUSKY,RED
04-08-11,STRAY,FIELD,DOG,N,1,6,29,INJURED,MIN PINSCHER,RED
04-08-11,STRAY,OTC,CAT,N,1,6,0,NORMAL,DOMESTIC SH,ORG TABBY
04-08-11,PUBLIC AST,QUARANTINE,DOG,S,2,7,21,NORMAL,PIT BULL,TAN
04-08-11,STRAY,OTC,CAT,S,2,0,0,PREGNANT,DOMESTIC SH,BRN TABBY
04-08-11,OWNER SUR,OTC,DOG,N,2,0,0,NORMAL,BLACK MOUTH CUR,TAN
04-08-11,PUBLIC AST,QUARANTINE,DOG,N,2,0,2,NORMAL,LHASA APSO,TAN
04-08-11,PUBLIC AST,QUARANTINE,DOG,N,2,6,0,NORMAL,CHIHUAHUA SH,BLACK
04-08-11,OWNER SUR,OTC,CAT,N,2,6,0,NORMAL,DOMESTIC MH,BRN TABBY
04-08-11,STRAY,FIELD,DOG,M,3,4,20,NORMAL,PIT BULL,BLACK
04-08-11,STRAY,FIELD,DOG,F,6,0,1,NORMAL,PIT BULL,TAN
04-08-11,STRAY,FIELD,DOG,S,6,6,13,NORMAL,LABRADOR RETR,RED
04-08-11,OWNER SUR,OTC,DOG,S,8,0,28,NORMAL,GERM SHEPHERD,BROWN
04-08-11,OWNER SUR,OTC,CAT,S,8,0,0,NORMAL,DOMESTIC LH,BLUE
04-08-11,STRAY,OTC,DOG,M,8,0,2,NORMAL,ITAL GREYHOUND,BLACK
04-08-11,PUBLIC AST,QUARANTINE,DOG,S,9,7,24,NORMAL,BOXER,BR BRINDLE
04-08-11,PUBLIC AST,QUARANTINE,DOG,N,9,0,2,NORMAL,DACHSHUND,RED
04-08-11,STRAY,FIELD,DOG,F,NO AGE,SICK,GERM SHEPHERD,BLACK,,
04-08-11,PUBLIC AST,QUARANTINE,CAT,N,NO AGE,NORMAL,DOMESTIC SH,BRN TABBY,,
04-09-11,OWNER SUR,OTC,CAT,N,0,0,-12,NORMAL,DOMESTIC SH,ORG TABBY
04-09-11,BORN IN,NO SUBTYPE,DOG,S,0,0,0,NURSING,PIT BULL,TAN
04-09-11,BORN IN,NO SUBTYPE,DOG,S,0,0,0,NURSING,PIT BULL,TAN
04-09-11,BORN IN,NO SUBTYPE,DOG,N,0,0,0,NURSING,PIT BULL,TAN
04-09-11,BORN IN,NO SUBTYPE,DOG,N,0,0,0,NURSING,PIT BULL,TAN
04-09-11,BORN IN,NO SUBTYPE,DOG,N,0,0,0,NURSING,PIT BULL,TAN
04-09-11,BORN IN,NO SUBTYPE,DOG,N,0,0,0,NURSING,PIT BULL,WHITE
04-09-11,BORN IN,NO SUBTYPE,DOG,N,0,0,0,NURSING,PIT BULL,WHITE
04-09-11,OWNER SUR,OTC,CAT,S,0,0,7,NURSING,DOMESTIC SH,TORBIE
04-09-11,OWNER SUR,OTC,CAT,S,0,0,7,NURSING,DOMESTIC SH,GRAY TABBY
04-09-11,OWNER SUR,OTC,CAT,N,0,0,7,NURSING,DOMESTIC SH,GRAY TABBY
04-09-11,OWNER SUR,OTC,CAT,N,0,0,7,NURSING,DOMESTIC SH,GRAY TABBY
04-09-11,OWNER SUR,OTC,CAT,N,0,1,21,NORMAL,DOMESTIC SH,BLACK
04-09-11,OWNER SUR,OTC,CAT,N,0,1,22,NORMAL,DOMESTIC SH,BRN TABBY
04-09-11,OWNER SUR,OTC,CAT,N,0,1,22,NORMAL,DOMESTIC SH,BRN TABBY
04-09-11,OWNER SUR,OTC,CAT,N,0,1,22,NORMAL,DOMESTIC SH,BRN TABBY
04-09-11,OWNER SUR,OTC,CAT,N,0,1,22,NORMAL,DOMESTIC SH,BRN TABBY
04-09-11,OWNER SUR,OTC,CAT,M,0,2,0,NORMAL,DOMESTIC SH,BRN TABBY
04-09-11,OWNER SUR,OTC,CAT,M,0,2,0,NORMAL,DOMESTIC SH,BRN TABBY
04-09-11,OWNER SUR,OTC,CAT,M,0,2,0,NORMAL,DOMESTIC SH,CRM TABBY
04-09-11,OWNER SUR,OTC,CAT,N,0,1,7,NORMAL,DOMESTIC SH,BLACK
04-09-11,OWNER SUR,OTC,CAT,N,0,2,16,NORMAL,DOMESTIC SH,ORG TABBY
04-09-11,OWNER SUR,OTC,CAT,N,0,2,16,NORMAL,DOMESTIC SH,ORG TABBY
04-09-11,OWNER SUR,OTC,CAT,N,0,2,23,NORMAL,DOMESTIC SH,BRN TABBY
04-09-11,OWNER SUR,OTC,CAT,S,0,2,23,NORMAL,DOMESTIC SH,BLUE TABBY
04-09-11,STRAY,OTC,DOG,F,0,2,29,NORMAL,MIN PINSCHER,BROWN
04-09-11,STRAY,OTC,DOG,S,0,2,29,NORMAL,BEAGLE,TRICOLOR
04-09-11,OWNER SUR,OTC,CAT,S,0,2,4,NORMAL,DOMESTIC SH,BLACK
04-09-11,OWNER SUR,OTC,CAT,N,0,2,4,NORMAL,DOMESTIC SH,BLACK
04-09-11,OWNER SUR,OTC,CAT,N,0,2,4,NORMAL,DOMESTIC SH,BLACK
04-09-11,OWNER SUR,OTC,CAT,S,0,2,4,NORMAL,DOMESTIC SH,BLACK
04-09-11,STRAY,OTC,DOG,N,0,4,12,NORMAL,DACHSHUND,RED
04-09-11,STRAY,FIELD,DOG,N,0,5,24,NORMAL,PIT BULL,BLUE
04-09-11,OWNER SUR,OTC,CAT,S,0,6,0,NORMAL,DOMESTIC SH,BRN TABBY
04-09-11,STRAY,OTC,CAT,N,0,6,27,NORMAL,DOMESTIC MH,BLACK
04-09-11,STRAY,OTC,CAT,S,0,6,0,NORMAL,DOMESTIC SH,WHITE
04-09-11,STRAY,OTC,CAT,S,0,6,0,NORMAL,DOMESTIC MH,CALICO
04-09-11,STRAY,OTC,CAT,S,0,6,0,NORMAL,DOMESTIC MH,TORBIE
04-09-11,STRAY,OTC,CAT,S,0,6,0,NORMAL,DOMESTIC MH,BLUE CREAM
04-09-11,STRAY,OTC,CAT,N,0,6,0,NORMAL,DOMESTIC SH,BRN TABBY
04-09-11,STRAY,OTC,CAT,S,0,6,0,NORMAL,CYMRIC,CALICO
04-09-11,STRAY,OTC,CAT,N,1,7,27,NORMAL,DOMESTIC MH,BLUE
04-09-11,OWNER SUR,OTC,CAT,N,1,8,0,NORMAL,DOMESTIC SH,BLACK
04-09-11,OWNER SUR,OTC,CAT,N,1,8,0,NORMAL,DOMESTIC SH,BRN TABBY
04-09-11,STRAY,OTC,DOG,S,1,8,0,NORMAL,POODLE MIN,APRICOT
04-09-11,STRAY,OTC,DOG,F,1,10,4,NORMAL,PIT BULL,BR BRINDLE
04-09-11,STRAY,OTC,DOG,F,1,11,13,NORMAL,PIT BULL,WHITE
04-09-11,OWNER SUR,OTC,CAT,S,1,0,0,NORMAL,SIAMESE,LYNX PT
04-09-11,STRAY,OTC,CAT,S,1,0,0,NORMAL,DOMESTIC SH,CALICO
04-09-11,STRAY,EMERG CLC,DOG,S,1,0,0,INJURED,PIT BULL,BR BRINDLE
04-09-11,OWNER SUR,OTC,DOG,S,1,6,0,NORMAL,FOX TERR SMOOTH,TAN
04-09-11,STRAY,OTC,CAT,S,3,0,27,NORMAL,DOMESTIC SH,CALICO
04-09-11,PUBLIC AST,QUARANTINE,DOG,N,2,0,0,NORMAL,CHIHUAHUA LH,BLACK
04-09-11,STRAY,FIELD,DOG,N,2,0,0,NORMAL,CHIHUAHUA SH,WHITE
04-09-11,PUBLIC AST,INVESTIGAT,DOG,M,2,0,0,NORMAL,CATAHOULA,BR BRINDLE
04-09-11,STRAY,FIELD,DOG,N,2,0,0,INJURED,CHIHUAHUA SH,TAN
04-09-11,STRAY,OTC,DOG,S,2,0,0,NORMAL,LABRADOR RETR,BLACK
04-09-11,PUBLIC AST,QUARANTINE,DOG,F,2,0,1,NORMAL,LABRADOR RETR,BLACK
04-09-11,OWNER SUR,OTC,DOG,N,2,6,13,NORMAL,LABRADOR RETR,BLACK
04-09-11,STRAY,OTC,DOG,N,4,0,27,NORMAL,NORFOLK TERRIER,CREAM
04-09-11,OWNER SUR,RETURN,DOG,S,3,0,0,NORMAL,AM PIT BULL TER,TAN
04-09-11,STRAY,OTC,DOG,S,3,0,0,NORMAL,DACHSHUND,BLACK
04-09-11,STRAY,FIELD,DOG,F,3,0,0,NORMAL,PIT BULL,RED
04-09-11,OWNER SUR,OTC,CAT,S,3,0,0,NURSING,DOMESTIC SH,BRN TABBY
04-09-11,OWNER SUR,OTC,CAT,S,3,0,1,NORMAL,DOMESTIC SH,TORBIE
04-09-11,OWNER SUR,OTC,CAT,N,3,0,14,SICK,DOMESTIC SH,BLACK
04-09-11,OWNER SUR,FIELD,DOG,N,4,0,1,NORMAL,ANATOL SHEPHERD,TAN
04-09-11,OWNER SUR,OTC,CAT,S,4,1,23,NORMAL,RAGDOLL,CHOCOLATE
04-09-11,STRAY,FIELD,DOG,N,6,0,21,NORMAL,BOXER,BROWN
04-09-11,STRAY,OTC,CAT,S,6,0,28,NORMAL,BURMESE,CHOCOLATE
04-09-11,OWNER SUR,OTC,CAT,S,5,0,1,NORMAL,DOMESTIC SH,TORTIE
04-09-11,PUBLIC AST,QUARANTINE,DOG,M,6,0,1,NORMAL,GERM SHEPHERD,BROWN
04-09-11,OWNER SUR,OTC,CAT,S,6,0,1,NORMAL,DOMESTIC SH,BLUE
04-09-11,OWNER SUR,OTC,CAT,S,6,0,1,NORMAL,DOMESTIC SH,BLUE
04-09-11,STRAY,OTC,DOG,S,6,0,1,NORMAL,DACHSHUND,RED
04-09-11,STRAY,FIELD,DOG,N,6,1,24,NORMAL,STAFFORDSHIRE,WHITE
04-09-11,STRAY,FIELD,DOG,N,8,10,23,NORMAL,ALASK MALAMUTE,BLACK
04-09-11,STRAY,FIELD,DOG,N,8,0,2,NORMAL,LABRADOR RETR,BLACK
04-09-11,STRAY,OTC,DOG,S,8,0,2,NORMAL,GOLDEN RETR,TAN
04-09-11,PUBLIC AST,QUARANTINE,DOG,S,11,0,3,NORMAL,LABRADOR RETR,RED
04-09-11,STRAY,OTC,DOG,N,12,0,2,AGED,BASSET HOUND,WHITE
04-10-11,STRAY,OTC,CAT,N,0,1,1,NORMAL,DOMESTIC SH,BRN TABBY
04-10-11,STRAY,OTC,CAT,S,0,1,1,NORMAL,DOMESTIC SH,BRN TABBY
04-10-11,STRAY,OTC,CAT,N,0,1,1,NORMAL,DOMESTIC SH,ORG TABBY
04-10-11,STRAY,FIELD,DOG,F,0,2,9,NORMAL,BLACK MOUTH CUR,BROWN
04-10-11,STRAY,FIELD,DOG,S,0,2,9,NORMAL,LABRADOR RETR,BROWN
04-10-11,STRAY,FIELD,DOG,N,1,8,0,NORMAL,LABRADOR RETR,YELLOW
04-10-11,STRAY,OTC,CAT,N,2,0,27,NORMAL,DOMESTIC SH,BLUE
04-10-11,OWNER SUR,OTC,CAT,S,1,0,0,NORMAL,DOMESTIC SH,BRN TABBY
04-10-11,STRAY,FIELD,DOG,S,1,0,0,NORMAL,MIN PINSCHER,BROWN
04-10-11,STRAY,FIELD,DOG,N,1,0,0,INJURED,BEAGLE,TRICOLOR
04-10-11,STRAY,OTC,DOG,S,1,0,0,NORMAL,SHIBA INU,TAN
04-10-11,OWNER SUR,OTC,DOG,S,1,6,17,NORMAL,PIT BULL,BROWN
04-10-11,STRAY,FIELD,DOG,N,1,6,0,NORMAL,BORDER COLLIE,TRICOLOR
04-10-11,STRAY,OTC,DOG,S,3,0,25,NORMAL,BLACK MOUTH CUR,BUFF
04-10-11,STRAY,OTC,DOG,N,2,0,0,NORMAL,GOLDEN RETR,TAN
04-10-11,STRAY,FIELD,DOG,M,2,0,0,NORMAL,GERM SHEPHERD,BLACK
04-10-11,OWNER SUR,FIELD,DOG,F,2,0,0,NORMAL,PIT BULL,BLACK
04-10-11,OWNER SUR,FIELD,DOG,F,2,0,0,NORMAL,PIT BULL,BLUE
04-10-11,OWNER SUR,OTC,CAT,S,3,0,0,NORMAL,DOMESTIC LH,TORTIE
04-10-11,OWNER SUR,OTC,CAT,N,3,0,0,NORMAL,SIAMESE,SEAL PT
04-10-11,STRAY,FIELD,DOG,M,3,0,0,NORMAL,DOBERMAN PINSCH,BLACK
04-10-11,PUBLIC AST,QUARANTINE,DOG,N,3,5,2,NORMAL,PIT BULL,RED
04-10-11,STRAY,OTC,DOG,S,5,0,28,NORMAL,DACHSHUND,BROWN
04-10-11,STRAY,OTC,DOG,S,5,0,28,NORMAL,RAT TERRIER,BROWN
04-10-11,STRAY,OTC,DOG,N,5,0,28,NORMAL,RAT TERRIER,BROWN
04-10-11,OWNER SUR,OTC,DOG,N,4,0,1,NORMAL,CHIHUAHUA SH,WHITE
04-10-11,STRAY,OTC,DOG,N,5,0,1,NORMAL,PIT BULL,BR BRINDLE
04-10-11,STRAY,OTC,DOG,S,5,0,1,NORMAL,AMERICAN STAFF,BROWN
04-10-11,STRAY,OTC,DOG,S,5,4,20,NORMAL,PIT BULL,BLACK
04-10-11,STRAY,OTC,DOG,N,6,11,29,NORMAL,PIT BULL,BLUE
04-10-11,STRAY,OTC,CAT,S,7,0,1,NORMAL,DOMESTIC SH,BLACK
04-10-11,OWNER SUR,OTC,DOG,S,9,0,28,NORMAL,LABRADOR RETR,BLACK
04-10-11,STRAY,OTC,DOG,S,15,0,2,NORMAL,AUST CATTLE DOG,RED MERLE
04-11-11,STRAY,OTC,CAT,N,0,0,7,NURSING,DOMESTIC SH,BLUE TABBY
04-11-11,STRAY,OTC,CAT,N,0,0,7,NURSING,DOMESTIC SH,BLUE TABBY
04-11-11,STRAY,OTC,CAT,S,0,0,7,NURSING,SIAMESE,LILAC PT
04-11-11,STRAY,OTC,CAT,N,0,0,7,NURSING,DOMESTIC SH,BLUE
04-11-11,STRAY,OTC,CAT,S,0,0,7,NURSING,DOMESTIC SH,BLUE TABBY
04-11-11,STRAY,OTC,CAT,S,0,1,11,NORMAL,DOMESTIC LH,BLACK
04-11-11,STRAY,OTC,DOG,S,0,3,15,NORMAL,BORDER TERRIER,BUFF
04-11-11,STRAY,OTC,CAT,N,0,3,25,SICK,DOMESTIC SH,BLUE TABBY
04-11-11,STRAY,OTC,CAT,N,0,3,25,SICK,DOMESTIC MH,BRN TABBY
04-11-11,STRAY,OTC,CAT,N,0,3,25,SICK,DOMESTIC SH,BRN TABBY
04-11-11,PUBLIC AST,QUARANTINE,DOG,M,0,3,28,NORMAL,AUST CATTLE DOG,BLACK
04-11-11,STRAY,FIELD,DOG,S,0,5,0,NORMAL,PIT BULL,RED
04-11-11,STRAY,OTC,DOG,S,0,5,26,NORMAL,WELSH CORGI CAR,TAN
04-11-11,STRAY,OTC,DOG,S,0,5,26,NORMAL,PLOTT HOUND,BL BRINDLE
04-11-11,STRAY,OTC,CAT,S,0,6,26,NORMAL,DOMESTIC SH,TORTIE
04-11-11,STRAY,FIELD,DOG,S,0,6,26,NORMAL,LABRADOR RETR,BROWN
04-11-11,OWNER SUR,OTC,CAT,N,0,6,0,FERAL,DOMESTIC SH,BLACK
04-11-11,STRAY,OTC,DOG,N,0,6,0,NORMAL,CHIHUAHUA SH,CREAM
04-11-11,OWNER SUR,OTC,CAT,N,1,7,25,FERAL,SIAMESE,LYNX PT
04-11-11,STRAY,OTC,CAT,S,1,8,0,SICK,DOMESTIC SH,TORTIE
04-11-11,STRAY,OTC,CAT,S,1,8,0,SICK,DOMESTIC SH,TORBIE
04-11-11,STRAY,OTC,CAT,S,1,8,0,SICK,DOMESTIC SH,TORTIE
04-11-11,STRAY,OTC,DOG,N,1,8,0,NORMAL,AUST CATTLE DOG,RED TICK
04-11-11,STRAY,OTC,DOG,N,1,8,27,NORMAL,AUST SHEPHERD,BLACK
04-11-11,OWNER SUR,OTC,CAT,S,1,9,0,NORMAL,EXOTIC SH,BLACK
04-11-11,STRAY,OTC,DOG,S,1,8,0,NORMAL,CHIHUAHUA SH,BROWN
04-11-11,STRAY,OTC,CAT,N,1,10,25,SICK,DOMESTIC MH,LYNX PT
04-11-11,STRAY,FIELD,DOG,S,1,10,1,NORMAL,JACK RUSS TERR,WHITE
04-11-11,STRAY,OTC,DOG,S,1,10,1,NORMAL,FOX TERR SMOOTH,WHITE
04-11-11,STRAY,OTC,DOG,S,1,10,1,NORMAL,DACHSHUND,BR BRINDLE
04-11-11,OWNER SUR,OTC,CAT,S,1,11,1,NORMAL,DOMESTIC SH,TORBIE
04-11-11,STRAY,EMERG CLC,CAT,F,1,0,0,INJURED,DOMESTIC SH,BRN TABBY
04-11-11,STRAY,OTC,DOG,N,1,0,0,INJURED,CHIHUAHUA SH,BLACK
04-11-11,STRAY,OTC,DOG,M,1,0,0,NORMAL,PIT BULL,BR BRINDLE
04-11-11,STRAY,OTC,CAT,S,1,0,0,NORMAL,DOMESTIC SH,BRN TABBY
04-11-11,PUBLIC AST,QUARANTINE,DOG,S,1,2,0,NORMAL,BLUE LACY,BLUE
04-11-11,OWNER SUR,OTC,DOG,N,1,6,22,NORMAL,BOSTON TERRIER,BR BRINDLE
04-11-11,STRAY,FIELD,DOG,S,1,6,0,NORMAL,BORDER COLLIE,BLACK
04-11-11,PUBLIC AST,QUARANTINE,DOG,S,1,6,0,NORMAL,CHIHUAHUA SH,BROWN
04-11-11,PUBLIC AST,QUARANTINE,DOG,S,1,6,0,NORMAL,CHIHUAHUA SH,TAN
04-11-11,STRAY,OTC,DOG,M,2,0,0,INJURED,CHIHUAHUA SH,BROWN
04-11-11,STRAY,OTC,DOG,S,2,0,0,NORMAL,AUST SHEPHERD,BLACK
04-11-11,STRAY,OTC,CAT,S,2,0,0,FERAL,DOMESTIC MH,TORTIE
04-11-11,STRAY,OTC,CAT,S,2,0,0,NURSING,DOMESTIC SH,BLUE TABBY
04-11-11,PUBLIC AST,QUARANTINE,DOG,M,2,1,9,NORMAL,LABRADOR RETR,TAN
04-11-11,OWNER SUR,OTC,DOG,N,2,6,0,INJURED,PIT BULL,TAN
04-11-11,STRAY,FIELD,DOG,S,3,0,0,NORMAL,PIT BULL,BR BRINDLE
04-11-11,PUBLIC AST,QUARANTINE,DOG,N,3,5,0,NORMAL,POODLE STND,APRICOT
04-11-11,STRAY,OTC,CAT,N,5,0,28,NORMAL,DOMESTIC SH,BRN TABBY
04-11-11,STRAY,FIELD,DOG,F,4,0,1,NORMAL,ROTTWEILER,BLACK
04-11-11,STRAY,FIELD,DOG,F,4,0,1,NORMAL,LABRADOR RETR,BLACK
04-11-11,STRAY,FIELD,DOG,M,4,0,1,NORMAL,CHINESE SHARPEI,TAN
04-11-11,OWNER SUR,OTC,DOG,M,4,0,1,NORMAL,CHIHUAHUA SH,TAN
04-11-11,STRAY,OTC,CAT,S,4,6,27,NORMAL,MANX,BLACK
04-11-11,STRAY,FIELD,DOG,N,5,10,13,NORMAL,PIT BULL,BROWN
04-11-11,STRAY,OTC,CAT,S,6,0,28,NORMAL,DOMESTIC SH,CALICO
04-11-11,PUBLIC AST,QUARANTINE,DOG,S,5,0,1,NORMAL,LABRADOR RETR,BLACK
04-11-11,OWNER SUR,OTC,DOG,S,5,6,1,NORMAL,BASSET HOUND,TRICOLOR
04-11-11,STRAY,OTC,DOG,S,7,0,0,NORMAL,PEKINGESE,CREAM
04-11-11,OWNER SUR,OTC,DOG,N,8,0,2,NORMAL,LABRADOR RETR,WHITE
04-11-11,OWNER SUR,OTC,CAT,F,8,0,2,FERAL,DOMESTIC SH,BLACK
04-11-11,STRAY,OTC,DOG,N,10,0,1,NORMAL,ROTTWEILER,BLACK
04-11-11,OWNER SUR,OTC,CAT,S,12,0,3,NORMAL,DOMESTIC MH,BLACK
04-11-11,STRAY,FIELD,DOG,N,13,0,1,NORMAL,CHOW CHOW,BLACK
04-11-11,STRAY,OTC,DOG,N,16,0,0,AGED,POODLE TOY,GRAY
04-11-11,PUBLIC AST,QUARANTINE,DOG,S,NO AGE,NORMAL,WELSH CORGI PEM,TAN,,
04-12-11,STRAY,FIELD,DOG,N,0,2,23,NORMAL,LABRADOR RETR,BUFF
04-12-11,STRAY,FIELD,DOG,N,0,2,23,NORMAL,LABRADOR RETR,BUFF
04-12-11,STRAY,FIELD,DOG,S,0,2,23,NORMAL,LABRADOR RETR,BLACK
04-12-11,OWNER SUR,OTC,DOG,N,0,2,5,NORMAL,BLUETICK HOUND,BLACK
04-12-11,OWNER SUR,OTC,DOG,N,0,2,5,NORMAL,CATAHOULA,BRN MERLE
04-12-11,OWNER SUR,OTC,DOG,N,0,2,5,NORMAL,BLUETICK HOUND,BLUE MERLE
04-12-11,OWNER SUR,OTC,DOG,N,0,2,5,NORMAL,BLUETICK HOUND,WHITE
04-12-11,STRAY,FIELD,DOG,N,0,2,9,NORMAL,LABRADOR RETR,BLACK
04-12-11,STRAY,FIELD,DOG,S,0,5,0,NORMAL,CHIHUAHUA SH,BLACK
04-12-11,OWNER SUR,FIELD,DOG,S,1,9,1,NORMAL,AUST CATTLE DOG,WHITE
04-12-11,OWNER SUR,FIELD,DOG,S,1,9,1,NORMAL,AUST CATTLE DOG,BLACK
04-12-11,STRAY,OTC,DOG,N,1,0,0,NORMAL,CHIHUAHUA SH,SABLE
04-12-11,STRAY,OTC,DOG,F,1,0,0,NORMAL,PIT BULL,BROWN
04-12-11,STRAY,OTC,DOG,F,1,0,0,NORMAL,PIT BULL,BLACK
04-12-11,STRAY,OTC,DOG,N,1,6,22,NORMAL,MANCHESTER TERR,BLACK
04-12-11,STRAY,FIELD,DOG,N,1,6,0,NORMAL,GERM SHEPHERD,BLACK
04-12-11,STRAY,FIELD,DOG,N,1,6,0,NORMAL,GERM SHEPHERD,BLACK
04-12-11,STRAY,FIELD,CAT,U,2,0,0,INJURED,DOMESTIC LH,BLACK
04-12-11,OWNER SUR,OTC,DOG,S,2,0,0,NORMAL,GERM SHEPHERD,BROWN
04-12-11,STRAY,OTC,CAT,S,2,0,0,NORMAL,DOMESTIC SH,BRN TABBY
04-12-11,STRAY,OTC,CAT,N,2,0,0,NORMAL,SIAMESE,BLUE PT
04-12-11,STRAY,OTC,DOG,S,2,0,0,NORMAL,STAFFORDSHIRE,FAWN
04-12-11,PUBLIC AST,QUARANTINE,DOG,F,2,0,1,NORMAL,CHIHUAHUA SH,SABLE
04-12-11,PUBLIC AST,SURGERY,DOG,N,2,1,23,NORMAL,DALMATIAN,WHITE
04-12-11,STRAY,OTC,DOG,M,3,6,27,NORMAL,PUG,CREAM
04-12-11,OWNER SUR,OTC,CAT,S,4,0,1,NORMAL,DOMESTIC SH,BRN TABBY
04-12-11,OWNER SUR,FIELD,DOG,S,8,0,2,NORMAL,LABRADOR RETR,YELLOW
04-12-11,OWNER SUR,OTC,DOG,N,8,0,2,NORMAL,KEESHOND,BLK SMOKE
04-12-11,STRAY,OTC,DOG,N,10,0,2,NORMAL,SCHNAUZER STAND,BLACK
04-12-11,STRAY,OTC,CAT,F,15,0,3,AGED,DOMESTIC SH,TORTIE
04-12-11,STRAY,OTC,CAT,N,17,0,1,OTHER,DOMESTIC MH,BLACK
04-12-11,EUTH REQ,NO SUBTYPE,DOG,F,18,0,4,AGED,GOLDEN RETR,RED
04-12-11,STRAY,OTC,CAT,S,NO AGE,NURSING,DOMESTIC SH,BRN TABBY,,
04-12-11,STRAY,OTC,CAT,S,NO AGE,NURSING,DOMESTIC SH,BRN TABBY,,
04-12-11,STRAY,OTC,CAT,S,NO AGE,NURSING,DOMESTIC SH,BRN TABBY,,
04-12-11,STRAY,OTC,CAT,M,NO AGE,NURSING,SIAMESE,LYNX PT,,
04-12-11,STRAY,OTC,CAT,M,NO AGE,NURSING,DOMESTIC SH,CRM TABBY,,
04-12-11,STRAY,OTC,CAT,M,NO AGE,NURSING,DOMESTIC SH,WHITE,,
04/13/2011,STRAY,OTC,CAT,N,0,1,22,NORMAL,HIMALAYAN,BLUE PT
04/13/2011,STRAY,OTC,CAT,N,0,1,22,NORMAL,DOMESTIC SH,BLACK
04/13/2011,STRAY,OTC,CAT,N,0,1,22,NORMAL,DOMESTIC SH,BRN TABBY
04/13/2011,OWNER SUR,OTC,CAT,S,0,2,23,NORMAL,DOMESTIC SH,BLACK
04/13/2011,OWNER SUR,OTC,CAT,S,0,2,23,NORMAL,DOMESTIC SH,BLACK
04/13/2011,OWNER SUR,OTC,CAT,S,0,2,26,NORMAL,DOMESTIC SH,BLACK
04/13/2011,OWNER SUR,OTC,DOG,S,0,2,29,SICK,CHIHUAHUA SH,TAN
04/13/2011,OWNER SUR,OTC,CAT,S,0,2,29,NORMAL,HIMALAYAN,LILAC PT
04/13/2011,OWNER SUR,OTC,CAT,N,0,2,29,NORMAL,HIMALAYAN,LILAC PT
04/13/2011,OWNER SUR,OTC,CAT,S,0,2,29,NORMAL,DOMESTIC LH,BLUE TABBY
04/13/2011,OWNER SUR,OTC,CAT,N,0,2,29,NORMAL,DOMESTIC LH,BLUE
04/13/2011,OWNER SUR,OTC,CAT,N,0,2,29,NORMAL,DOMESTIC LH,BLUE TABBY
04/13/2011,STRAY,FIELD,DOG,S,0,2,1,OTHER,PLOTT HOUND,BR BRINDLE
04/13/2011,STRAY,OTC,DOG,S,0,2,13,NORMAL,AUST SHEPHERD,WHITE
04/13/2011,OWNER SUR,OTC,DOG,N,0,3,29,NORMAL,BLACK/TAN HOUND,BLACK
04/13/2011,STRAY,FIELD,DOG,S,1,8,0,NORMAL,PIT BULL,BROWN
04/13/2011,STRAY,OTC,DOG,S,1,9,0,NORMAL,SCHNAUZER STAND,BLACK
04/13/2011,STRAY,FIELD,DOG,M,1,8,0,SICK,PIT BULL,RED
04/13/2011,STRAY,FIELD,DOG,M,1,9,1,NORMAL,COLLIE ROUGH,WHITE
04/13/2011,STRAY,FIELD,DOG,N,1,10,1,NORMAL,PIT BULL,BLUE
04/13/2011,STRAY,OTC,CAT,S,1,0,0,NORMAL,DOMESTIC SH,CALICO
04/13/2011,STRAY,FIELD,DOG,F,1,0,0,INJURED,PIT BULL,BR BRINDLE
04/13/2011,STRAY,OTC,CAT,N,1,6,27,NORMAL,DOMESTIC SH,ORG TABBY
04/13/2011,STRAY,OTC,DOG,N,2,7,26,NORMAL,AMER BULLDOG,WHITE
04/13/2011,PUBLIC AST,QUARANTINE,CAT,S,3,0,19,NORMAL,DOMESTIC SH,CALICO
04/13/2011,OWNER SUR,OTC,DOG,N,2,0,0,OTHER,LABRADOR RETR,BUFF
04/13/2011,OWNER SUR,OTC,DOG,S,2,0,0,NORMAL,MANCHESTER TERR,BLACK
04/13/2011,STRAY,OTC,CAT,S,2,0,0,NORMAL,ABYSSINIAN,AGOUTI
04/13/2011,OWNER SUR,OTC,CAT,S,2,0,0,NORMAL,DOMESTIC SH,BLACK
04/13/2011,STRAY,FIELD,DOG,N,2,0,0,NORMAL,GREAT DANE,WHITE
04/13/2011,STRAY,OTC,CAT,N,2,0,0,INJURED,DOMESTIC SH,BLACK
04/13/2011,STRAY,FIELD,DOG,N,3,9,10,NORMAL,DACHSHUND WH,BROWN
04/13/2011,STRAY,OTC,CAT,N,4,0,25,NORMAL,DOMESTIC SH,BLACK
04/13/2011,STRAY,OTC,DOG,S,4,0,28,NORMAL,DACHSHUND WH,TAN
04/13/2011,STRAY,FIELD,DOG,N,4,0,28,NORMAL,CHIHUAHUA SH,TAN
04/13/2011,OWNER SUR,OTC,CAT,S,4,0,0,NORMAL,DOMESTIC LH,BLUE TABBY
04/13/2011,STRAY,FIELD,DOG,S,3,0,0,INJURED,CHIHUAHUA SH,RED
04/13/2011,STRAY,OTC,CAT,N,3,0,0,NORMAL,MAINE COON,BRN TABBY
04/13/2011,STRAY,OTC,CAT,S,3,0,0,NORMAL,DOMESTIC SH,BLUE
04/13/2011,OWNER SUR,OTC,DOG,N,3,0,0,NORMAL,GERM SH POINT,RED MERLE
04/13/2011,STRAY,FIELD,DOG,S,3,0,0,NORMAL,CHIHUAHUA SH,BLACK
04/13/2011,STRAY,FIELD,DOG,S,3,0,0,NORMAL,CHIHUAHUA SH,TAN
04/13/2011,STRAY,OTC,DOG,M,3,0,0,NORMAL,BOXER,BROWN
04/13/2011,PUBLIC AST,QUARANTINE,DOG,S,3,3,6,NORMAL,CHIHUAHUA SH,WHITE
04/13/2011,STRAY,FIELD,DOG,N,3,4,23,NORMAL,CAIRN TERRIER,TAN
04/13/2011,STRAY,FIELD,DOG,F,4,0,1,NORMAL,DACHSHUND,BROWN
04/13/2011,PUBLIC AST,OWNER DIED,DOG,S,6,0,0,NORMAL,CHIHUAHUA SH,TAN
04/13/2011,STRAY,OTC,DOG,S,5,0,1,NORMAL,DACHSHUND,BLACK
04/13/2011,STRAY,OTC,DOG,N,5,0,1,NORMAL,DACHSHUND,RED MERLE
04/13/2011,STRAY,OTC,DOG,N,5,0,1,INJURED,LHASA APSO,TAN
04/13/2011,ABANDONED,NO SUBTYPE,DOG,M,6,0,1,NORMAL,COCKER SPAN,SABLE
04/13/2011,STRAY,OTC,DOG,N,6,0,1,NORMAL,RAT TERRIER,WHITE
04/13/2011,PUBLIC AST,QUARANTINE,DOG,N,6,2,0,NORMAL,CHIHUAHUA LH,RED
04/13/2011,PUBLIC AST,QUARANTINE,DOG,N,9,0,2,NORMAL,BEAGLE,BROWN
04/13/2011,STRAY,FIELD,DOG,F,9,0,2,SICK,BOXER,BR BRINDLE
04/13/2011,OWNER SUR,OTC,CAT,N,10,0,2,NORMAL,DOMESTIC SH,BLUE TABBY
04/13/2011,ABANDONED,NO SUBTYPE,DOG,S,15,0,2,NORMAL,COCKER SPAN,BUFF
04/14/2011,BORN IN,NO SUBTYPE,CAT,N,0,0,1,NORMAL,DOMESTIC SH,BLACK
04/14/2011,BORN IN,NO SUBTYPE,CAT,U,0,0,1,NORMAL,DOMESTIC SH,BLUE SMOKE
04/14/2011,STRAY,OTC,CAT,S,0,1,15,NORMAL,DOMESTIC SH,BRN TABBY
04/14/2011,STRAY,OTC,CAT,N,0,1,15,NORMAL,DOMESTIC SH,BRN TABBY
04/14/2011,STRAY,OTC,CAT,S,0,1,15,NORMAL,DOMESTIC SH,BLACK
04/14/2011,OWNER SUR,OTC,DOG,S,0,3,29,SICK,LABRADOR RETR,WHITE
04/14/2011,OWNER SUR,OTC,DOG,N,0,4,14,NORMAL,LABRADOR RETR,BLACK
04/14/2011,OWNER SUR,OTC,DOG,N,0,4,21,NORMAL,LABRADOR RETR,BLACK
04/14/2011,OWNER SUR,OTC,CAT,M,0,5,0,NORMAL,DOMESTIC SH,BLACK
04/14/2011,STRAY,OTC,DOG,N,0,6,0,NORMAL,LABRADOR RETR,YELLOW
04/14/2011,OWNER SUR,RETURN,DOG,N,1,7,14,NORMAL,AUST SHEPHERD,BLACK
04/14/2011,OWNER SUR,OTC,CAT,N,1,8,0,NORMAL,DOMESTIC SH,ORG TABBY
04/14/2011,OWNER SUR,OTC,DOG,S,1,0,0,NORMAL,PIT BULL,BLUE
04/14/2011,OWNER SUR,OTC,CAT,S,1,0,0,NORMAL,DOMESTIC SH,BRN TABBY
04/14/2011,OWNER SUR,RETURN,DOG,S,1,0,13,NORMAL,LABRADOR RETR,BLACK
04/14/2011,OWNER SUR,OTC,DOG,N,1,6,0,NORMAL,LABRADOR RETR,BROWN
04/14/2011,OWNER SUR,OTC,DOG,S,1,6,0,NORMAL,CHIHUAHUA LH,SABLE
04/14/2011,OWNER SUR,OTC,CAT,F,1,6,0,NORMAL,DOMESTIC SH,BLACK
04/14/2011,OWNER SUR,OTC,DOG,S,2,0,0,NORMAL,GREAT PYRENEES,WHITE
04/14/2011,OWNER SUR,FIELD,DOG,N,2,6,26,NORMAL,PIT BULL,BLUE
04/14/2011,STRAY,OTC,DOG,N,4,0,28,NORMAL,JACK RUSS TERR,TRICOLOR
04/14/2011,STRAY,OTC,DOG,S,3,0,0,NORMAL,PIT BULL,RED
04/14/2011,PUBLIC AST,QUARANTINE,DOG,M,3,0,0,NORMAL,PIT BULL,RED
04/14/2011,AST AGENCY,OWNER DIED,CAT,S,4,7,24,NORMAL,AMER SH,TORBIE
04/14/2011,STRAY,OTC,DOG,M,4,0,1,NORMAL,BORDER COLLIE,WHITE
04/14/2011,STRAY,OTC,DOG,F,4,0,1,NORMAL,AUST CATTLE DOG,BLUE TICK
04/14/2011,STRAY,FIELD,DOG,N,6,11,9,NORMAL,GERM SHEPHERD,BLACK
04/14/2011,OWNER SUR,OTC,DOG,S,6,0,1,NORMAL,AUST SHEPHERD,RED TICK
04/14/2011,STRAY,OTC,DOG,N,7,6,29,NORMAL,CHIHUAHUA SH,BLACK
04/14/2011,STRAY,OTC,DOG,N,8,0,2,NORMAL,LABRADOR RETR,BLACK
04/14/2011,STRAY,OTC,DOG,S,15,0,17,AGED,LHASA APSO,WHITE
04/14/2011,EUTH REQ,OTC OWNED,DOG,N,14,0,3,AGED,GERM SHEPHERD,GRAY
04/14/2011,EUTH REQ,OTC OWNED,CAT,F,15,0,3,SICK,DOMESTIC SH,WHITE
04/14/2011,PUBLIC AST,QUARANTINE,DOG,N,NO AGE,NORMAL,LABRADOR RETR,BROWN,,
04/15/2011,STRAY,OTC,CAT,N,0,1,1,NORMAL,DOMESTIC SH,BRN TABBY
04/15/2011,OWNER SUR,OTC,DOG,N,0,2,16,NORMAL,POODLE MIN,WHITE
04/15/2011,STRAY,FIELD,DOG,N,0,3,16,NORMAL,CHIHUAHUA SH,BROWN
04/15/2011,OWNER SUR,OTC,CAT,S,0,4,29,NORMAL,DOMESTIC SH,CALICO
04/15/2011,OWNER SUR,OTC,CAT,N,0,6,0,NORMAL,SIAMESE,SEAL PT
04/15/2011,STRAY,OTC,DOG,S,0,6,20,SICK,DACHSHUND,BUFF
04/15/2011,OWNER SUR,OTC,CAT,M,0,6,0,SICK,DOMESTIC SH,BLACK
04/15/2011,PUBLIC AST,QUARANTINE,DOG,N,1,9,2,NORMAL,JACK RUSS TERR,BROWN
04/15/2011,STRAY,FIELD,DOG,S,1,10,5,NORMAL,BOXER,WHITE
04/15/2011,STRAY,OTC,DOG,N,2,0,27,NORMAL,NORWICH TERRIER,BUFF
04/15/2011,PUBLIC AST,QUARANTINE,DOG,N,1,0,0,NORMAL,BULLMASTIFF,BL BRINDLE
04/15/2011,OWNER SUR,OTC,CAT,N,1,0,0,NORMAL,ORIENTAL SH,BLACK
04/15/2011,OWNER SUR,OTC,DOG,N,1,1,9,NORMAL,CHIHUAHUA SH,BROWN
04/15/2011,PUBLIC AST,QUARANTINE,DOG,N,3,0,21,NORMAL,CHIHUAHUA SH,BROWN
04/15/2011,STRAY,FIELD,DOG,S,2,1,28,NORMAL,PIT BULL,TAN
04/15/2011,OWNER SUR,OTC,DOG,N,2,4,12,NORMAL,PIT BULL,BLACK
04/15/2011,STRAY,OTC,DOG,N,4,0,1,NORMAL,LABRADOR RETR,YELLOW
04/15/2011,STRAY,OTC,CAT,N,6,0,27,NORMAL,DOMESTIC SH,CRM TABBY
04/15/2011,STRAY,OTC,CAT,S,5,0,1,NORMAL,DOMESTIC SH,BLACK
04/15/2011,STRAY,OTC,DOG,N,5,0,1,NORMAL,AUST SHEPHERD,TRICOLOR
04/15/2011,STRAY,OTC,CAT,N,5,0,1,NORMAL,DOMESTIC SH,ORG TABBY
04/15/2011,STRAY,OTC,DOG,S,6,11,27,INJURED,PEKINGESE,BROWN
04/15/2011,STRAY,OTC,CAT,S,8,0,2,SICK,DOMESTIC SH,TORTIE
04/15/2011,STRAY,OTC,DOG,S,8,2,16,NORMAL,CAIRN TERRIER,TAN
04/15/2011,STRAY,OTC,DOG,S,9,3,6,NORMAL,SCHNAUZER MIN,GRAY
04/15/2011,STRAY,OTC,CAT,S,15,0,3,AGED,SIAMESE,TORTIE PT
04/16/2011,STRAY,OTC,CAT,U,0,0,7,SICK,SIAMESE,LILAC PT
04/16/2011,STRAY,OTC,CAT,U,0,0,7,SICK,DOMESTIC SH,BRN TABBY
04/16/2011,STRAY,OTC,CAT,U,0,0,7,SICK,DOMESTIC SH,BRN TABBY
04/16/2011,OWNER SUR,OTC,CAT,S,0,0,7,NURSING,DOMESTIC SH,LILAC PT
04/16/2011,OWNER SUR,OTC,CAT,N,0,0,7,NURSING,DOMESTIC SH,LILAC PT
04/16/2011,OWNER SUR,OTC,CAT,M,0,0,7,NURSING,DOMESTIC SH,ORG TABBY
04/16/2011,OWNER SUR,OTC,CAT,F,0,0,7,NURSING,DOMESTIC SH,BLACK
04/16/2011,STRAY,OTC,CAT,S,0,1,15,NORMAL,DOMESTIC SH,ORG TABBY
04/16/2011,STRAY,OTC,CAT,N,0,1,15,NORMAL,DOMESTIC SH,BRN TABBY
04/16/2011,STRAY,OTC,CAT,N,0,1,15,NORMAL,DOMESTIC SH,BRN TABBY
04/16/2011,STRAY,OTC,CAT,S,0,1,15,NORMAL,DOMESTIC SH,ORG TABBY
04/16/2011,STRAY,OTC,CAT,F,0,1,1,INJURED,DOMESTIC SH,BRN TABBY
04/16/2011,STRAY,FIELD,DOG,S,0,1,8,NORMAL,LABRADOR RETR,BROWN
04/16/2011,STRAY,FIELD,DOG,S,0,1,8,NORMAL,LABRADOR RETR,BUFF
04/16/2011,STRAY,FIELD,DOG,N,0,1,8,NORMAL,LABRADOR RETR,BUFF
04/16/2011,STRAY,FIELD,DOG,N,0,1,8,NORMAL,LABRADOR RETR,BUFF
04/16/2011,STRAY,FIELD,DOG,N,0,1,8,NORMAL,LABRADOR RETR,TAN
04/16/2011,STRAY,FIELD,DOG,N,0,1,8,NORMAL,LABRADOR RETR,SABLE
04/16/2011,STRAY,FIELD,DOG,N,0,1,8,NORMAL,LABRADOR RETR,BLACK
04/16/2011,STRAY,OTC,CAT,S,0,2,29,NORMAL,DOMESTIC SH,BRN TABBY
04/16/2011,STRAY,OTC,CAT,N,0,2,29,NORMAL,DOMESTIC SH,BRN TABBY
04/16/2011,STRAY,OTC,DOG,S,0,2,1,NORMAL,GREAT PYRENEES,WHITE
04/16/2011,OWNER SUR,RETURN,DOG,N,0,2,9,NORMAL,BLUETICK HOUND,BLUE MERLE
04/16/2011,OWNER SUR,OTC,CAT,N,0,2,13,NORMAL,DOMESTIC SH,ORG TABBY
04/16/2011,OWNER SUR,OTC,CAT,S,0,2,13,NORMAL,DOMESTIC SH,TORTIE
04/16/2011,OWNER SUR,OTC,CAT,N,0,2,13,NORMAL,DOMESTIC SH,WHITE
04/16/2011,OWNER SUR,OTC,CAT,S,0,2,13,NORMAL,SIAMESE,TORTIE PT
04/16/2011,OWNER SUR,OTC,CAT,N,0,2,13,NORMAL,DOMESTIC SH,ORG TABBY
04/16/2011,STRAY,FIELD,DOG,N,0,3,16,NORMAL,DACHSHUND,BLACK
04/16/2011,OWNER SUR,OTC,DOG,M,0,3,18,NORMAL,LABRADOR RETR,RED
04/16/2011,STRAY,OTC,DOG,S,0,3,29,NORMAL,LABRADOR RETR,BROWN
04/16/2011,STRAY,OTC,CAT,S,0,4,24,NORMAL,DOMESTIC SH,BLACK
04/16/2011,STRAY,OTC,CAT,N,0,5,0,NORMAL,DOMESTIC SH,BLACK
04/16/2011,STRAY,OTC,DOG,M,0,5,15,NORMAL,BORDER COLLIE,BROWN
04/16/2011,OWNER SUR,OTC,DOG,S,1,8,28,NORMAL,AMERICAN STAFF,BLACK
04/16/2011,STRAY,OTC,DOG,N,1,8,0,NORMAL,PIT BULL,RED
04/16/2011,OWNER SUR,OTC,DOG,S,1,8,0,NORMAL,LABRADOR RETR,WHITE
04/16/2011,OWNER SUR,OTC,DOG,S,1,8,0,NORMAL,AUST SHEPHERD,WHITE
04/16/2011,STRAY,OTC,DOG,S,1,8,0,NORMAL,CAIRN TERRIER,BLACK
04/16/2011,STRAY,OTC,CAT,M,1,10,27,NORMAL,DOMESTIC MH,BLACK
04/16/2011,STRAY,OTC,DOG,F,1,10,27,NORMAL,BLACK MOUTH CUR,TAN
04/16/2011,STRAY,OTC,DOG,S,1,10,1,NORMAL,PLOTT HOUND,BR BRINDLE
04/16/2011,STRAY,OTC,DOG,S,1,11,1,NORMAL,SHIH TZU,BLACK
04/16/2011,STRAY,OTC,CAT,N,2,0,25,NORMAL,DOMESTIC SH,CRM TABBY
04/16/2011,STRAY,FIELD,DOG,F,1,0,0,INJURED,PIT BULL,WHITE
04/16/2011,OWNER SUR,OTC,CAT,S,1,0,0,NURSING,DOMESTIC SH,TORTIE
04/16/2011,STRAY,OTC,CAT,S,1,0,0,NORMAL,SIAMESE,SEAL PT
04/16/2011,PUBLIC AST,QUARANTINE,DOG,S,1,0,2,PREGNANT,CHIHUAHUA SH,BROWN
04/16/2011,STRAY,OTC,DOG,F,1,4,1,NORMAL,SHIH TZU,BLACK
04/16/2011,STRAY,FIELD,DOG,S,1,6,0,INJURED,PIT BULL,BR BRINDLE
04/16/2011,PUBLIC AST,SURGERY,CAT,S,2,7,14,NORMAL,DOMESTIC SH,BLACK
04/16/2011,OWNER SUR,OTC,DOG,F,2,0,0,NORMAL,LABRADOR RETR,TAN
04/16/2011,STRAY,OTC,CAT,S,2,0,0,NORMAL,DOMESTIC SH,BRN TABBY
04/16/2011,STRAY,OTC,DOG,S,2,0,0,NORMAL,PIT BULL,RED
04/16/2011,STRAY,OTC,CAT,N,2,0,0,NORMAL,DOMESTIC SH,BLUE
04/16/2011,OWNER SUR,OTC,DOG,M,2,0,9,NORMAL,PIT BULL,WHITE
04/16/2011,OWNER SUR,OTC,CAT,S,2,6,0,NORMAL,DOMESTIC SH,TORTIE
04/16/2011,STRAY,FIELD,DOG,N,4,0,25,NORMAL,LABRADOR RETR,BUFF
04/16/2011,STRAY,OTC,DOG,M,3,0,0,NORMAL,PIT BULL,BLACK
04/16/2011,STRAY,OTC,CAT,S,3,0,0,NORMAL,DOMESTIC SH,TORBIE
04/16/2011,STRAY,OTC,DOG,F,3,0,0,NORMAL,GERM SHEPHERD,BROWN
04/16/2011,OWNER SUR,OTC,DOG,S,3,0,0,NORMAL,PLOTT HOUND,BR BRINDLE
04/16/2011,STRAY,FIELD,DOG,F,3,6,1,NORMAL,LABRADOR RETR,TAN
04/16/2011,STRAY,OTC,DOG,N,4,7,2,NORMAL,COTON DE TULEAR,WHITE
04/16/2011,STRAY,OTC,DOG,N,4,7,2,NORMAL,BICHON FRISE,WHITE
04/16/2011,OWNER SUR,OTC,CAT,S,4,6,1,NORMAL,DOMESTIC SH,BRN TABBY
04/16/2011,OWNER SUR,OTC,CAT,S,4,6,1,NORMAL,DOMESTIC SH,BLUE TABBY
04/16/2011,OWNER SUR,OTC,CAT,N,4,6,1,NORMAL,DOMESTIC SH,BRN TABBY
04/16/2011,OWNER SUR,OTC,CAT,S,5,0,1,NORMAL,SIAMESE,FLAME PT
04/16/2011,STRAY,OTC,DOG,S,8,0,2,NORMAL,COLLIE ROUGH,TRICOLOR
04/16/2011,STRAY,OTC,DOG,S,9,10,13,NORMAL,PIT BULL,TAN
04/16/2011,STRAY,OTC,DOG,S,11,2,18,NORMAL,AUST SHEPHERD,TAN
04/16/2011,STRAY,FIELD,DOG,M,12,0,3,OTHER,BRITTANY,WHITE
04/16/2011,EUTH REQ,OTC OWNED,DOG,M,18,0,4,AGED,KEESHOND,TAN
04/17/2011,STRAY,OTC,CAT,N,0,1,22,NORMAL,DOMESTIC SH,BLACK
04/17/2011,STRAY,OTC,CAT,S,0,1,28,NORMAL,DOMESTIC SH,BRN TABBY
04/17/2011,STRAY,OTC,CAT,S,0,1,7,NORMAL,DOMESTIC MH,BLUE TABBY
04/17/2011,STRAY,FIELD,DOG,S,0,1,10,NORMAL,LABRADOR RETR,BLACK
04/17/2011,STRAY,FIELD,DOG,N,0,1,10,NORMAL,LABRADOR RETR,TAN
04/17/2011,STRAY,FIELD,DOG,S,0,1,10,NORMAL,LABRADOR RETR,TAN
04/17/2011,STRAY,OTC,DOG,N,0,2,9,NORMAL,SCHNAUZER MIN,BLACK
04/17/2011,STRAY,OTC,DOG,N,0,3,16,NORMAL,LABRADOR RETR,TAN
04/17/2011,STRAY,FIELD,CAT,N,0,3,27,INJURED,DOMESTIC SH,BRN TABBY
04/17/2011,OWNER SUR,OTC,DOG,S,0,5,0,NORMAL,BORDER TERRIER,TAN
04/17/2011,STRAY,OTC,DOG,S,0,5,15,NORMAL,GERM SHEPHERD,SABLE
04/17/2011,STRAY,OTC,DOG,S,0,5,15,NORMAL,GERM SHEPHERD,TAN
04/17/2011,STRAY,OTC,DOG,M,0,5,15,SICK,BLUE LACY,BLUE
04/17/2011,STRAY,OTC,DOG,N,1,8,28,NORMAL,NORWICH TERRIER,BLACK
04/17/2011,OWNER SUR,OTC,CAT,N,1,8,0,NORMAL,DOMESTIC SH,ORG TABBY
04/17/2011,OWNER SUR,OTC,DOG,S,1,8,0,NORMAL,BORDER TERRIER,TAN
04/17/2011,OWNER SUR,OTC,CAT,N,1,8,0,NORMAL,DOMESTIC SH,ORG TABBY
04/17/2011,STRAY,OTC,DOG,N,2,0,24,NORMAL,LABRADOR RETR,RED
04/17/2011,STRAY,OTC,CAT,N,2,0,27,NORMAL,DOMESTIC SH,BLACK
04/17/2011,OWNER SUR,OTC,CAT,N,1,0,0,NORMAL,DOMESTIC SH,ORG TABBY
04/17/2011,OWNER SUR,OTC,CAT,N,1,0,0,NORMAL,DOMESTIC SH,ORG TABBY
04/17/2011,STRAY,FIELD,DOG,S,1,0,0,NORMAL,PIT BULL,WHITE
04/17/2011,PUBLIC AST,QUARANTINE,DOG,S,2,0,0,NORMAL,LABRADOR RETR,BLACK
04/17/2011,PUBLIC AST,QUARANTINE,DOG,N,2,6,0,INJURED,AMER BULLDOG,TAN
04/17/2011,STRAY,OTC,DOG,S,4,0,27,NORMAL,YORKSHIRE TERR,RED
04/17/2011,STRAY,OTC,DOG,S,3,6,0,NORMAL,LABRADOR RETR,BROWN
04/17/2011,STRAY,FIELD,DOG,N,5,0,28,NORMAL,DACHSHUND LH,RED
04/17/2011,STRAY,OTC,DOG,M,4,0,1,NORMAL,PIT BULL,BROWN
04/17/2011,STRAY,OTC,DOG,S,4,0,1,NORMAL,PIT BULL,WHITE
04/17/2011,OWNER SUR,OTC,DOG,F,4,0,1,SICK,CHIHUAHUA SH,BLACK
04/17/2011,STRAY,OTC,CAT,S,5,0,1,NORMAL,DOMESTIC LH,TORBIE
04/17/2011,STRAY,OTC,CAT,N,6,0,1,NORMAL,DOMESTIC SH,BRN TABBY
04/17/2011,OWNER SUR,RETURN,DOG,N,6,2,2,NORMAL,GERM SHEPHERD,SABLE
04/17/2011,STRAY,FIELD,DOG,S,8,0,27,NORMAL,DACHSHUND,RED
04/17/2011,STRAY,FIELD,DOG,N,11,0,2,INJURED,LABRADOR RETR,BLACK
04/18/2011,PUBLIC AST,QUARANTINE,DOG,F,0,0,7,NURSING,PIT BULL,BLUE
04/18/2011,PUBLIC AST,QUARANTINE,DOG,M,0,0,7,NURSING,PIT BULL,BLUE
04/18/2011,PUBLIC AST,QUARANTINE,DOG,F,0,0,7,NURSING,PIT BULL,BLUE
04/18/2011,PUBLIC AST,QUARANTINE,DOG,M,0,0,7,NURSING,PIT BULL,WHITE
04/18/2011,PUBLIC AST,QUARANTINE,DOG,F,0,0,7,NURSING,PIT BULL,BLACK
04/18/2011,PUBLIC AST,QUARANTINE,DOG,F,0,0,7,NURSING,PIT BULL,BLUE
04/18/2011,PUBLIC AST,QUARANTINE,DOG,F,0,0,7,NURSING,PIT BULL,BLACK
04/18/2011,PUBLIC AST,QUARANTINE,DOG,F,0,0,7,NURSING,PIT BULL,BLACK
04/18/2011,PUBLIC AST,QUARANTINE,DOG,F,0,0,7,NURSING,PIT BULL,BLUE
04/18/2011,STRAY,OTC,CAT,S,0,1,1,NORMAL,DOMESTIC SH,BLACK
04/18/2011,STRAY,OTC,CAT,N,0,1,1,NORMAL,DOMESTIC SH,BLACK
04/18/2011,STRAY,OTC,CAT,N,0,1,1,NORMAL,DOMESTIC SH,BRN TABBY
04/18/2011,STRAY,OTC,DOG,S,0,1,9,NORMAL,BORDER COLLIE,BLACK
04/18/2011,STRAY,FIELD,DOG,S,0,3,29,NORMAL,CHIHUAHUA SH,WHITE
04/18/2011,STRAY,FIELD,DOG,N,0,3,29,NORMAL,PUG,WHITE
04/18/2011,STRAY,OTC,DOG,N,0,3,2,NORMAL,SCHIPPERKE,BLACK
04/18/2011,STRAY,FIELD,DOG,F,0,5,0,NORMAL,GERM SHEPHERD,RED
04/18/2011,OWNER SUR,OTC,CAT,S,0,5,15,NORMAL,DOMESTIC SH,TORTIE
04/18/2011,OWNER SUR,OTC,CAT,N,0,5,15,NORMAL,DOMESTIC SH,BLUE
04/18/2011,STRAY,OTC,DOG,N,0,6,23,NORMAL,PIT BULL,RED
04/18/2011,STRAY,OTC,DOG,S,0,6,0,NORMAL,PIT BULL,BLUE
04/18/2011,STRAY,FIELD,DOG,S,1,0,0,INJURED,SWED VALLHUND,SABLE
04/18/2011,STRAY,FIELD,DOG,S,1,0,0,NORMAL,CAVALIER SPAN,BROWN
04/18/2011,STRAY,OTC,DOG,N,1,0,0,NORMAL,FOX TERR WIRE,TRICOLOR
04/18/2011,STRAY,FIELD,DOG,N,1,0,0,INJURED,GERM SHEPHERD,BROWN
04/18/2011,STRAY,OTC,DOG,N,1,6,21,NORMAL,RAT TERRIER,TRICOLOR
04/18/2011,STRAY,OTC,DOG,S,1,6,29,NORMAL,PIT BULL,WHITE
04/18/2011,STRAY,OTC,DOG,S,1,6,0,NORMAL,BEAGLE,BLACK
04/18/2011,PUBLIC AST,QUARANTINE,DOG,N,2,7,27,NORMAL,PIT BULL,BLACK
04/18/2011,STRAY,FIELD,DOG,N,2,0,0,NORMAL,GERM SHEPHERD,BROWN
04/18/2011,STRAY,FIELD,DOG,N,2,2,18,NORMAL,AMERICAN STAFF,RED
04/18/2011,PUBLIC AST,QUARANTINE,DOG,S,2,6,0,NURSING,PIT BULL,BLUE
04/18/2011,STRAY,OTC,DOG,F,4,0,0,NORMAL,PIT BULL,WHITE
04/18/2011,OWNER SUR,OTC,CAT,S,3,0,0,NORMAL,DOMESTIC SH,BRN TABBY
04/18/2011,OWNER SUR,OTC,CAT,S,3,0,0,NORMAL,BENGAL,BRN TABBY
04/18/2011,PUBLIC AST,QUARANTINE,DOG,N,3,0,0,NORMAL,DACHSHUND,BLACK
04/18/2011,STRAY,OTC,CAT,N,3,0,0,INJURED,DOMESTIC SH,BRN TABBY
04/18/2011,STRAY,FIELD,DOG,F,3,0,0,NORMAL,BORZOI,WHITE
04/18/2011,STRAY,FIELD,DOG,S,3,0,0,NORMAL,CHIHUAHUA SH,BUFF
04/18/2011,STRAY,OTC,DOG,N,3,6,0,NORMAL,PIT BULL,TAN
04/18/2011,STRAY,FIELD,DOG,M,4,0,1,NORMAL,CHOW CHOW,RED
04/18/2011,STRAY,OTC,CAT,N,4,0,1,NORMAL,DOMESTIC LH,BLACK
04/18/2011,STRAY,OTC,CAT,N,7,0,28,NORMAL,DOMESTIC SH,BLUE
04/18/2011,OWNER SUR,OTC,DOG,N,6,0,1,NORMAL,CATAHOULA,BLUE MERLE
04/18/2011,STRAY,FIELD,DOG,F,7,0,1,NORMAL,PAPILLON,WHITE
04/18/2011,OWNER SUR,OTC,DOG,S,7,0,1,NORMAL,GERM SHEPHERD,BLACK
04/18/2011,STRAY,OTC,DOG,N,8,10,2,NORMAL,ALASK MALAMUTE,BLACK
04/18/2011,STRAY,FIELD,DOG,M,10,0,2,INJURED,CHOW CHOW,BROWN
04/19/2011,STRAY,EMERG CLC,CAT,N,0,0,3,NURSING,DOMESTIC SH,BROWN
04/19/2011,STRAY,OTC,CAT,M,0,1,22,NORMAL,DOMESTIC SH,BRN TABBY
04/19/2011,STRAY,OTC,CAT,M,0,1,22,NORMAL,DOMESTIC SH,BLACK
04/19/2011,STRAY,OTC,CAT,M,0,1,22,NORMAL,DOMESTIC SH,BLACK
04/19/2011,STRAY,OTC,CAT,M,0,1,1,NORMAL,DOMESTIC SH,WHITE
04/19/2011,BORN IN,SHELTER,CAT,N,0,1,6,NORMAL,DOMESTIC SH,ORG TABBY
04/19/2011,BORN IN,SHELTER,CAT,S,0,1,6,NORMAL,DOMESTIC SH,WHITE
04/19/2011,BORN IN,SHELTER,CAT,N,0,1,6,NORMAL,DOMESTIC SH,WHITE
04/19/2011,BORN IN,SHELTER,CAT,S,0,1,6,NORMAL,DOMESTIC SH,WHITE
04/19/2011,BORN IN,SHELTER,CAT,N,0,1,6,NORMAL,DOMESTIC SH,ORG TABBY
04/19/2011,BORN IN,SHELTER,CAT,N,0,1,6,NORMAL,DOMESTIC SH,WHITE
04/19/2011,BORN IN,SHELTER,CAT,N,0,1,6,NORMAL,DOMESTIC LH,WHITE
04/19/2011,STRAY,OTC,CAT,N,0,1,9,NORMAL,DOMESTIC SH,BLUE
04/19/2011,STRAY,OTC,CAT,N,0,1,9,NORMAL,DOMESTIC SH,BLUE
04/19/2011,STRAY,OTC,CAT,N,0,1,9,NORMAL,DOMESTIC SH,BLACK
04/19/2011,OWNER SUR,OTC,DOG,S,0,2,29,NORMAL,AUST CATTLE DOG,TRICOLOR
04/19/2011,OWNER SUR,OTC,DOG,S,0,2,29,NORMAL,AUST CATTLE DOG,TRICOLOR
04/19/2011,STRAY,OTC,CAT,S,0,2,29,OTHER,DOMESTIC SH,WHITE
04/19/2011,STRAY,OTC,DOG,F,0,2,13,SICK,POODLE MIN,CHOCOLATE
04/19/2011,OWNER SUR,OTC,DOG,N,0,3,20,NORMAL,GERM SHEPHERD,SABLE
04/19/2011,STRAY,OTC,DOG,S,0,5,0,NORMAL,AUST KELPIE,TRICOLOR
04/19/2011,STRAY,OTC,DOG,S,0,5,26,NORMAL,DACHSHUND WH,BLACK
04/19/2011,STRAY,FIELD,DOG,S,1,8,0,NORMAL,BULL TERRIER,WHITE
04/19/2011,STRAY,OTC,DOG,N,2,0,25,NORMAL,PIT BULL,FAWN
04/19/2011,PUBLIC AST,QUARANTINE,DOG,M,1,0,0,INJURED,CHIHUAHUA SH,BROWN
04/19/2011,STRAY,OTC,DOG,N,1,0,0,NORMAL,CATAHOULA,BR BRINDLE
04/19/2011,STRAY,OTC,DOG,N,1,0,0,NORMAL,CHIHUAHUA SH,BLACK
04/19/2011,STRAY,OTC,CAT,S,1,0,0,PREGNANT,DOMESTIC SH,CALICO
04/19/2011,STRAY,OTC,CAT,S,1,0,0,NORMAL,DOMESTIC LH,BLACK
04/19/2011,OWNER SUR,RETURN,DOG,S,1,1,17,SICK,STAFFORDSHIRE,WHITE
04/19/2011,AST AGENCY,OWNER DIED,DOG,N,1,2,8,NORMAL,PIT BULL,WHITE
04/19/2011,STRAY,OTC,CAT,N,1,3,21,NORMAL,DOMESTIC SH,BLACK
04/19/2011,OWNER SUR,OTC,DOG,N,1,6,0,NORMAL,AMER BULLDOG,WHITE
04/19/2011,PUBLIC AST,QUARANTINE,CAT,N,2,0,0,INJURED,DOMESTIC SH,CRM TABBY
04/19/2011,STRAY,OTC,CAT,N,2,0,0,NORMAL,DOMESTIC SH,BLUE
04/19/2011,STRAY,FIELD,CAT,N,2,0,0,INJURED,DOMESTIC SH,BLACK
04/19/2011,STRAY,FIELD,DOG,M,2,0,0,NORMAL,AKITA,WHITE
04/19/2011,OWNER SUR,FIELD,DOG,N,2,0,0,NORMAL,CHOW CHOW,WHITE
04/19/2011,OWNER SUR,FIELD,DOG,M,2,0,0,NORMAL,CHOW CHOW,WHITE
04/19/2011,STRAY,FIELD,DOG,S,2,0,0,NORMAL,HARRIER,BROWN
04/19/2011,STRAY,OTC,CAT,N,2,6,28,NORMAL,DOMESTIC MH,BLACK
04/19/2011,OWNER SUR,OTC,DOG,N,3,7,20,NORMAL,GERM SHEPHERD,SABLE
04/19/2011,STRAY,OTC,CAT,N,3,0,0,NORMAL,DOMESTIC SH,ORG TABBY
04/19/2011,OWNER SUR,OTC,DOG,S,4,0,1,NORMAL,DACHSHUND,RED
04/19/2011,STRAY,OTC,DOG,M,4,0,1,NORMAL,DACHSHUND,RED
04/19/2011,STRAY,FIELD,CAT,M,4,0,1,SICK,DOMESTIC SH,BLACK
04/19/2011,AST AGENCY,OWNER DIED,DOG,S,6,0,23,NORMAL,LABRADOR RETR,BLACK
04/19/2011,PUBLIC AST,QUARANTINE,DOG,M,5,0,8,NORMAL,DACHSHUND,BROWN
04/19/2011,AST AGENCY,OWNER DIED,DOG,S,5,0,12,NORMAL,AUST KELPIE,BLACK
04/19/2011,OWNER SUR,FIELD,DOG,M,7,0,18,NORMAL,LABRADOR RETR,RED
04/19/2011,STRAY,OTC,DOG,F,7,0,1,SICK,LABRADOR RETR,CHOCOLATE
04/19/2011,PUBLIC AST,QUARANTINE,DOG,S,7,3,20,NORMAL,CAIRN TERRIER,BROWN
04/19/2011,PUBLIC AST,QUARANTINE,DOG,N,7,6,18,NORMAL,LABRADOR RETR,RED
04/19/2011,STRAY,FIELD,DOG,S,7,6,1,NORMAL,CHIHUAHUA SH,BROWN
04/19/2011,OWNER SUR,OTC,DOG,N,9,0,17,NORMAL,POODLE MIN,BUFF
04/19/2011,STRAY,OTC,DOG,N,8,0,2,NORMAL,LHASA APSO,CREAM
04/19/2011,STRAY,OTC,DOG,S,8,5,1,NORMAL,DACHSHUND,BROWN
04/19/2011,STRAY,FIELD,DOG,N,13,0,29,SICK,DACHSHUND,BLACK
04/19/2011,STRAY,EMERG CLC,DOG,N,13,1,29,INJURED,CHOW CHOW,TAN
04/19/2011,STRAY,FIELD,DOG,S,15,6,3,SICK,SHETLD SHEEPDOG,BROWN
04/19/2011,PUBLIC AST,QUARANTINE,DOG,S,15,6,3,SICK,SHETLD SHEEPDOG,BROWN
04/19/2011,OWNER SUR,OTC,CAT,S,17,0,12,NORMAL,BRITISH SH,BRN TABBY
04/19/2011,EUTH REQ,OTC OWNED,DOG,N,17,0,17,AGED,SHETLD SHEEPDOG,BLACK
04/19/2011,STRAY,FIELD,DOG,M,NO AGE,NORMAL,CHIHUAHUA SH,BLACK,,
04/20/2011,OWNER SUR,OTC,CAT,N,0,1,15,NURSING,DOMESTIC SH,BLK SMOKE
04/20/2011,OWNER SUR,OTC,CAT,N,0,1,15,NURSING,DOMESTIC SH,BLUE TABBY
04/20/2011,OWNER SUR,OTC,CAT,S,0,1,15,NURSING,DOMESTIC SH,BLUE TABBY
04/20/2011,OWNER SUR,OTC,CAT,S,0,1,15,NURSING,DOMESTIC SH,LILAC PT
04/20/2011,OWNER SUR,OTC,CAT,U,0,1,21,INJURED,DOMESTIC MH,BLK SMOKE
04/20/2011,STRAY,OTC,DOG,S,0,2,20,NORMAL,AUST SHEPHERD,BLACK
04/20/2011,OWNER SUR,OTC,CAT,S,0,2,29,NORMAL,DOMESTIC SH,BLACK
04/20/2011,OWNER SUR,OTC,CAT,N,0,2,29,NORMAL,DOMESTIC SH,BLACK
04/20/2011,OWNER SUR,OTC,CAT,N,0,2,29,NORMAL,DOMESTIC SH,BRN TABBY
04/20/2011,OWNER SUR,OTC,CAT,N,0,2,29,NORMAL,DOMESTIC SH,BRN TABBY
04/20/2011,OWNER SUR,OTC,CAT,N,0,2,29,NORMAL,DOMESTIC SH,BRN TABBY
04/20/2011,OWNER SUR,OTC,CAT,S,0,2,29,NORMAL,SIAMESE,SEAL PT
04/20/2011,OWNER SUR,OTC,CAT,N,0,2,29,NORMAL,SIAMESE,SEAL PT
04/20/2011,OWNER SUR,OTC,CAT,N,0,2,29,NORMAL,DOMESTIC MH,BLACK
04/20/2011,STRAY,FIELD,DOG,M,0,2,13,SICK,RAT TERRIER,WHITE
04/20/2011,STRAY,OTC,DOG,M,0,3,29,SICK,CHIHUAHUA SH,CHOCOLATE
04/20/2011,OWNER SUR,OTC,DOG,S,0,5,0,NORMAL,RHOD RIDGEBACK,BR BRINDLE
04/20/2011,STRAY,OTC,DOG,S,0,4,10,NORMAL,ITAL GREYHOUND,BROWN
04/20/2011,STRAY,FIELD,DOG,N,0,5,15,INJURED,BORDER TERRIER,BLACK
04/20/2011,STRAY,FIELD,DOG,M,0,6,0,NORMAL,GERM SHEPHERD,TAN
04/20/2011,STRAY,FIELD,DOG,S,0,5,10,NORMAL,GERM SHEPHERD,SABLE
04/20/2011,STRAY,FIELD,DOG,N,0,6,0,NORMAL,LABRADOR RETR,BUFF
04/20/2011,EUTH REQ,NO SUBTYPE,CAT,N,1,8,16,SICK,DOMESTIC SH,CRM TABBY
04/20/2011,STRAY,OTC,DOG,S,1,10,1,NORMAL,GERM SHEPHERD,BLACK
04/20/2011,STRAY,OTC,DOG,S,1,11,0,NORMAL,PIT BULL,BR BRINDLE
04/20/2011,PUBLIC AST,QUARANTINE,DOG,U,1,0,1,NORMAL,SCHNAUZER MIN,CHOCOLATE
04/20/2011,STRAY,OTC,DOG,F,1,6,24,OTHER,PIT BULL,FAWN
04/20/2011,OWNER SUR,OTC,DOG,M,1,6,0,NORMAL,LABRADOR RETR,BLACK
04/20/2011,STRAY,OTC,DOG,N,1,6,0,NORMAL,AMER BULLDOG,WHITE
04/20/2011,OWNER SUR,OTC,DOG,S,1,6,0,NORMAL,SIBERIAN HUSKY,SILVER
04/20/2011,OWNER SUR,OTC,CAT,N,3,0,18,NORMAL,DOMESTIC SH,BRN TABBY
04/20/2011,OWNER SUR,FIELD,DOG,S,2,0,0,NORMAL,OLDENG SHEEPDOG,TAN
04/20/2011,STRAY,FIELD,DOG,S,2,0,0,NORMAL,STAFFORDSHIRE,TAN
04/20/2011,STRAY,FIELD,DOG,N,2,0,0,NORMAL,CHIHUAHUA SH,WHITE
04/20/2011,OWNER SUR,OTC,DOG,S,2,0,0,NORMAL,STAFFORDSHIRE,WHITE
04/20/2011,OWNER SUR,OTC,DOG,N,2,0,0,INJURED,LABRADOR RETR,TAN
04/20/2011,OWNER SUR,OTC,CAT,S,2,0,0,NURSING,DOMESTIC SH,TORBIE
04/20/2011,OWNER SUR,OTC,CAT,S,2,0,0,NORMAL,DOMESTIC SH,BLACK
04/20/2011,PUBLIC AST,QUARANTINE,DOG,F,2,0,0,NORMAL,AUST CATTLE DOG,RED
04/20/2011,STRAY,FIELD,DOG,N,2,3,0,NORMAL,GERM SHEPHERD,BLACK
04/20/2011,STRAY,FIELD,DOG,F,4,0,23,INJURED,TIBETAN TERR,TAN
04/20/2011,STRAY,FIELD,DOG,N,4,0,26,NORMAL,DACHSHUND LH,BLACK
04/20/2011,STRAY,FIELD,DOG,M,3,0,0,NORMAL,ROTTWEILER,BLACK
04/20/2011,STRAY,OTC,DOG,N,3,0,0,OTHER,AMER BULLDOG,TAN
04/20/2011,STRAY,OTC,DOG,M,3,0,0,NORMAL,PUG,FAWN
04/20/2011,PUBLIC AST,QUARANTINE,CAT,N,3,0,1,NORMAL,DOMESTIC SH,BROWN
04/20/2011,OWNER SUR,OTC,CAT,S,4,0,1,NORMAL,DOMESTIC LH,CALICO
04/20/2011,STRAY,OTC,DOG,N,7,0,26,NORMAL,WHIPPET,BROWN
04/20/2011,STRAY,OTC,DOG,S,6,0,0,NORMAL,ROTTWEILER,BLACK
04/20/2011,OWNER SUR,OTC,CAT,S,6,0,1,NORMAL,MAINE COON,BRN TABBY
04/20/2011,STRAY,OTC,DOG,N,7,0,1,INJURED,RAT TERRIER,TRICOLOR
04/20/2011,STRAY,OTC,DOG,N,7,2,0,INJURED,TOY FOX TERRIER,BLACK
04/20/2011,OWNER SUR,OTC,DOG,F,9,0,2,SICK,POODLE MIN,BLACK
04/20/2011,PUBLIC AST,NO SUBTYPE,DOG,S,12,0,3,NORMAL,BICHON FRISE,WHITE
04/20/2011,EUTH REQ,NO SUBTYPE,DOG,N,18,6,4,AGED,BEAGLE,TRICOLOR
04/21/2011,STRAY,OTC,CAT,N,0,0,9,NORMAL,DOMESTIC SH,ORG TABBY
04/21/2011,STRAY,OTC,CAT,S,0,1,15,NORMAL,DOMESTIC SH,BLUE
04/21/2011,STRAY,OTC,CAT,S,0,1,15,NORMAL,DOMESTIC SH,BLACK
04/21/2011,STRAY,OTC,CAT,M,0,1,15,NORMAL,DOMESTIC SH,BLACK
04/21/2011,STRAY,OTC,CAT,N,0,1,15,NORMAL,DOMESTIC SH,BLACK
04/21/2011,STRAY,OTC,CAT,M,0,1,15,NORMAL,DOMESTIC SH,BLACK
04/21/2011,STRAY,OTC,CAT,N,0,1,15,NORMAL,DOMESTIC SH,ORG TABBY
04/21/2011,STRAY,OTC,CAT,S,0,1,15,NORMAL,DOMESTIC SH,TORBIE
04/21/2011,STRAY,OTC,CAT,N,0,1,15,NORMAL,DOMESTIC SH,BLACK
04/21/2011,STRAY,FIELD,DOG,S,0,1,1,NORMAL,LABRADOR RETR,WHITE
04/21/2011,OWNER SUR,OTC,DOG,S,0,2,16,NORMAL,LABRADOR RETR,BROWN
04/21/2011,OWNER SUR,OTC,DOG,S,0,2,16,NORMAL,LABRADOR RETR,BROWN
04/21/2011,OWNER SUR,OTC,DOG,S,0,2,16,NORMAL,LABRADOR RETR,BLACK
04/21/2011,OWNER SUR,OTC,DOG,S,0,2,16,NORMAL,LABRADOR RETR,BLACK
04/21/2011,OWNER SUR,OTC,DOG,S,0,2,16,NORMAL,LABRADOR RETR,BLACK
04/21/2011,OWNER SUR,OTC,DOG,S,0,2,16,NORMAL,LABRADOR RETR,BLACK
04/21/2011,STRAY,OTC,DOG,S,0,2,16,NORMAL,AUST SHEPHERD,BLACK
04/21/2011,STRAY,OTC,DOG,N,0,2,16,NORMAL,AUST SHEPHERD,BLACK
04/21/2011,STRAY,OTC,DOG,N,0,2,16,NORMAL,AUST SHEPHERD,BLACK
04/21/2011,STRAY,OTC,DOG,F,0,2,16,NORMAL,AUST SHEPHERD,BLACK
04/21/2011,STRAY,OTC,DOG,N,0,2,16,NORMAL,AUST SHEPHERD,BLACK
04/21/2011,STRAY,OTC,DOG,F,0,2,16,NORMAL,AUST SHEPHERD,BLACK
04/21/2011,STRAY,OTC,DOG,N,0,2,16,NORMAL,AUST SHEPHERD,BLACK
04/21/2011,STRAY,OTC,DOG,S,0,2,16,NORMAL,AUST SHEPHERD,TRICOLOR
04/21/2011,STRAY,OTC,DOG,N,0,2,16,NORMAL,AUST SHEPHERD,BLACK
04/21/2011,STRAY,OTC,DOG,S,0,2,29,NORMAL,BORDER COLLIE,BLACK
04/21/2011,OWNER SUR,OTC,DOG,N,0,2,29,NORMAL,LABRADOR RETR,BROWN
04/21/2011,OWNER SUR,OTC,DOG,N,0,2,29,NORMAL,LABRADOR RETR,BROWN
04/21/2011,OWNER SUR,OTC,DOG,S,0,2,29,NORMAL,LABRADOR RETR,BROWN
04/21/2011,OWNER SUR,OTC,DOG,N,0,2,29,NORMAL,LABRADOR RETR,BROWN
04/21/2011,OWNER SUR,OTC,DOG,S,0,2,29,NORMAL,LABRADOR RETR,BLACK
04/21/2011,OWNER SUR,OTC,DOG,S,0,2,29,NORMAL,LABRADOR RETR,BLACK
04/21/2011,STRAY,OTC,DOG,S,0,2,0,NORMAL,LABRADOR RETR,BLACK
04/21/2011,STRAY,OTC,DOG,N,0,2,1,NORMAL,AUST SHEPHERD,BLACK
04/21/2011,OWNER SUR,RETURN,DOG,N,0,3,14,NORMAL,CATAHOULA,BRN MERLE
04/21/2011,PUBLIC AST,QUARANTINE,DOG,S,0,3,18,NORMAL,PIT BULL,BLUE
04/21/2011,OWNER SUR,OTC,DOG,N,0,3,27,SICK,LABRADOR RETR,TAN
04/21/2011,OWNER SUR,FIELD,DOG,S,0,3,29,NORMAL,PIT BULL,BLUE
04/21/2011,STRAY,OTC,DOG,M,0,5,0,NORMAL,PIT BULL,RED
04/21/2011,STRAY,OTC,CAT,S,0,5,0,NORMAL,DOMESTIC SH,BLUE
04/21/2011,STRAY,FIELD,DOG,S,0,6,14,NORMAL,STAFFORDSHIRE,BR BRINDLE
04/21/2011,STRAY,FIELD,DOG,S,0,6,0,NORMAL,PIT BULL,BR BRINDLE
04/21/2011,STRAY,FIELD,DOG,M,0,6,0,NORMAL,PIT BULL,WHITE
04/21/2011,STRAY,OTC,DOG,S,0,6,0,NORMAL,AUST CATTLE DOG,BLUE TICK
04/21/2011,STRAY,OTC,DOG,N,0,6,0,NORMAL,LABRADOR RETR,BLACK
04/21/2011,STRAY,OTC,CAT,S,1,7,24,NORMAL,DOMESTIC SH,WHITE
04/21/2011,STRAY,FIELD,DOG,N,1,6,23,NORMAL,BOXER,CREAM
04/21/2011,STRAY,OTC,DOG,S,2,0,0,NORMAL,AUST SHEPHERD,BLACK
04/21/2011,STRAY,OTC,DOG,N,2,6,0,NORMAL,BORDER TERRIER,WHITE
04/21/2011,STRAY,FIELD,DOG,F,4,0,26,NORMAL,BOXER,BR BRINDLE
04/21/2011,PUBLIC AST,QUARANTINE,CAT,S,3,0,0,NORMAL,DOMESTIC SH,BRN TABBY
04/21/2011,OWNER SUR,OTC,CAT,N,3,0,0,NORMAL,MANX,BLACK
04/21/2011,OWNER SUR,OTC,DOG,N,4,0,1,SICK,PIT BULL,WHITE
04/21/2011,STRAY,OTC,DOG,F,4,0,1,NORMAL,LABRADOR RETR,BLACK
04/21/2011,STRAY,FIELD,DOG,N,5,1,26,NORMAL,BOXER,BROWN
04/21/2011,STRAY,OTC,DOG,S,10,0,24,NORMAL,LABRADOR RETR,BLACK
04/22/2011,STRAY,OTC,CAT,N,0,0,7,NURSING,DOMESTIC SH,BLUE
04/22/2011,STRAY,OTC,CAT,N,0,0,7,NURSING,DOMESTIC SH,BLACK
04/22/2011,STRAY,OTC,CAT,S,0,0,7,NURSING,DOMESTIC SH,BLUE
04/22/2011,STRAY,OTC,CAT,S,0,0,7,NURSING,DOMESTIC SH,BLACK
04/22/2011,STRAY,OTC,CAT,N,0,0,8,NORMAL,DOMESTIC SH,BLACK
04/22/2011,STRAY,OTC,CAT,S,0,1,22,NORMAL,DOMESTIC SH,BLUE
04/22/2011,STRAY,OTC,CAT,F,0,1,22,NORMAL,DOMESTIC SH,TORTIE
04/22/2011,STRAY,OTC,CAT,F,0,1,22,NORMAL,DOMESTIC SH,BLUE PT
04/22/2011,STRAY,OTC,CAT,F,0,1,22,NORMAL,DOMESTIC LH,BLUE PT
04/22/2011,STRAY,OTC,CAT,N,0,1,22,NORMAL,SIAMESE,LYNX PT
04/22/2011,STRAY,OTC,CAT,N,0,1,22,NORMAL,DOMESTIC SH,WHITE
04/22/2011,OWNER SUR,FIELD,DOG,S,0,3,29,NORMAL,LABRADOR RETR,WHITE
04/22/2011,STRAY,OTC,CAT,S,0,4,17,NORMAL,DOMESTIC MH,BRN TABBY
04/22/2011,STRAY,OTC,DOG,F,0,5,26,NORMAL,BOXER,RED
04/22/2011,STRAY,OTC,DOG,S,0,5,10,NORMAL,BASENJI,BROWN
04/22/2011,STRAY,FIELD,DOG,N,0,6,0,SICK,LABRADOR RETR,BLACK
04/22/2011,STRAY,FIELD,DOG,N,1,8,26,NORMAL,WEST HIGHLAND,WHITE
04/22/2011,OWNER SUR,FIELD,DOG,N,1,9,0,NORMAL,CHIHUAHUA SH,BLACK
04/22/2011,OWNER SUR,FIELD,DOG,N,1,9,0,NORMAL,CHIHUAHUA SH,TRICOLOR
04/22/2011,STRAY,FIELD,DOG,N,1,9,0,NORMAL,LABRADOR RETR,WHITE
04/22/2011,STRAY,OTC,DOG,N,1,8,0,NORMAL,RAT TERRIER,WHITE
04/22/2011,PUBLIC AST,QUARANTINE,DOG,N,1,8,0,NORMAL,PIT BULL,BLACK
04/22/2011,STRAY,FIELD,DOG,N,1,10,25,NORMAL,LABRADOR RETR,RED
04/22/2011,EUTH REQ,OTC OWNED,DOG,M,1,0,0,SICK,LABRADOR RETR,BLACK
04/22/2011,STRAY,FIELD,DOG,S,1,6,26,NORMAL,CHIHUAHUA SH,FAWN
04/22/2011,OWNER SUR,OTC,DOG,N,1,6,0,NORMAL,LABRADOR RETR,BLACK
04/22/2011,PUBLIC AST,QUARANTINE,DOG,M,2,8,28,NORMAL,AKITA,BROWN
04/22/2011,OWNER SUR,FIELD,DOG,S,3,0,0,NORMAL,JACK RUSS TERR,WHITE
04/22/2011,STRAY,OTC,DOG,N,2,0,0,NORMAL,LABRADOR RETR,BLACK
04/22/2011,STRAY,FIELD,DOG,F,2,0,0,NORMAL,PIT BULL,WHITE
04/22/2011,OWNER SUR,OTC,CAT,S,3,0,0,NORMAL,DOMESTIC MH,ORG TABBY
04/22/2011,OWNER SUR,FIELD,DOG,N,5,0,0,NORMAL,PIT BULL,BROWN
04/22/2011,OWNER SUR,OTC,CAT,S,5,0,1,NORMAL,DOMESTIC SH,BLUE TABBY
04/22/2011,PUBLIC AST,QUARANTINE,DOG,N,5,3,9,NORMAL,DACHSHUND,RED
04/22/2011,OWNER SUR,OTC,CAT,N,6,8,17,NORMAL,DOMESTIC SH,BLACK
04/22/2011,OWNER SUR,OTC,CAT,S,6,0,1,NORMAL,DOMESTIC MH,TORTIE
04/22/2011,PUBLIC AST,QUARANTINE,DOG,N,7,0,1,NORMAL,PIT BULL,RED
04/22/2011,OWNER SUR,OTC,CAT,N,8,0,2,NORMAL,DOMESTIC SH,BLUE
04/22/2011,OWNER SUR,OTC,CAT,N,11,0,27,NORMAL,DOMESTIC LH,BLUE
04/22/2011,STRAY,OTC,DOG,N,11,0,27,NORMAL,GERM SHEPHERD,TAN
04/23/2011,STRAY,OTC,CAT,N,0,0,7,NURSING,DOMESTIC SH,ORANGE
04/23/2011,STRAY,OTC,CAT,S,0,0,7,NURSING,DOMESTIC SH,WHITE
04/23/2011,STRAY,OTC,CAT,M,0,0,7,NURSING,DOMESTIC SH,WHITE
04/23/2011,STRAY,OTC,CAT,S,0,1,22,NORMAL,DOMESTIC SH,BRN TABBY
04/23/2011,STRAY,OTC,CAT,S,0,1,22,NORMAL,DOMESTIC SH,TORTIE
04/23/2011,STRAY,OTC,CAT,N,0,1,22,NORMAL,DOMESTIC SH,BLACK
04/23/2011,STRAY,OTC,CAT,N,0,1,25,NORMAL,DOMESTIC SH,BLUE TABBY
04/23/2011,STRAY,OTC,CAT,M,0,1,1,NORMAL,DOMESTIC SH,BLACK
04/23/2011,STRAY,OTC,CAT,F,0,1,1,NORMAL,DOMESTIC SH,BLACK
04/23/2011,STRAY,OTC,CAT,S,0,1,1,NORMAL,DOMESTIC SH,ORG TABBY
04/23/2011,STRAY,OTC,CAT,S,0,1,1,NORMAL,DOMESTIC SH,ORG TABBY
04/23/2011,STRAY,OTC,CAT,S,0,1,1,NORMAL,DOMESTIC SH,TORTIE
04/23/2011,BORN IN,NO SUBTYPE,DOG,N,0,1,7,NURSING,BOXER,BLACK
04/23/2011,BORN IN,NO SUBTYPE,DOG,S,0,1,7,NURSING,BOXER,BR BRINDLE
04/23/2011,BORN IN,NO SUBTYPE,DOG,S,0,1,7,NURSING,BOXER,BLACK
04/23/2011,BORN IN,NO SUBTYPE,DOG,N,0,1,7,NURSING,BOXER,BLACK
04/23/2011,BORN IN,NO SUBTYPE,DOG,N,0,1,7,NURSING,BOXER,BLACK
04/23/2011,BORN IN,NO SUBTYPE,DOG,N,0,1,7,NURSING,BOXER,BLACK
04/23/2011,OWNER SUR,OTC,CAT,S,0,1,8,NORMAL,DOMESTIC SH,TORTIE
04/23/2011,OWNER SUR,OTC,CAT,M,0,1,8,NORMAL,DOMESTIC SH,BLACK
04/23/2011,OWNER SUR,OTC,CAT,M,0,1,8,NORMAL,DOMESTIC SH,BLACK
04/23/2011,STRAY,OTC,CAT,S,0,2,16,NORMAL,DOMESTIC SH,TORTIE
04/23/2011,STRAY,FIELD,DOG,N,0,2,23,NORMAL,PLOTT HOUND,BR BRINDLE
04/23/2011,PUBLIC AST,QUARANTINE,DOG,F,0,2,10,NORMAL,CHIHUAHUA SH,BLACK
04/23/2011,OWNER SUR,OTC,CAT,N,0,3,29,NORMAL,DOMESTIC SH,BLACK
04/23/2011,OWNER SUR,OTC,CAT,S,0,3,29,NORMAL,DOMESTIC SH,BRN TABBY
04/23/2011,OWNER SUR,OTC,CAT,N,0,3,29,NORMAL,DOMESTIC SH,BRN TABBY
04/23/2011,OWNER SUR,OTC,CAT,N,0,3,29,NORMAL,DOMESTIC SH,BRN TABBY
04/23/2011,STRAY,FIELD,DOG,F,0,5,0,INJURED,CATAHOULA,TRICOLOR
04/23/2011,STRAY,FIELD,DOG,F,0,6,0,NORMAL,GERM SHEPHERD,BLACK
04/23/2011,STRAY,FIELD,DOG,S,1,7,27,NORMAL,GERMAN PINSCHER,RED
04/23/2011,OWNER SUR,OTC,CAT,F,1,10,23,PREGNANT,DOMESTIC SH,BLUE
04/23/2011,STRAY,OTC,DOG,S,1,10,1,NORMAL,PUG,TAN
04/23/2011,STRAY,OTC,DOG,N,1,10,1,NORMAL,BEAGLE,TRICOLOR
04/23/2011,STRAY,OTC,CAT,N,1,0,0,NORMAL,DOMESTIC SH,BRN TABBY
04/23/2011,STRAY,OTC,DOG,N,1,0,0,NORMAL,AMER ESKIMO,WHITE
04/23/2011,STRAY,EMERG CLC,DOG,N,1,0,0,NORMAL,POODLE MIN,CREAM
04/23/2011,STRAY,EMERG CLC,DOG,S,1,0,0,NORMAL,POODLE MIN,CREAM
04/23/2011,STRAY,FIELD,DOG,S,1,6,25,NORMAL,DACHSHUND WH,TAN
04/23/2011,OWNER SUR,OTC,CAT,S,1,6,0,NORMAL,DOMESTIC SH,BRN TABBY
04/23/2011,STRAY,OTC,DOG,F,2,0,0,NORMAL,LABRADOR RETR,YELLOW
04/23/2011,STRAY,OTC,DOG,N,2,0,0,NORMAL,PIT BULL,BUFF
04/23/2011,PUBLIC AST,QUARANTINE,DOG,N,2,0,0,NORMAL,PIT BULL,BLUE
04/23/2011,STRAY,OTC,DOG,S,3,0,0,NORMAL,CHIHUAHUA SH,BLACK
04/23/2011,STRAY,OTC,DOG,F,3,0,0,INJURED,PIT BULL,CHOCOLATE
04/23/2011,STRAY,OTC,DOG,S,3,0,0,NORMAL,AUST CATTLE DOG,BLUE MERLE
04/23/2011,STRAY,OTC,DOG,N,4,0,1,NORMAL,GREAT DANE,BLACK
04/23/2011,STRAY,OTC,CAT,N,5,0,1,NORMAL,DOMESTIC SH,ORG TABBY
04/23/2011,PUBLIC AST,QUARANTINE,DOG,N,5,1,5,NORMAL,GERM SHEPHERD,BLACK
04/23/2011,OWNER SUR,OTC,DOG,N,6,0,1,NORMAL,LABRADOR RETR,GOLD
04/23/2011,OWNER SUR,OTC,DOG,N,6,0,1,NORMAL,BORDER COLLIE,WHITE
04/23/2011,OWNER SUR,OTC,DOG,N,6,0,1,NORMAL,WELSH CORGI PEM,TAN
04/23/2011,OWNER SUR,OTC,DOG,S,6,0,1,NORMAL,CHIHUAHUA SH,TAN
04/23/2011,STRAY,OTC,DOG,S,6,0,1,NORMAL,LABRADOR RETR,BLACK
04/23/2011,STRAY,FIELD,DOG,M,7,0,1,NORMAL,GERM SHEPHERD,WHITE
04/23/2011,PUBLIC AST,OWNER DIED,CAT,S,8,0,2,NORMAL,DOMESTIC SH,CALICO PT
04/23/2011,OWNER SUR,OTC,CAT,S,11,0,14,OTHER,DOMESTIC SH,BLACK
04/23/2011,STRAY,OTC,DOG,N,10,0,2,NORMAL,JACK RUSS TERR,RED
04/23/2011,STRAY,FIELD,DOG,S,11,10,23,INJURED,DALMATIAN,WHITE
04/24/2011,STRAY,OTC,CAT,U,0,0,3,INJURED,DOMESTIC SH,BLACK
04/24/2011,STRAY,OTC,CAT,S,0,0,3,INJURED,DOMESTIC SH,BRN TABBY
04/24/2011,STRAY,OTC,CAT,U,0,0,3,INJURED,DOMESTIC SH,BRN TABBY
04/24/2011,STRAY,OTC,CAT,U,0,0,3,INJURED,DOMESTIC SH,BRN TABBY
04/24/2011,STRAY,OTC,CAT,S,0,1,15,NURSING,DOMESTIC SH,BLACK
04/24/2011,STRAY,OTC,CAT,S,0,1,15,NURSING,DOMESTIC SH,BLACK
04/24/2011,STRAY,OTC,CAT,N,0,1,15,NURSING,DOMESTIC SH,BLACK
04/24/2011,STRAY,OTC,CAT,N,0,1,15,NURSING,DOMESTIC SH,BLACK
04/24/2011,STRAY,OTC,CAT,N,0,1,15,NURSING,DOMESTIC SH,BLACK
04/24/2011,STRAY,OTC,CAT,S,0,1,15,NURSING,DOMESTIC SH,BLACK
04/24/2011,STRAY,OTC,CAT,S,0,1,6,NORMAL,DOMESTIC SH,BLUE TABBY
04/24/2011,STRAY,OTC,CAT,S,0,1,6,NORMAL,DOMESTIC SH,BLUE TABBY
04/24/2011,STRAY,OTC,CAT,S,0,1,8,NORMAL,DOMESTIC SH,ORG TABBY
04/24/2011,STRAY,OTC,CAT,N,0,1,8,NORMAL,DOMESTIC SH,ORG TABBY
04/24/2011,STRAY,OTC,CAT,N,0,2,15,NORMAL,DOMESTIC SH,BLUE TABBY
04/24/2011,STRAY,OTC,DOG,N,0,2,16,NORMAL,AUST CATTLE DOG,BLUE MERLE
04/24/2011,STRAY,OTC,CAT,N,0,2,28,NORMAL,DOMESTIC SH,BLUE
04/24/2011,STRAY,OTC,CAT,N,0,2,28,NORMAL,DOMESTIC SH,BLUE
04/24/2011,STRAY,OTC,DOG,N,0,4,14,NORMAL,AUST SHEPHERD,BLUE MERLE
04/24/2011,STRAY,FIELD,DOG,N,1,1,23,NORMAL,ROTTWEILER,BLACK
04/24/2011,STRAY,FIELD,DOG,S,1,2,12,NORMAL,DOBERMAN PINSCH,BLACK
04/24/2011,STRAY,OTC,CAT,M,2,0,0,NORMAL,DOMESTIC SH,BLACK
04/24/2011,OWNER SUR,OTC,CAT,N,2,0,0,SICK,DOMESTIC SH,ORG TABBY
04/24/2011,STRAY,FIELD,DOG,M,2,0,0,INJURED,LABRADOR RETR,BROWN
04/24/2011,STRAY,FIELD,DOG,F,2,0,0,NORMAL,PIT BULL,BLUE
04/24/2011,STRAY,EMERG CLC,DOG,S,2,0,0,INJURED,GERM SHEPHERD,RED
04/24/2011,OWNER SUR,OTC,DOG,N,3,0,6,NORMAL,AUST CATTLE DOG,BLUE MERLE
04/24/2011,OWNER SUR,OTC,DOG,N,3,2,22,NORMAL,PIT BULL,WHITE
04/24/2011,STRAY,FIELD,DOG,S,6,0,1,NORMAL,POODLE MIN,WHITE
04/24/2011,STRAY,FIELD,DOG,F,8,0,2,INJURED,BULLMASTIFF,BL BRINDLE
04/24/2011,STRAY,FIELD,DOG,F,9,0,1,INJURED,PIT BULL,BLACK
04/25/2011,STRAY,OTC,CAT,U,0,0,3,NURSING,DOMESTIC SH,BLACK
04/25/2011,STRAY,OTC,CAT,U,0,0,3,NURSING,DOMESTIC SH,BLACK
04/25/2011,STRAY,OTC,CAT,N,0,0,7,NURSING,DOMESTIC SH,BLUE
04/25/2011,STRAY,OTC,CAT,S,0,0,7,NURSING,DOMESTIC SH,BLUE
04/25/2011,STRAY,OTC,CAT,S,0,0,7,NURSING,DOMESTIC SH,BLUE
04/25/2011,STRAY,OTC,CAT,S,0,0,14,NURSING,DOMESTIC SH,BLUE
04/25/2011,STRAY,OTC,CAT,F,0,0,14,NURSING,DOMESTIC SH,BLUE
04/25/2011,STRAY,OTC,CAT,S,0,0,14,NURSING,DOMESTIC SH,BLUE
04/25/2011,STRAY,OTC,CAT,N,0,0,14,NURSING,DOMESTIC SH,BLUE
04/25/2011,STRAY,OTC,CAT,M,0,0,14,NURSING,DOMESTIC SH,BLUE
04/25/2011,STRAY,OTC,CAT,N,0,1,15,NURSING,DOMESTIC SH,ORANGE
04/25/2011,STRAY,OTC,CAT,N,0,1,15,NURSING,DOMESTIC SH,ORANGE
04/25/2011,STRAY,OTC,CAT,S,0,1,15,NURSING,DOMESTIC SH,BLACK
04/25/2011,STRAY,OTC,CAT,S,0,1,16,NORMAL,DOMESTIC MH,TORBIE
04/25/2011,STRAY,OTC,CAT,F,0,1,1,NORMAL,HIMALAYAN,SEAL PT
04/25/2011,STRAY,OTC,CAT,S,0,2,25,NORMAL,DOMESTIC SH,BRN TABBY
04/25/2011,STRAY,OTC,CAT,N,0,2,25,NORMAL,DOMESTIC SH,BRN TABBY
04/25/2011,STRAY,OTC,CAT,N,0,2,29,NORMAL,DOMESTIC SH,BRN TABBY
04/25/2011,STRAY,OTC,CAT,S,0,2,29,NORMAL,DOMESTIC SH,BRN TABBY
04/25/2011,STRAY,OTC,CAT,N,0,2,29,NORMAL,DOMESTIC SH,WHITE
04/25/2011,STRAY,OTC,DOG,S,0,2,13,NORMAL,SCHNAUZER STAND,TRICOLOR
04/25/2011,STRAY,OTC,DOG,S,0,2,13,NORMAL,SCHNAUZER STAND,BLACK
04/25/2011,STRAY,OTC,DOG,N,0,2,13,NORMAL,SCHNAUZER STAND,WHITE
04/25/2011,OWNER SUR,OTC,DOG,S,0,6,0,NORMAL,POINTER,WHITE
04/25/2011,OWNER SUR,OTC,DOG,N,0,6,0,NORMAL,POINTER,WHITE
04/25/2011,PUBLIC AST,QUARANTINE,CAT,N,1,8,0,NORMAL,DOMESTIC SH,BRN TABBY
04/25/2011,STRAY,FIELD,DOG,N,1,9,1,NORMAL,BOXER,WHITE
04/25/2011,STRAY,OTC,DOG,N,1,0,0,NORMAL,CHIHUAHUA SH,WHITE
04/25/2011,OWNER SUR,OTC,DOG,S,1,0,0,NORMAL,CHIHUAHUA SH,CHOCOLATE
04/25/2011,OWNER SUR,OTC,DOG,M,1,0,0,SICK,MALTESE,WHITE
04/25/2011,STRAY,OTC,CAT,N,1,0,0,NORMAL,DOMESTIC SH,BLACK
04/25/2011,STRAY,EMERG CLC,DOG,F,1,6,26,INJURED,CHIHUAHUA SH,TAN
04/25/2011,STRAY,OTC,CAT,S,1,6,0,NORMAL,DOMESTIC SH,BLACK
04/25/2011,STRAY,FIELD,DOG,N,2,9,7,NORMAL,POINTER,BLACK
04/25/2011,OWNER SUR,OTC,DOG,S,3,0,22,NORMAL,LABRADOR RETR,BLACK
04/25/2011,STRAY,OTC,CAT,S,3,0,26,NORMAL,ANGORA,WHITE
04/25/2011,STRAY,OTC,DOG,N,2,0,0,NORMAL,BOXER,BR BRINDLE
04/25/2011,OWNER SUR,OTC,DOG,N,2,0,0,SICK,BOXER,BLACK
04/25/2011,STRAY,OTC,CAT,S,2,0,0,SICK,DOMESTIC SH,BRN TABBY
04/25/2011,STRAY,OTC,CAT,N,2,6,25,NORMAL,DOMESTIC SH,BLACK
04/25/2011,STRAY,FIELD,DOG,S,3,7,2,NORMAL,PIT BULL,WHITE
04/25/2011,OWNER SUR,QUARANTINE,CAT,N,3,0,0,NORMAL,SIAMESE,LYNX PT
04/25/2011,OWNER SUR,OTC,DOG,S,3,0,0,NORMAL,CHIHUAHUA SH,RED
04/25/2011,OWNER SUR,OTC,DOG,N,3,0,0,NORMAL,CHIHUAHUA SH,TRICOLOR
04/25/2011,STRAY,OTC,DOG,S,3,0,0,NORMAL,SCHNAUZER MIN,BLACK
04/25/2011,OWNER SUR,OTC,DOG,S,5,0,26,SICK,AM PIT BULL TER,WHITE
04/25/2011,STRAY,OTC,DOG,S,4,0,1,NORMAL,LHASA APSO,BLACK
04/25/2011,OWNER SUR,RETURN,DOG,N,4,1,22,NORMAL,CATAHOULA,BLACK
04/25/2011,STRAY,OTC,DOG,N,6,0,26,NORMAL,SCHNAUZER MIN,BLACK
04/25/2011,STRAY,FIELD,DOG,N,6,0,28,NORMAL,CHIHUAHUA SH,BROWN
04/25/2011,STRAY,OTC,DOG,S,5,0,1,NORMAL,CAVALIER SPAN,RED
04/25/2011,STRAY,OTC,DOG,F,5,0,1,NORMAL,GERM SHEPHERD,TAN
04/25/2011,STRAY,FIELD,DOG,S,5,5,25,NORMAL,PIT BULL,BLACK
04/25/2011,STRAY,OTC,DOG,N,7,0,1,NORMAL,CHIHUAHUA SH,WHITE
04/25/2011,PUBLIC AST,QUARANTINE,DOG,S,8,8,9,NORMAL,DACHSHUND,BLACK
04/25/2011,OWNER SUR,OTC,CAT,S,9,0,2,NORMAL,DOMESTIC SH,BRN TABBY
04/25/2011,OWNER SUR,OTC,CAT,S,10,0,2,NORMAL,DOMESTIC SH,BRN TABBY
04/25/2011,OWNER SUR,OTC,CAT,S,10,0,2,NORMAL,MAINE COON,BRN TABBY
04/25/2011,STRAY,OTC,DOG,S,13,0,27,NORMAL,SCHNAUZER MIN,WHITE
04/25/2011,STRAY,OTC,CAT,S,13,0,3,NORMAL,DOMESTIC SH,BRN TABBY
04/26/2011,STRAY,OTC,CAT,S,0,1,15,NURSING,DOMESTIC SH,CREAM
04/26/2011,STRAY,OTC,CAT,N,0,1,15,NURSING,DOMESTIC SH,BRN TABBY
04/26/2011,STRAY,OTC,CAT,S,0,1,15,NURSING,DOMESTIC SH,BLUE CREAM
04/26/2011,STRAY,OTC,CAT,S,0,1,15,NURSING,DOMESTIC SH,BRN TABBY
04/26/2011,OWNER SUR,OTC,CAT,N,0,1,22,NORMAL,DOMESTIC SH,BLACK
04/26/2011,OWNER SUR,OTC,CAT,N,0,1,10,NORMAL,DOMESTIC SH,ORG TABBY
04/26/2011,OWNER SUR,OTC,CAT,N,0,1,10,NORMAL,DOMESTIC SH,CRM TABBY
04/26/2011,OWNER SUR,OTC,CAT,S,0,1,10,NORMAL,DOMESTIC SH,BRN TABBY
04/26/2011,OWNER SUR,OTC,CAT,S,0,1,10,NORMAL,DOMESTIC SH,TORBIE
04/26/2011,OWNER SUR,OTC,CAT,S,0,1,10,NORMAL,DOMESTIC SH,BLUE TABBY
04/26/2011,OWNER SUR,OTC,CAT,N,0,2,15,NORMAL,DOMESTIC SH,BLACK
04/26/2011,OWNER SUR,OTC,CAT,N,0,2,15,NORMAL,DOMESTIC SH,BLACK
04/26/2011,OWNER SUR,OTC,DOG,S,0,2,16,NORMAL,DALMATIAN,WHITE
04/26/2011,OWNER SUR,OTC,DOG,S,0,2,16,NORMAL,GR SWISS MTN,TRICOLOR
04/26/2011,OWNER SUR,OTC,DOG,S,0,2,23,NORMAL,LABRADOR RETR,CREAM
04/26/2011,OWNER SUR,OTC,CAT,S,0,2,24,NORMAL,DOMESTIC SH,BLACK
04/26/2011,STRAY,OTC,DOG,S,0,2,25,NORMAL,AUST SHEPHERD,BRN MERLE
04/26/2011,STRAY,OTC,DOG,S,0,2,26,NORMAL,LABRADOR RETR,BLACK
04/26/2011,STRAY,OTC,CAT,N,0,2,26,NORMAL,DOMESTIC SH,BRN TABBY
04/26/2011,STRAY,OTC,DOG,N,0,2,29,NORMAL,LABRADOR RETR,BLACK
04/26/2011,STRAY,OTC,DOG,N,0,2,29,NORMAL,LABRADOR RETR,BLACK
04/26/2011,STRAY,FIELD,DOG,S,0,5,0,NORMAL,CHIHUAHUA LH,TAN
04/26/2011,STRAY,OTC,DOG,N,0,5,15,NORMAL,BULL TERRIER,WHITE
04/26/2011,STRAY,OTC,DOG,S,0,5,26,NORMAL,POINTER,WHITE
04/26/2011,STRAY,OTC,DOG,S,0,5,26,NORMAL,DOBERMAN PINSCH,CHOCOLATE
04/26/2011,STRAY,OTC,DOG,S,1,6,1,NORMAL,GERM SHEPHERD,BLACK
04/26/2011,PUBLIC AST,OIJ,DOG,F,1,8,0,NORMAL,BOXER,BR BRINDLE
04/26/2011,STRAY,FIELD,DOG,N,1,8,0,NORMAL,PIT BULL,WHITE
04/26/2011,OWNER SUR,OTC,CAT,S,1,8,28,NORMAL,DOMESTIC SH,BLACK
04/26/2011,STRAY,FIELD,DOG,S,1,9,1,NORMAL,BEAGLE,TAN
04/26/2011,OWNER SUR,OTC,DOG,S,1,10,29,NORMAL,PIT BULL,BLUE
04/26/2011,STRAY,OTC,DOG,N,2,0,26,NORMAL,FOX TERR WIRE,TAN
04/26/2011,STRAY,OTC,CAT,S,1,0,0,PREGNANT,DOMESTIC MH,CALICO
04/26/2011,STRAY,OTC,DOG,N,1,0,0,NORMAL,FOX TERR WIRE,TAN
04/26/2011,STRAY,OTC,DOG,S,1,2,23,NORMAL,CHIHUAHUA SH,BR BRINDLE
04/26/2011,STRAY,FIELD,DOG,N,2,7,26,NORMAL,PIT BULL,TRICOLOR
04/26/2011,OWNER SUR,OTC,DOG,S,2,0,0,NORMAL,DACHSHUND,BLACK
04/26/2011,STRAY,OTC,DOG,F,2,0,0,NORMAL,PIT BULL,TAN
04/26/2011,STRAY,OTC,DOG,F,2,1,27,NORMAL,RAT TERRIER,TRICOLOR
04/26/2011,STRAY,OTC,DOG,N,2,6,0,NORMAL,LABRADOR RETR,BUFF
04/26/2011,STRAY,OTC,DOG,N,3,11,19,NORMAL,POODLE MIN,WHITE
04/26/2011,STRAY,OTC,CAT,S,4,0,27,NORMAL,DOMESTIC SH,BRN TABBY
04/26/2011,OWNER SUR,OTC,DOG,N,3,0,0,NORMAL,PIT BULL,TAN
04/26/2011,STRAY,OTC,CAT,N,3,0,0,NORMAL,DOMESTIC SH,ORG TABBY
04/26/2011,STRAY,OTC,DOG,S,4,8,16,NORMAL,MASTIFF,BL BRINDLE
04/26/2011,OWNER SUR,RETURN,DOG,S,4,0,13,NORMAL,DACHSHUND,BROWN
04/26/2011,OWNER SUR,OTC,DOG,N,4,1,20,NORMAL,CHIHUAHUA SH,TAN
04/26/2011,STRAY,OTC,DOG,N,5,0,1,NORMAL,COCKER SPAN,WHITE
04/26/2011,OWNER SUR,OTC,DOG,S,5,0,12,NORMAL,YORKSHIRE TERR,SILVER
04/26/2011,OWNER SUR,OTC,DOG,S,5,0,12,NORMAL,YORKSHIRE TERR,GOLD
04/26/2011,STRAY,OTC,CAT,N,6,0,1,NORMAL,DOMESTIC SH,CRM TABBY
04/26/2011,STRAY,OTC,DOG,N,6,2,2,NORMAL,GOLDEN RETR,GOLD
04/26/2011,STRAY,OTC,DOG,S,7,7,29,NORMAL,CHIHUAHUA SH,TRICOLOR
04/26/2011,OWNER SUR,OTC,CAT,S,7,11,14,NORMAL,MAINE COON,BLACK
04/26/2011,OWNER SUR,OTC,CAT,S,7,0,1,SICK,DOMESTIC SH,TORBIE
04/26/2011,STRAY,FIELD,DOG,N,8,0,1,NORMAL,AUST SHEPHERD,TRICOLOR
04/26/2011,OWNER SUR,OTC,DOG,M,13,0,3,AGED,CANE CORSO,BLACK
04/27/2011,STRAY,FIELD,CAT,U,0,0,3,SICK,DOMESTIC SH,WHITE
04/27/2011,STRAY,OTC,CAT,S,0,1,1,INJURED,DOMESTIC SH,TORBIE
04/27/2011,OWNER SUR,OTC,CAT,N,0,1,1,SICK,DOMESTIC SH,BLACK
04/27/2011,OWNER SUR,OTC,CAT,N,0,1,1,SICK,DOMESTIC SH,BRN TABBY
04/27/2011,OWNER SUR,OTC,CAT,N,0,1,1,SICK,DOMESTIC SH,BLACK
04/27/2011,OWNER SUR,OTC,CAT,S,0,1,1,SICK,DOMESTIC SH,BLACK
04/27/2011,OWNER SUR,OTC,CAT,S,0,1,1,SICK,DOMESTIC SH,BRN TABBY
04/27/2011,STRAY,FIELD,CAT,N,0,1,12,NORMAL,DOMESTIC SH,ORG TABBY
04/27/2011,STRAY,FIELD,CAT,N,0,1,12,NORMAL,DOMESTIC SH,ORG TABBY
04/27/2011,STRAY,OTC,DOG,S,0,2,10,NORMAL,AUST CATTLE DOG,WHITE
04/27/2011,STRAY,FIELD,DOG,N,0,2,13,NORMAL,AUST CATTLE DOG,BLACK
04/27/2011,STRAY,FIELD,DOG,S,0,3,18,NORMAL,BORDER TERRIER,TRICOLOR
04/27/2011,STRAY,FIELD,DOG,S,0,3,18,NORMAL,BLUE LACY,BLUE
04/27/2011,STRAY,FIELD,DOG,S,0,3,18,NORMAL,BORDER TERRIER,BLUE
04/27/2011,STRAY,OTC,DOG,N,0,3,20,NORMAL,RAT TERRIER,WHITE
04/27/2011,PUBLIC AST,INVESTIGAT,DOG,M,0,3,28,SICK,SIBERIAN HUSKY,TAN
04/27/2011,OWNER SUR,OTC,DOG,M,0,5,15,SICK,CHIHUAHUA SH,BROWN
04/27/2011,OWNER SUR,OTC,DOG,N,0,5,15,SICK,CHIHUAHUA SH,BROWN
04/27/2011,OWNER SUR,OTC,DOG,M,0,5,15,SICK,CHIHUAHUA SH,BROWN
04/27/2011,STRAY,OTC,CAT,S,1,7,23,NORMAL,DOMESTIC SH,TORTIE
04/27/2011,STRAY,FIELD,DOG,M,1,10,1,NORMAL,BORDER COLLIE,CHOCOLATE
04/27/2011,STRAY,FIELD,DOG,S,1,10,1,NORMAL,AUST SHEPHERD,BLACK
04/27/2011,STRAY,OTC,DOG,N,2,0,26,NORMAL,JACK RUSS TERR,WHITE
04/27/2011,OWNER SUR,OTC,CAT,S,2,0,0,NORMAL,DOMESTIC SH,TORTIE
04/27/2011,PUBLIC AST,QUARANTINE,DOG,N,1,0,0,NORMAL,ENG SPRNGR SPAN,LIVER
04/27/2011,STRAY,FIELD,DOG,S,1,0,0,NORMAL,DACHSHUND,WHITE
04/27/2011,OWNER SUR,OTC,CAT,S,1,0,0,NORMAL,DOMESTIC SH,TORTIE
04/27/2011,STRAY,FIELD,DOG,S,1,5,26,NORMAL,AUST CATTLE DOG,BLUE TICK
04/27/2011,STRAY,FIELD,CAT,M,1,6,0,INJURED,DOMESTIC SH,BLACK
04/27/2011,STRAY,OTC,DOG,F,1,6,0,NORMAL,LABRADOR RETR,YELLOW
04/27/2011,STRAY,OTC,CAT,S,1,6,0,NORMAL,DOMESTIC SH,BLUE TABBY
04/27/2011,STRAY,FIELD,DOG,S,3,0,27,NORMAL,BORDER TERRIER,BLUE
04/27/2011,OWNER SUR,OTC,DOG,N,2,0,0,SICK,CHIHUAHUA SH,BROWN
04/27/2011,STRAY,OTC,CAT,S,2,0,0,NORMAL,DOMESTIC SH,BLACK
04/27/2011,STRAY,FIELD,DOG,M,2,0,0,NORMAL,SIBERIAN HUSKY,BLACK
04/27/2011,STRAY,FIELD,DOG,N,2,2,10,NORMAL,CHIHUAHUA SH,WHITE
04/27/2011,STRAY,OTC,CAT,S,5,0,25,NORMAL,SIAMESE,TORTIE PT
04/27/2011,STRAY,FIELD,DOG,M,4,0,1,INJURED,PIT BULL,TAN
04/27/2011,OWNER SUR,OTC,CAT,S,5,0,1,NORMAL,DOMESTIC SH,TORBIE
04/27/2011,OWNER SUR,OTC,CAT,S,6,0,1,NORMAL,DOMESTIC LH,BLACK
04/27/2011,OWNER SUR,OTC,CAT,S,6,0,1,NORMAL,SIAMESE,LILAC PT
04/27/2011,STRAY,OTC,DOG,M,7,0,1,NORMAL,BEAGLE,BLACK
04/27/2011,OWNER SUR,RETURN,CAT,S,7,2,28,NORMAL,CYMRIC,BLUE CREAM
04/27/2011,STRAY,OTC,CAT,S,9,0,29,NORMAL,DOMESTIC SH,BLACK
04/27/2011,OWNER SUR,OTC,DOG,N,8,0,2,NORMAL,POODLE MIN,CREAM
04/27/2011,STRAY,OTC,DOG,N,8,0,2,OTHER,YORKSHIRE TERR,RED
04/27/2011,OWNER SUR,OTC,DOG,N,10,0,29,NORMAL,ROTTWEILER,BLACK
04/27/2011,STRAY,FIELD,DOG,S,10,0,2,NORMAL,CHIHUAHUA LH,BLACK
04/27/2011,STRAY,FIELD,CAT,F,10,0,2,INJURED,DOMESTIC SH,WHITE
04/27/2011,STRAY,OTC,DOG,F,10,0,2,INJURED,BOSTON TERRIER,BLACK
04/27/2011,STRAY,OTC,DOG,N,13,6,7,NORMAL,CHIHUAHUA SH,BROWN
04/28/2011,STRAY,OTC,CAT,S,0,1,1,SICK,DOMESTIC LH,CALICO
04/28/2011,STRAY,FIELD,DOG,N,0,2,16,NORMAL,PLOTT HOUND,BR BRINDLE
04/28/2011,STRAY,FIELD,DOG,S,0,2,28,NORMAL,LABRADOR RETR,TRICOLOR
04/28/2011,STRAY,FIELD,DOG,S,0,2,28,NORMAL,LABRADOR RETR,BLACK
04/28/2011,STRAY,FIELD,DOG,S,0,2,28,NORMAL,LABRADOR RETR,BROWN
04/28/2011,STRAY,FIELD,DOG,S,0,2,28,NORMAL,LABRADOR RETR,WHITE
04/28/2011,STRAY,FIELD,DOG,S,0,2,28,NORMAL,LABRADOR RETR,BLACK
04/28/2011,STRAY,FIELD,DOG,S,0,2,28,NORMAL,LABRADOR RETR,BROWN
04/28/2011,STRAY,FIELD,DOG,N,0,2,28,NORMAL,LABRADOR RETR,TRICOLOR
04/28/2011,STRAY,OTC,DOG,S,0,2,29,SICK,CHIHUAHUA SH,BLACK
04/28/2011,OWNER SUR,OTC,CAT,N,0,2,4,NORMAL,DOMESTIC SH,BRN TABBY
04/28/2011,OWNER SUR,OTC,CAT,N,0,2,4,NORMAL,DOMESTIC SH,BRN TABBY
04/28/2011,OWNER SUR,OTC,CAT,S,0,2,4,NORMAL,DOMESTIC SH,BRN TABBY
04/28/2011,STRAY,OTC,DOG,S,0,2,11,NORMAL,GERM SHEPHERD,BLACK
04/28/2011,STRAY,FIELD,DOG,N,0,4,10,NORMAL,BORDER COLLIE,WHITE
04/28/2011,PUBLIC AST,SURGERY,DOG,S,0,5,12,NORMAL,PLOTT HOUND,BL BRINDLE
04/28/2011,OWNER SUR,OTC,DOG,S,0,6,18,NORMAL,GERM SHEPHERD,SABLE
04/28/2011,PUBLIC AST,SURGERY,CAT,S,1,8,19,NORMAL,DOMESTIC SH,BLACK
04/28/2011,STRAY,OTC,DOG,N,1,8,0,NORMAL,CHIHUAHUA SH,TAN
04/28/2011,OWNER SUR,OTC,CAT,N,1,8,0,NORMAL,DOMESTIC SH,BLACK
04/28/2011,OWNER SUR,OTC,CAT,N,1,8,0,NORMAL,DOMESTIC SH,BRN TABBY
04/28/2011,OWNER SUR,OTC,DOG,F,1,11,1,SICK,GREAT PYRENEES,WHITE
04/28/2011,PUBLIC AST,QUARANTINE,DOG,S,1,0,0,NORMAL,SHIH TZU,TAN
04/28/2011,STRAY,FIELD,CAT,F,1,0,0,INJURED,DOMESTIC SH,BLACK
04/28/2011,OWNER SUR,OTC,DOG,S,1,3,29,NORMAL,AUST CATTLE DOG,WHITE
04/28/2011,STRAY,FIELD,DOG,N,1,6,0,NORMAL,MANCHESTER TERR,BLACK
04/28/2011,STRAY,FIELD,DOG,N,1,6,0,NORMAL,GERM SHEPHERD,BUFF
04/28/2011,PUBLIC AST,QUARANTINE,DOG,M,2,0,0,NORMAL,CHIHUAHUA SH,TAN
04/28/2011,PUBLIC AST,QUARANTINE,DOG,S,2,0,0,NORMAL,CHIHUAHUA SH,BROWN
04/28/2011,OWNER SUR,OTC,CAT,N,2,0,0,NORMAL,DOMESTIC SH,BLACK
04/28/2011,STRAY,FIELD,DOG,M,2,0,0,NORMAL,PIT BULL,BLUE
04/28/2011,OWNER SUR,RETURN,DOG,N,2,2,2,NORMAL,AMERICAN STAFF,WHITE
04/28/2011,STRAY,OTC,DOG,S,2,3,21,NORMAL,CHIHUAHUA SH,TAN
04/28/2011,STRAY,FIELD,CAT,N,2,6,24,INJURED,AMER SH,SEAL PT
04/28/2011,STRAY,OTC,DOG,N,2,6,29,NORMAL,LABRADOR RETR,YELLOW
04/28/2011,OWNER SUR,OTC,CAT,N,3,0,0,NORMAL,DOMESTIC SH,BLUE
04/28/2011,OWNER SUR,OTC,CAT,S,3,0,0,NORMAL,DOMESTIC LH,BLUE
04/28/2011,OWNER SUR,OTC,DOG,N,3,0,0,NORMAL,ROTTWEILER,TRICOLOR
04/28/2011,STRAY,FIELD,DOG,N,4,11,27,NORMAL,PIT BULL,TAN
04/28/2011,OWNER SUR,OTC,CAT,N,5,0,0,NORMAL,DOMESTIC SH,ORG TABBY
04/28/2011,OWNER SUR,OTC,DOG,N,4,3,26,NORMAL,CHOW CHOW,WHITE
04/28/2011,OWNER SUR,OTC,CAT,M,7,0,27,NORMAL,DOMESTIC LH,BLUE TABBY
04/28/2011,STRAY,OTC,DOG,M,6,0,1,NORMAL,GERM SHEPHERD,BLACK
04/28/2011,OWNER SUR,OTC,DOG,S,7,7,1,NORMAL,LABRADOR RETR,BLACK
04/28/2011,STRAY,FIELD,CAT,F,8,0,2,INJURED,DOMESTIC SH,TORTIE
04/28/2011,STRAY,OTC,CAT,S,8,0,2,OTHER,DOMESTIC LH,BLACK
04/28/2011,PUBLIC AST,QUARANTINE,CAT,N,8,5,19,NORMAL,DOMESTIC SH,BLUE
04/28/2011,STRAY,OTC,DOG,S,12,0,3,AGED,CHIHUAHUA SH,WHITE
04/28/2011,STRAY,OTC,CAT,U,NO AGE,NURSING,DOMESTIC SH,BLACK,,
04/29/2011,STRAY,OTC,CAT,F,0,0,7,NURSING,DOMESTIC SH,BLACK
04/29/2011,STRAY,OTC,CAT,M,0,0,7,NURSING,DOMESTIC SH,BRN TABBY
04/29/2011,STRAY,OTC,CAT,N,0,0,7,NORMAL,DOMESTIC SH,BRN TABBY
04/29/2011,STRAY,OTC,CAT,N,0,0,7,NURSING,DOMESTIC SH,BRN TABBY
04/29/2011,PUBLIC AST,EMERGENCY,CAT,N,0,1,15,NURSING,DOMESTIC SH,ORG TABBY
04/29/2011,PUBLIC AST,EMERGENCY,CAT,M,0,1,15,NURSING,DOMESTIC SH,ORG TABBY
04/29/2011,STRAY,OTC,DOG,N,0,2,23,NORMAL,POODLE MIN,BLACK
04/29/2011,OWNER SUR,OTC,DOG,S,0,2,29,NORMAL,CHIHUAHUA SH,TAN
04/29/2011,STRAY,FIELD,DOG,M,0,2,5,INJURED,AUST SHEPHERD,BROWN
04/29/2011,OWNER SUR,OTC,CAT,S,0,2,5,NORMAL,DOMESTIC SH,TORTIE
04/29/2011,OWNER SUR,OTC,CAT,N,0,2,5,NORMAL,DOMESTIC SH,BLACK
04/29/2011,STRAY,OTC,DOG,M,0,2,11,NORMAL,PIT BULL,BLACK
04/29/2011,OWNER SUR,OTC,CAT,S,0,4,11,NORMAL,DOMESTIC MH,BLACK
04/29/2011,STRAY,FIELD,DOG,N,0,6,0,OTHER,SCHNAUZER MIN,GRAY
04/29/2011,STRAY,OTC,DOG,S,0,6,14,NORMAL,CHIHUAHUA SH,TRICOLOR
04/29/2011,STRAY,FIELD,DOG,N,0,6,0,OTHER,CHIHUAHUA SH,BLACK
04/29/2011,STRAY,OTC,DOG,F,0,6,0,SICK,DACHSHUND,BLACK
04/29/2011,STRAY,OTC,CAT,S,1,10,1,NORMAL,MAINE COON,BRN TABBY
04/29/2011,STRAY,OTC,CAT,S,1,10,1,NORMAL,DOMESTIC MH,TORBIE
04/29/2011,OWNER SUR,OTC,CAT,S,1,0,0,PREGNANT,DOMESTIC SH,BLACK
04/29/2011,STRAY,FIELD,DOG,N,1,0,0,NORMAL,RAT TERRIER,BR BRINDLE
04/29/2011,OWNER SUR,OTC,CAT,S,1,6,0,NORMAL,DOMESTIC SH,CALICO
04/29/2011,STRAY,FIELD,DOG,N,1,6,0,NORMAL,RAT TERRIER,TRICOLOR
04/29/2011,OWNER SUR,OTC,CAT,N,2,2,25,NORMAL,DOMESTIC SH,BLACK
04/29/2011,OWNER SUR,FIELD,DOG,N,2,6,0,NORMAL,LABRADOR RETR,BLACK
04/29/2011,OWNER SUR,OTC,CAT,S,4,0,29,NORMAL,DOMESTIC SH,BLUE TABBY
04/29/2011,PUBLIC AST,QUARANTINE,DOG,N,3,0,0,NORMAL,BORDER TERRIER,BROWN
04/29/2011,OWNER SUR,FIELD,DOG,S,3,0,0,NORMAL,CHIHUAHUA SH,BLACK
04/29/2011,OWNER SUR,OTC,DOG,N,3,0,0,NORMAL,AMER BULLDOG,WHITE
04/29/2011,PUBLIC AST,QUARANTINE,CAT,N,3,0,0,NORMAL,DOMESTIC MH,GRAY TABBY
04/29/2011,OWNER SUR,OTC,DOG,S,3,6,22,NORMAL,LABRADOR RETR,BLACK
04/29/2011,STRAY,FIELD,DOG,N,4,0,0,NORMAL,JACK RUSS TERR,TRICOLOR
04/29/2011,OWNER SUR,OTC,DOG,S,4,5,14,NORMAL,BEAGLE,TRICOLOR
04/29/2011,STRAY,OTC,DOG,N,4,6,17,NORMAL,FOX TERR SMOOTH,TRICOLOR
04/29/2011,STRAY,OTC,CAT,N,5,0,1,NORMAL,DOMESTIC SH,BLACK
04/29/2011,STRAY,OTC,DOG,S,6,0,1,NORMAL,BOXER,TAN
04/29/2011,OWNER SUR,OTC,CAT,N,6,6,1,INJURED,SIAMESE,LILAC PT
04/29/2011,OWNER SUR,RETURN,DOG,N,8,1,5,NORMAL,LABRADOR RETR,YELLOW
04/30/2011,STRAY,FIELD,CAT,N,0,0,13,INJURED,DOMESTIC SH,YELLOW
04/30/2011,STRAY,FIELD,CAT,S,0,0,13,INJURED,DOMESTIC SH,BLACK
04/30/2011,STRAY,FIELD,CAT,S,0,1,1,INJURED,DOMESTIC SH,BLACK
04/30/2011,OWNER SUR,OTC,CAT,S,0,1,5,NORMAL,DOMESTIC MH,BLK TABBY
04/30/2011,OWNER SUR,OTC,CAT,N,0,1,5,NORMAL,DOMESTIC MH,BLUE TABBY
04/30/2011,OWNER SUR,OTC,CAT,S,0,1,5,NORMAL,DOMESTIC SH,BRN TABBY
04/30/2011,OWNER SUR,OTC,CAT,S,0,1,5,NORMAL,DOMESTIC SH,BRN TABBY
04/30/2011,OWNER SUR,OTC,CAT,M,0,1,6,NORMAL,DOMESTIC MH,BLACK
04/30/2011,OWNER SUR,OTC,CAT,F,0,1,11,NORMAL,DOMESTIC MH,BLUE TABBY
04/30/2011,OWNER SUR,OTC,CAT,M,0,2,16,NORMAL,DOMESTIC SH,CREAM
04/30/2011,OWNER SUR,OTC,CAT,N,0,2,16,NORMAL,DOMESTIC SH,BLACK
04/30/2011,OWNER SUR,OTC,CAT,S,0,2,16,NORMAL,DOMESTIC SH,CALICO
04/30/2011,OWNER SUR,OTC,CAT,S,0,2,16,NORMAL,DOMESTIC SH,CALICO
04/30/2011,STRAY,FIELD,DOG,S,0,2,29,NORMAL,AUST CATTLE DOG,WHITE
04/30/2011,OWNER SUR,OTC,CAT,N,0,2,29,NORMAL,DOMESTIC SH,ORG TABBY
04/30/2011,OWNER SUR,OTC,CAT,N,0,2,29,NORMAL,DOMESTIC SH,ORG TABBY
04/30/2011,OWNER SUR,RETURN,DOG,N,0,2,10,NORMAL,LABRADOR RETR,TAN
04/30/2011,STRAY,FIELD,DOG,S,0,3,24,NORMAL,AUST CATTLE DOG,BLACK
04/30/2011,STRAY,EMERG CLC,DOG,S,0,3,27,INJURED,RHOD RIDGEBACK,BROWN
04/30/2011,OWNER SUR,OTC,DOG,S,0,4,14,SICK,PIT BULL,BROWN
04/30/2011,STRAY,EMERG CLC,DOG,S,0,4,26,NORMAL,RAT TERRIER,BLACK
04/30/2011,STRAY,OTC,DOG,S,0,5,19,NORMAL,PIT BULL,BLACK
04/30/2011,OWNER SUR,FIELD,DOG,S,1,8,19,NORMAL,BEAGLE,BLACK
04/30/2011,OWNER SUR,OTC,CAT,N,1,8,28,NORMAL,DOMESTIC SH,BLUE TABBY
04/30/2011,OWNER SUR,OTC,CAT,N,1,10,1,NORMAL,DOMESTIC SH,BLUE
04/30/2011,STRAY,OTC,DOG,S,2,0,27,NORMAL,DACHSHUND WH,RED
04/30/2011,STRAY,OTC,DOG,S,2,0,27,NORMAL,DACHSHUND WH,RED
04/30/2011,STRAY,FIELD,DOG,N,2,0,27,NORMAL,WEST HIGHLAND,CREAM
04/30/2011,STRAY,OTC,CAT,S,1,0,0,NORMAL,DOMESTIC MH,CALICO
04/30/2011,STRAY,OTC,CAT,S,1,0,0,NORMAL,DOMESTIC MH,CALICO
04/30/2011,STRAY,OTC,CAT,N,1,0,0,NORMAL,DOMESTIC SH,BRN TABBY
04/30/2011,PUBLIC AST,QUARANTINE,DOG,S,1,0,0,NORMAL,COCKER SPAN,TAN
04/30/2011,STRAY,OTC,DOG,N,1,0,0,NORMAL,PIT BULL,TAN
04/30/2011,PUBLIC AST,INVESTIGAT,DOG,S,1,0,0,NORMAL,BORDER COLLIE,BUFF
04/30/2011,OWNER SUR,OTC,DOG,N,1,0,0,NORMAL,DACHSHUND,RED
04/30/2011,STRAY,OTC,CAT,N,1,6,0,NORMAL,DOMESTIC MH,BLACK
04/30/2011,OWNER SUR,OTC,DOG,S,2,0,0,NORMAL,DACHSHUND,BLACK
04/30/2011,STRAY,OTC,DOG,S,2,0,0,PREGNANT,PIT BULL,BLACK
04/30/2011,STRAY,FIELD,CAT,U,2,0,0,INJURED,DOMESTIC SH,BLACK
04/30/2011,STRAY,FIELD,DOG,F,2,0,0,INJURED,CHIHUAHUA SH,WHITE
04/30/2011,OWNER SUR,FIELD,DOG,N,2,5,0,NORMAL,SCHNAUZER MIN,WHITE
04/30/2011,STRAY,OTC,DOG,N,4,0,27,NORMAL,BEAGLE,RED
04/30/2011,OWNER SUR,OTC,CAT,S,4,0,27,NORMAL,DOMESTIC MH,BRN TABBY
04/30/2011,STRAY,FIELD,DOG,M,3,0,0,NORMAL,LABRADOR RETR,TAN
04/30/2011,OWNER SUR,OTC,CAT,S,3,0,0,NORMAL,DOMESTIC SH,CALICO
04/30/2011,STRAY,OTC,CAT,N,4,10,9,NORMAL,DOMESTIC SH,ORG TABBY
04/30/2011,PUBLIC AST,INVESTIGAT,DOG,S,4,0,1,NORMAL,AUST SHEPHERD,BLACK
04/30/2011,STRAY,OTC,CAT,M,4,0,1,INJURED,DOMESTIC SH,BLUE
04/30/2011,PUBLIC AST,QUARANTINE,DOG,N,5,0,1,NORMAL,PIT BULL,BR BRINDLE
04/30/2011,STRAY,OTC,DOG,S,5,0,1,NORMAL,LABRADOR RETR,BLUE
04/30/2011,STRAY,OTC,DOG,S,7,0,1,NORMAL,LABRADOR RETR,YELLOW
04/30/2011,STRAY,OTC,CAT,N,7,6,2,NORMAL,AMER SH,ORG TABBY
04/30/2011,PUBLIC AST,QUARANTINE,DOG,S,10,10,17,NORMAL,GERM SHEPHERD,TAN
04/30/2011,STRAY,FIELD,DOG,M,10,0,2,AGED,DACHSHUND,BLACK
04/30/2011,STRAY,FIELD,DOG,M,13,0,23,AGED,SCHNAUZER MIN,GRAY
04/30/2011,OWNER SUR,OTC,CAT,N,12,0,3,NORMAL,DOMESTIC SH,BRN TABBY
04/30/2011,OWNER SUR,OTC,CAT,N,14,0,3,NORMAL,DOMESTIC SH,WHITE
04/30/2011,STRAY,OTC,CAT,S,14,0,3,NORMAL,HIMALAYAN,SEAL PT
04/30/2011,PUBLIC AST,QUARANTINE,DOG,N,NO AGE,NORMAL,CHIHUAHUA SH,BROWN,,
05-01-11,STRAY,OTC,CAT,N,0,0,3,NURSING,DOMESTIC SH,BLUE TABBY
05-01-11,STRAY,OTC,CAT,N,0,0,3,NURSING,DOMESTIC SH,BRN TABBY
05-01-11,STRAY,OTC,CAT,S,0,0,3,NURSING,DOMESTIC SH,BLUE
05-01-11,STRAY,OTC,CAT,N,0,0,3,NURSING,DOMESTIC SH,BRN TABBY
05-01-11,STRAY,OTC,CAT,S,0,0,3,NURSING,DOMESTIC SH,BLACK
05-01-11,STRAY,OTC,CAT,S,0,0,7,NURSING,DOMESTIC SH,BLUE
05-01-11,STRAY,OTC,CAT,S,0,1,15,NORMAL,DOMESTIC SH,TORTIE
05-01-11,STRAY,OTC,CAT,S,0,1,15,NORMAL,DOMESTIC SH,BRN TABBY
05-01-11,STRAY,OTC,CAT,S,0,1,15,NURSING,DOMESTIC SH,BRN TABBY
05-01-11,STRAY,OTC,CAT,S,0,1,15,NURSING,DOMESTIC SH,BLUE
05-01-11,STRAY,OTC,CAT,N,0,1,15,NURSING,DOMESTIC SH,BLACK
05-01-11,STRAY,OTC,CAT,N,0,1,22,SICK,DOMESTIC SH,BRN TABBY
05-01-11,STRAY,OTC,CAT,S,0,1,22,SICK,DOMESTIC SH,BUFF
05-01-11,STRAY,OTC,CAT,N,0,1,22,SICK,DOMESTIC LH,BRN TABBY
05-01-11,STRAY,OTC,CAT,N,0,2,17,NORMAL,DOMESTIC MH,BLUE TABBY
05-01-11,STRAY,OTC,DOG,S,0,2,12,NORMAL,LABRADOR RETR,BLACK
05-01-11,STRAY,OTC,DOG,F,0,3,15,SICK,PIT BULL,BR BRINDLE
05-01-11,STRAY,OTC,DOG,S,0,3,15,SICK,PIT BULL,BLACK
05-01-11,STRAY,OTC,DOG,S,0,3,15,SICK,PIT BULL,WHITE
05-01-11,STRAY,OTC,DOG,S,0,4,29,NORMAL,CATAHOULA,WHITE
05-01-11,PUBLIC AST,QUARANTINE,DOG,N,0,4,29,NORMAL,PIT BULL,BROWN
05-01-11,STRAY,OTC,DOG,N,0,6,0,NORMAL,LABRADOR RETR,BLACK
05-01-11,STRAY,FIELD,DOG,N,0,6,29,NORMAL,BLACK MOUTH CUR,BROWN
05-01-11,STRAY,OTC,DOG,N,1,10,1,NORMAL,GERM SHEPHERD,BLACK
05-01-11,OWNER SUR,OTC,DOG,S,1,0,0,NORMAL,GERM SHEPHERD,SABLE
05-01-11,STRAY,OTC,DOG,S,1,0,10,NORMAL,LABRADOR RETR,TAN
05-01-11,OWNER SUR,OTC,DOG,N,1,5,29,NORMAL,GERM SH POINT,BLACK
05-01-11,STRAY,FIELD,DOG,S,1,6,29,NORMAL,BORDER TERRIER,BROWN
05-01-11,STRAY,FIELD,DOG,S,1,6,29,INJURED,QUEENSLAND HEEL,BLACK
05-01-11,STRAY,OTC,DOG,N,2,0,0,NORMAL,AUST KELPIE,BLACK
05-01-11,STRAY,OTC,DOG,S,2,0,0,NORMAL,CATAHOULA,WHITE
05-01-11,OWNER SUR,OTC,DOG,S,2,1,12,NORMAL,GERM SHEPHERD,TAN
05-01-11,OWNER SUR,OTC,CAT,N,3,8,7,NORMAL,DOMESTIC SH,BLUE TABBY
05-01-11,STRAY,OTC,DOG,S,4,0,28,NORMAL,BEAGLE,RED
05-01-11,STRAY,OTC,DOG,N,3,0,0,SICK,CATAHOULA,BRN MERLE
05-01-11,OWNER SUR,FIELD,CAT,M,3,0,0,SICK,DOMESTIC SH,BLACK
05-01-11,PUBLIC AST,QUARANTINE,DOG,S,3,5,29,NORMAL,PIT BULL,BROWN
05-01-11,PUBLIC AST,QUARANTINE,DOG,N,4,11,13,NORMAL,PIT BULL,BLACK
05-01-11,STRAY,OTC,CAT,S,5,0,1,SICK,DOMESTIC LH,BLACK
05-01-11,STRAY,OTC,CAT,S,6,0,10,NORMAL,DOMESTIC SH,TORTIE
05-01-11,STRAY,FIELD,DOG,M,7,0,1,NORMAL,CHINESE SHARPEI,BLACK
05-01-11,STRAY,OTC,DOG,N,8,0,2,NORMAL,CHIHUAHUA SH,TAN
05-01-11,STRAY,OTC,CAT,N,8,0,2,NORMAL,DOMESTIC SH,BRN TABBY
05-01-11,STRAY,OTC,DOG,S,9,0,2,NORMAL,DACHSHUND,BLACK
05-02-11,OWNER SUR,OTC,DOG,S,0,0,6,NURSING,BOXER,BROWN
05-02-11,OWNER SUR,OTC,DOG,S,0,0,6,NURSING,BOXER,BROWN
05-02-11,OWNER SUR,OTC,DOG,S,0,0,6,NURSING,BOXER,BROWN
05-02-11,OWNER SUR,OTC,DOG,S,0,0,6,NURSING,BOXER,BROWN
05-02-11,OWNER SUR,OTC,DOG,S,0,0,6,NURSING,BOXER,BROWN
05-02-11,OWNER SUR,OTC,DOG,S,0,0,6,NURSING,LABRADOR RETR,TAN
05-02-11,OWNER SUR,OTC,DOG,N,0,0,6,NURSING,LABRADOR RETR,TAN
05-02-11,OWNER SUR,OTC,DOG,M,0,0,6,NURSING,LABRADOR RETR,TAN
05-02-11,STRAY,FOUND IN,CAT,U,0,1,15,NURSING,DOMESTIC SH,ORG TABBY
05-02-11,STRAY,FOUND IN,CAT,S,0,1,15,NURSING,DOMESTIC SH,ORG TABBY
05-02-11,STRAY,FOUND IN,CAT,U,0,1,15,NURSING,DOMESTIC SH,ORG TABBY
05-02-11,STRAY,FOUND IN,CAT,S,0,1,15,NURSING,DOMESTIC SH,ORG TABBY
05-02-11,STRAY,FOUND IN,CAT,N,0,1,15,NURSING,SIAMESE,BLUE PT
05-02-11,STRAY,OTC,CAT,N,0,1,15,NORMAL,MANX,BLUE
05-02-11,STRAY,OTC,CAT,S,0,1,15,NORMAL,MANX,TORTIE
05-02-11,STRAY,OTC,CAT,N,0,1,15,NORMAL,DOMESTIC SH,BRN TABBY
05-02-11,STRAY,OTC,CAT,S,0,1,22,SICK,DOMESTIC MH,BLUE TABBY
05-02-11,STRAY,FIELD,CAT,U,0,2,0,INJURED,DOMESTIC MH,BLACK
05-02-11,STRAY,OTC,CAT,S,0,1,7,NORMAL,DOMESTIC SH,BLACK
05-02-11,STRAY,OTC,CAT,S,0,2,15,NORMAL,SIAMESE,LYNX PT
05-02-11,STRAY,OTC,DOG,S,0,2,15,NORMAL,LABRADOR RETR,BLACK
05-02-11,STRAY,OTC,DOG,N,0,2,15,NORMAL,LABRADOR RETR,BLACK
05-02-11,STRAY,OTC,DOG,S,0,2,0,NORMAL,CHIHUAHUA SH,TAN
05-02-11,STRAY,OTC,CAT,M,0,3,22,NORMAL,DOMESTIC SH,BLUE TABBY
05-02-11,OWNER SUR,FIELD,DOG,N,0,3,28,NORMAL,BOXER,BROWN
05-02-11,OWNER SUR,FIELD,DOG,S,0,3,28,NORMAL,GERM SHEPHERD,TAN
05-02-11,STRAY,FIELD,DOG,N,0,3,5,NORMAL,HARRIER,BROWN
05-02-11,OWNER SUR,OTC,DOG,N,0,3,11,NORMAL,CATAHOULA,BLUE MERLE
05-02-11,STRAY,FIELD,DOG,S,0,5,14,NORMAL,DOBERMAN PINSCH,BLACK
05-02-11,STRAY,OTC,DOG,S,0,5,14,NORMAL,LABRADOR RETR,RED
05-02-11,OWNER SUR,FIELD,DOG,N,0,6,0,NORMAL,JACK RUSS TERR,WHITE
05-02-11,STRAY,OTC,DOG,N,0,6,29,NORMAL,YORKSHIRE TERR,GRAY
05-02-11,OWNER SUR,RETURN,DOG,N,1,11,0,NORMAL,LABRADOR RETR,BROWN
05-02-11,STRAY,FIELD,DOG,N,1,10,1,NORMAL,BOXER,WHITE
05-02-11,STRAY,FIELD,DOG,S,1,10,1,NORMAL,CHIHUAHUA SH,TAN
05-02-11,OWNER SUR,FIELD,DOG,N,1,10,1,NORMAL,LABRADOR RETR,TAN
05-02-11,OWNER SUR,OTC,DOG,N,1,4,9,NORMAL,PIT BULL,TAN
05-02-11,STRAY,OTC,DOG,N,1,4,12,NORMAL,BOXER,BR BRINDLE
05-02-11,STRAY,OTC,DOG,S,1,6,29,NORMAL,STAFFORDSHIRE,BLACK
05-02-11,STRAY,OTC,DOG,S,3,0,21,NORMAL,GERM SHEPHERD,TRICOLOR
05-02-11,STRAY,FIELD,DOG,M,2,0,0,INJURED,CHIHUAHUA SH,WHITE
05-02-11,STRAY,FIELD,DOG,N,2,0,0,NORMAL,BICHON FRISE,WHITE
05-02-11,STRAY,FIELD,DOG,S,2,0,0,NORMAL,LABRADOR RETR,BLACK
05-02-11,STRAY,OTC,DOG,M,4,0,29,NORMAL,DOBERMAN PINSCH,RED
05-02-11,STRAY,OTC,DOG,F,3,0,0,NORMAL,PIT BULL,WHITE
05-02-11,OWNER SUR,RETURN,DOG,N,3,6,18,NORMAL,AUST CATTLE DOG,RED MERLE
05-02-11,STRAY,OTC,DOG,M,4,0,0,NORMAL,WELSH CORGI CAR,RED
05-02-11,STRAY,OTC,DOG,S,4,0,1,NORMAL,SCHNAUZER MIN,GRAY
05-02-11,OWNER SUR,OTC,CAT,N,4,0,1,NORMAL,DOMESTIC SH,BLACK
05-02-11,OWNER SUR,OTC,DOG,S,5,0,13,NORMAL,GERM SHEPHERD,BROWN
05-02-11,STRAY,FIELD,DOG,F,6,0,1,NORMAL,JAPANESE CHIN,BLACK
05-02-11,STRAY,FIELD,DOG,M,7,0,0,INJURED,DOBERMAN PINSCH,BLUE
05-02-11,PUBLIC AST,QUARANTINE,DOG,S,8,9,9,NORMAL,PIT BULL,BROWN
05-02-11,STRAY,FIELD,DOG,S,9,0,2,NORMAL,BOSTON TERRIER,BLACK
05-02-11,STRAY,OTC,DOG,N,9,1,17,NORMAL,POMERANIAN,RED
05-02-11,STRAY,FIELD,DOG,U,NO AGE,INJURED,POMERANIAN,WHITE,,
05-03-11,STRAY,FIELD,CAT,N,0,1,22,NORMAL,DOMESTIC SH,BLUE
05-03-11,STRAY,FIELD,CAT,N,0,1,22,NORMAL,DOMESTIC SH,BLUE
05-03-11,STRAY,FIELD,CAT,N,0,1,22,NORMAL,DOMESTIC SH,BLUE
05-03-11,STRAY,FIELD,CAT,S,0,1,22,NORMAL,DOMESTIC SH,BLUE
05-03-11,STRAY,FIELD,CAT,S,0,1,22,NORMAL,DOMESTIC SH,BLUE
05-03-11,STRAY,OTC,CAT,M,0,1,26,NORMAL,DOMESTIC LH,BRN TABBY
05-03-11,STRAY,OTC,CAT,N,0,2,0,NORMAL,DOMESTIC SH,BRN TABBY
05-03-11,STRAY,OTC,CAT,M,0,1,7,INJURED,DOMESTIC SH,BLACK
05-03-11,OWNER SUR,OTC,CAT,S,0,1,7,NORMAL,SIAMESE,LYNX PT
05-03-11,OWNER SUR,OTC,CAT,N,0,2,15,NORMAL,DOMESTIC SH,ORG TABBY
05-03-11,OWNER SUR,OTC,CAT,N,0,2,15,NORMAL,DOMESTIC SH,ORG TABBY
05-03-11,OWNER SUR,OTC,CAT,M,0,2,15,NORMAL,SIAMESE,FLAME PT
05-03-11,OWNER SUR,OTC,CAT,F,0,2,15,NORMAL,DOMESTIC SH,TORTIE
05-03-11,OWNER SUR,OTC,CAT,S,0,2,15,NORMAL,DOMESTIC LH,TORBIE
05-03-11,OWNER SUR,FIELD,CAT,S,0,2,28,SICK,DOMESTIC SH,BLUE TABBY
05-03-11,OWNER SUR,FIELD,CAT,M,0,2,0,SICK,DOMESTIC SH,BLACK
05-03-11,OWNER SUR,FIELD,CAT,M,0,2,0,SICK,DOMESTIC SH,WHITE
05-03-11,STRAY,OTC,DOG,S,0,3,15,NORMAL,AUST CATTLE DOG,BLUE TICK
05-03-11,STRAY,OTC,DOG,N,0,3,15,NORMAL,CHOW CHOW,BLACK
05-03-11,STRAY,OTC,DOG,S,0,3,28,SICK,CHIHUAHUA SH,BROWN
05-03-11,STRAY,OTC,DOG,N,0,3,28,NORMAL,CATAHOULA,BRN MERLE
05-03-11,STRAY,OTC,DOG,N,0,3,28,NORMAL,AUST SHEPHERD,TRICOLOR
05-03-11,OWNER SUR,OTC,CAT,S,0,6,0,NORMAL,DOMESTIC SH,BLACK
05-03-11,OWNER SUR,OTC,CAT,N,0,6,0,NORMAL,DOMESTIC SH,BLACK
05-03-11,STRAY,OTC,DOG,S,1,9,0,NORMAL,CHIHUAHUA SH,SABLE
05-03-11,STRAY,OTC,DOG,N,1,10,1,NORMAL,GERM SHEPHERD,BLACK
05-03-11,STRAY,OTC,DOG,N,1,10,1,NORMAL,GERM SHEPHERD,RED
05-03-11,STRAY,OTC,DOG,N,1,10,1,NORMAL,LABRADOR RETR,BLACK
05-03-11,STRAY,OTC,CAT,F,1,10,6,NORMAL,DOMESTIC SH,GOLD
05-03-11,STRAY,FIELD,DOG,S,1,0,0,NORMAL,LABRADOR RETR,BROWN
05-03-11,STRAY,OTC,DOG,S,1,0,0,NORMAL,BOXER,BR BRINDLE
05-03-11,OWNER SUR,OTC,DOG,N,1,0,0,SICK,CHIHUAHUA SH,BLACK
05-03-11,OWNER SUR,FIELD,DOG,S,1,0,0,NORMAL,DACHSHUND,RED
05-03-11,STRAY,OTC,DOG,M,1,0,0,NORMAL,AUST CATTLE DOG,BROWN
05-03-11,OWNER SUR,FIELD,CAT,S,1,2,2,NORMAL,DOMESTIC SH,BLUE TABBY
05-03-11,OWNER SUR,FIELD,CAT,N,1,2,2,SICK,DOMESTIC SH,WHITE
05-03-11,OWNER SUR,FIELD,CAT,S,2,0,0,SICK,DOMESTIC SH,CALICO
05-03-11,STRAY,OTC,CAT,S,2,0,0,NORMAL,DOMESTIC MH,BLACK
05-03-11,STRAY,FIELD,DOG,N,2,0,0,NORMAL,SHIH TZU,SABLE
05-03-11,OWNER SUR,OTC,DOG,S,2,0,0,NORMAL,AMER FOXHOUND,TAN
05-03-11,STRAY,FIELD,DOG,N,2,0,0,NORMAL,PIT BULL,WHITE
05-03-11,STRAY,FIELD,DOG,M,2,0,0,NORMAL,AUST CATTLE DOG,BLUE MERLE
05-03-11,STRAY,FIELD,DOG,N,2,5,1,NORMAL,DACHSHUND,BROWN
05-03-11,STRAY,OTC,DOG,S,3,0,0,NORMAL,GERM SHEPHERD,TAN
05-03-11,STRAY,OTC,DOG,N,3,0,0,NORMAL,DOBERMAN PINSCH,BLACK
05-03-11,STRAY,FIELD,DOG,F,3,0,0,NORMAL,YORKSHIRE TERR,BLACK
05-03-11,STRAY,FIELD,DOG,F,3,6,24,INJURED,CHIHUAHUA SH,BROWN
05-03-11,STRAY,OTC,DOG,S,4,0,1,INJURED,LABRADOR RETR,CHOCOLATE
05-03-11,OWNER SUR,OTC,DOG,S,4,0,1,NORMAL,DACHSHUND,BLACK
05-03-11,STRAY,FIELD,DOG,N,4,0,1,NORMAL,CHIHUAHUA SH,BROWN
05-03-11,STRAY,OTC,DOG,S,6,0,1,NORMAL,DOBERMAN PINSCH,BLUE
05-03-11,STRAY,OTC,DOG,N,7,2,17,NORMAL,CAIRN TERRIER,WHITE
05-03-11,STRAY,FIELD,DOG,N,7,2,3,NORMAL,BASSET HOUND,BROWN
05-03-11,STRAY,OTC,CAT,S,9,0,2,NORMAL,SIAMESE,SEAL PT
05-03-11,PUBLIC AST,QUARANTINE,DOG,M,9,3,9,NORMAL,PIT BULL,BROWN
05-03-11,STRAY,FIELD,CAT,F,10,0,2,NORMAL,DOMESTIC SH,BLUE
05-03-11,OWNER SUR,OTC,DOG,S,10,0,2,NORMAL,BOXER,BROWN
05-03-11,STRAY,OTC,CAT,N,10,0,2,NORMAL,DOMESTIC LH,BLACK
05-03-11,STRAY,OTC,CAT,N,10,0,2,NORMAL,DOMESTIC SH,BLACK
05-03-11,OWNER SUR,OTC,CAT,S,10,0,2,NORMAL,DOMESTIC LH,BLACK
05-03-11,OWNER SUR,OTC,DOG,M,14,0,3,SICK,ROTTWEILER,BLACK
05-03-11,PUBLIC AST,QUARANTINE,CAT,N,14,0,4,NORMAL,DOMESTIC SH,BRN TABBY
05-04-11,STRAY,EMERG CLC,CAT,S,0,2,0,SICK,DOMESTIC LH,BLUE
05-04-11,STRAY,OTC,CAT,M,0,1,7,NORMAL,DOMESTIC SH,BLUE TABBY
05-04-11,STRAY,OTC,CAT,S,0,2,21,NORMAL,DOMESTIC SH,BLUE
05-04-11,STRAY,OTC,CAT,S,0,2,21,NORMAL,DOMESTIC SH,BLUE TABBY
05-04-11,STRAY,OTC,CAT,N,0,2,21,NORMAL,DOMESTIC SH,BRN TABBY
05-04-11,STRAY,OTC,CAT,N,0,2,21,NORMAL,DOMESTIC SH,BRN TABBY
05-04-11,STRAY,FIELD,DOG,N,0,2,0,NORMAL,PIT BULL,BR BRINDLE
05-04-11,STRAY,FIELD,DOG,S,0,2,0,NORMAL,PIT BULL,RED
05-04-11,STRAY,FIELD,DOG,S,0,3,28,SICK,DOBERMAN PINSCH,BLACK
05-04-11,STRAY,OTC,DOG,S,0,5,14,NORMAL,CHIHUAHUA SH,RED
05-04-11,STRAY,FIELD,DOG,N,0,6,0,NORMAL,GREAT DANE,BLACK
05-04-11,STRAY,OTC,DOG,S,0,6,14,NORMAL,POODLE MIN,WHITE
05-04-11,STRAY,OTC,DOG,N,0,6,29,NORMAL,CHIHUAHUA SH,BROWN
05-04-11,OWNER SUR,OTC,CAT,S,1,7,28,NORMAL,DOMESTIC LH,TORBIE
05-04-11,STRAY,OTC,DOG,F,1,9,0,NORMAL,GERM SHEPHERD,BLACK
05-04-11,STRAY,FIELD,DOG,M,2,0,29,NORMAL,CHIHUAHUA SH,BLACK
05-04-11,STRAY,OTC,DOG,M,1,0,0,NORMAL,AUST CATTLE DOG,TRICOLOR
05-04-11,OWNER SUR,OTC,DOG,M,1,0,0,NORMAL,GERM SHEPHERD,WHITE
05-04-11,STRAY,FIELD,DOG,S,2,0,0,NORMAL,CHIHUAHUA SH,BLACK
05-04-11,STRAY,FIELD,DOG,M,2,0,0,NORMAL,PIT BULL,TAN
05-04-11,STRAY,OTC,CAT,S,2,0,0,NORMAL,DOMESTIC SH,BLACK
05-04-11,STRAY,FIELD,DOG,S,2,0,0,NORMAL,BOXER,RED
05-04-11,OWNER SUR,OTC,DOG,F,2,0,0,NORMAL,LABRADOR RETR,CHOCOLATE
05-04-11,OWNER SUR,OTC,DOG,S,2,0,0,NORMAL,BORDER COLLIE,BLACK
05-04-11,STRAY,OTC,CAT,S,2,0,0,NORMAL,DOMESTIC SH,BLUE TABBY
05-04-11,STRAY,EMERG CLC,CAT,N,3,0,0,SICK,DOMESTIC LH,ORG TABBY
05-04-11,STRAY,OTC,CAT,N,3,0,0,NORMAL,DOMESTIC SH,BLUE TABBY
05-04-11,OWNER SUR,OTC,DOG,N,3,0,0,NORMAL,CAIRN TERRIER,BROWN
05-04-11,OWNER SUR,OTC,DOG,N,3,3,25,NORMAL,CATAHOULA,WHITE
05-04-11,OWNER SUR,OTC,DOG,M,3,5,0,NORMAL,PIT BULL,BLACK
05-04-11,STRAY,FIELD,CAT,N,3,6,24,NORMAL,DOMESTIC SH,BRN TABBY
05-04-11,STRAY,FIELD,DOG,F,4,0,1,NORMAL,CHIHUAHUA SH,BLACK
05-04-11,OWNER SUR,OTC,CAT,S,4,0,1,NORMAL,DOMESTIC SH,TORTIE
05-04-11,STRAY,OTC,CAT,S,4,0,1,NORMAL,DOMESTIC LH,BLACK
05-04-11,PUBLIC AST,QUARANTINE,CAT,S,5,11,0,NORMAL,DOMESTIC LH,TORTIE
05-04-11,OWNER SUR,OTC,CAT,S,6,0,1,NORMAL,DOMESTIC SH,TORBIE
05-04-11,PUBLIC AST,QUARANTINE,DOG,N,6,5,4,NORMAL,BORDER TERRIER,TAN
05-04-11,STRAY,OTC,DOG,S,7,0,1,NORMAL,WEIMARANER,BLUE
05-04-11,STRAY,OTC,DOG,S,8,11,5,NORMAL,BOSTON TERRIER,BLACK
05-04-11,STRAY,OTC,DOG,M,8,0,2,NORMAL,PIT BULL,WHITE
05-04-11,PUBLIC AST,QUARANTINE,DOG,S,8,0,2,NORMAL,BOXER,BR BRINDLE
05-04-11,PUBLIC AST,QUARANTINE,DOG,S,8,0,2,NORMAL,BOXER,BR BRINDLE
05-04-11,STRAY,OTC,CAT,S,9,0,2,NORMAL,DOMESTIC SH,CALICO
05-04-11,PUBLIC AST,QUARANTINE,DOG,S,10,6,3,NORMAL,AUST CATTLE DOG,BLUE TICK
05-04-11,OWNER SUR,OTC,CAT,S,10,0,2,NORMAL,SIAMESE,CALICO PT
05-05-11,STRAY,OTC,CAT,M,0,1,22,NURSING,DOMESTIC SH,ORG TABBY
05-05-11,STRAY,OTC,CAT,M,0,1,22,NURSING,DOMESTIC SH,ORG TABBY
05-05-11,STRAY,OTC,CAT,F,0,1,22,NURSING,DOMESTIC SH,TORTIE
05-05-11,STRAY,OTC,CAT,F,0,1,22,NURSING,DOMESTIC MH,BLUE TABBY
05-05-11,STRAY,OTC,CAT,S,0,1,22,NURSING,DOMESTIC SH,TORTIE
05-05-11,STRAY,OTC,CAT,N,0,1,22,NURSING,DOMESTIC SH,BLACK
05-05-11,STRAY,OTC,CAT,N,0,1,22,NURSING,DOMESTIC SH,BLACK
05-05-11,STRAY,OTC,CAT,F,0,1,22,NURSING,DOMESTIC SH,BRN TABBY
05-05-11,PUBLIC AST,QUARANTINE,CAT,N,0,1,22,NORMAL,DOMESTIC SH,BLUE TABBY
05-05-11,OWNER SUR,OTC,DOG,F,0,2,0,NURSING,PIT BULL,BROWN
05-05-11,OWNER SUR,OTC,DOG,N,0,2,0,NURSING,PIT BULL,BROWN
05-05-11,OWNER SUR,OTC,DOG,F,0,2,0,NURSING,PIT BULL,BROWN
05-05-11,OWNER SUR,OTC,DOG,F,0,2,0,NURSING,PIT BULL,BROWN
05-05-11,OWNER SUR,OTC,DOG,N,0,2,0,NURSING,PIT BULL,BROWN
05-05-11,STRAY,OTC,CAT,N,0,1,7,NURSING,DOMESTIC LH,ORG TABBY
05-05-11,STRAY,OTC,CAT,S,0,1,7,NURSING,DOMESTIC MH,TORTIE
05-05-11,STRAY,OTC,CAT,S,0,1,7,NURSING,DOMESTIC LH,ORG TABBY
05-05-11,STRAY,OTC,CAT,S,0,1,7,NURSING,DOMESTIC LH,ORG TABBY
05-05-11,STRAY,OTC,CAT,N,0,1,7,NURSING,DOMESTIC LH,ORG TABBY
05-05-11,STRAY,OTC,DOG,S,0,3,15,NORMAL,LABRADOR RETR,BLACK
05-05-11,STRAY,OTC,CAT,F,0,4,29,NORMAL,DOMESTIC SH,TORBIE
05-05-11,STRAY,OTC,CAT,N,0,5,21,NORMAL,DOMESTIC SH,BLUE
05-05-11,STRAY,OTC,CAT,F,0,5,21,NORMAL,DOMESTIC SH,CALICO
05-05-11,STRAY,FIELD,DOG,S,0,6,0,NORMAL,PIT BULL,TAN
05-05-11,STRAY,OTC,DOG,S,0,6,0,NORMAL,COLLIE SMOOTH,TRICOLOR
05-05-11,STRAY,OTC,DOG,S,0,6,0,NORMAL,COLLIE SMOOTH,TRICOLOR
05-05-11,STRAY,OTC,DOG,S,2,0,23,NORMAL,CHIHUAHUA SH,BLACK
05-05-11,STRAY,EMERG CLC,CAT,U,1,0,0,SICK,DOMESTIC SH,GRAY
05-05-11,STRAY,OTC,DOG,N,1,0,0,NORMAL,NORFOLK TERRIER,TAN
05-05-11,OWNER SUR,OTC,DOG,F,1,0,0,NURSING,PIT BULL,TAN
05-05-11,STRAY,OTC,DOG,N,1,0,0,NORMAL,COCKER SPAN,BLACK
05-05-11,STRAY,OTC,DOG,N,1,3,19,NORMAL,MANCHESTER TERR,BLACK
05-05-11,STRAY,OTC,DOG,N,1,4,21,NORMAL,PIT BULL,CHOCOLATE
05-05-11,STRAY,OTC,DOG,N,1,6,29,NORMAL,SCHNAUZER MIN,SILVER
05-05-11,OWNER SUR,OTC,DOG,N,1,6,29,NORMAL,CAIRN TERRIER,BLACK
05-05-11,OWNER SUR,OTC,DOG,N,1,6,29,NORMAL,CAIRN TERRIER,BLACK
05-05-11,STRAY,FIELD,DOG,F,1,6,29,NORMAL,LABRADOR RETR,BLACK
05-05-11,PUBLIC AST,QUARANTINE,CAT,M,3,0,0,NORMAL,DOMESTIC SH,CRM TIGER
05-05-11,STRAY,FIELD,DOG,F,2,0,0,NORMAL,LABRADOR RETR,BLACK
05-05-11,STRAY,OTC,CAT,F,2,0,0,NURSING,DOMESTIC SH,TORTIE
05-05-11,PUBLIC AST,QUARANTINE,DOG,S,2,0,0,NORMAL,PIT BULL,BLUE
05-05-11,STRAY,OTC,DOG,N,2,0,0,NORMAL,BORDER COLLIE,BLACK
05-05-11,OWNER SUR,FIELD,DOG,S,2,0,0,NORMAL,GERM SHEPHERD,TAN
05-05-11,OWNER SUR,OTC,DOG,S,3,10,7,INJURED,PIT BULL,WHITE
05-05-11,STRAY,FIELD,DOG,N,4,0,25,NORMAL,AMER BULLDOG,WHITE
05-05-11,STRAY,OTC,DOG,M,4,0,26,NORMAL,PIT BULL,BLACK
05-05-11,OWNER SUR,OTC,CAT,N,3,0,0,NORMAL,DOMESTIC SH,BLUE TABBY
05-05-11,STRAY,FIELD,DOG,N,3,0,0,NORMAL,DACHSHUND,WHITE
05-05-11,STRAY,FIELD,DOG,N,3,0,0,NORMAL,SHIH TZU,WHITE
05-05-11,STRAY,OTC,CAT,S,3,0,0,NURSING,DOMESTIC LH,CALICO
05-05-11,PUBLIC AST,QUARANTINE,DOG,M,4,0,1,NORMAL,BORDER COLLIE,BLACK
05-05-11,OWNER SUR,OTC,DOG,S,5,0,1,NORMAL,AUST SHEPHERD,RED MERLE
05-05-11,OWNER SUR,OTC,CAT,S,6,9,29,NORMAL,DOMESTIC SH,BLACK
05-05-11,OWNER SUR,FIELD,DOG,F,6,0,1,NORMAL,PIT BULL,CHOCOLATE
05-05-11,PUBLIC AST,QUARANTINE,DOG,N,6,0,1,NORMAL,BOSTON TERRIER,BLACK
05-05-11,OWNER SUR,OTC,CAT,S,8,0,24,NORMAL,RAGDOLL,LYNX PT
05-05-11,PUBLIC AST,QUARANTINE,DOG,M,7,0,1,NORMAL,AUST SHEPHERD,RED
05-05-11,STRAY,FIELD,DOG,M,8,0,2,NORMAL,WEST HIGHLAND,WHITE
05-05-11,STRAY,OTC,DOG,S,8,0,2,NORMAL,BOXER,TAN
05-05-11,OWNER SUR,FIELD,DOG,M,8,0,2,INJURED,GERM SHEPHERD,BROWN
05-05-11,STRAY,FIELD,DOG,S,13,0,24,NORMAL,CHOW CHOW,RED
05-06-11,STRAY,OTC,CAT,N,0,0,3,NURSING,DOMESTIC SH,BRN TABBY
05-06-11,STRAY,OTC,CAT,N,0,0,3,NURSING,DOMESTIC SH,BRN TABBY
05-06-11,STRAY,OTC,DOG,N,0,0,7,NORMAL,BORDER COLLIE,TRICOLOR
05-06-11,STRAY,FIELD,CAT,N,0,2,0,SICK,DOMESTIC SH,ORG TABBY
05-06-11,OWNER SUR,OTC,CAT,N,0,2,0,NORMAL,DOMESTIC SH,BLACK
05-06-11,OWNER SUR,OTC,CAT,S,0,2,0,NORMAL,DOMESTIC SH,BLACK
05-06-11,OWNER SUR,OTC,CAT,S,0,2,0,NORMAL,DOMESTIC SH,BLUE TABBY
05-06-11,OWNER SUR,OTC,CAT,N,0,2,0,NORMAL,DOMESTIC SH,BRN TABBY
05-06-11,STRAY,OTC,DOG,N,0,1,12,NORMAL,GERM SHEPHERD,TRICOLOR
05-06-11,STRAY,FIELD,DOG,N,0,2,15,NORMAL,BORDER COLLIE,TRICOLOR
05-06-11,STRAY,OTC,DOG,S,0,2,0,NORMAL,BOXER,BLACK
05-06-11,STRAY,OTC,DOG,S,0,2,0,NORMAL,BORDER COLLIE,TRICOLOR
05-06-11,OWNER SUR,OTC,DOG,M,0,2,9,SICK,GERM SHEPHERD,BLACK
05-06-11,ABANDONED,NO SUBTYPE,DOG,N,0,4,23,NORMAL,CATAHOULA,BR BRINDLE
05-06-11,STRAY,OTC,DOG,S,0,4,29,NORMAL,LABRADOR RETR,WHITE
05-06-11,OWNER SUR,OTC,DOG,S,0,5,26,NORMAL,BEAGLE,WHITE
05-06-11,STRAY,OTC,DOG,S,0,6,0,NORMAL,DACHSHUND,BR BRINDLE
05-06-11,STRAY,FIELD,DOG,F,0,6,14,NORMAL,AUST SHEPHERD,TAN
05-06-11,STRAY,FIELD,DOG,M,0,6,14,NORMAL,AUST SHEPHERD,RED MERLE
05-06-11,STRAY,OTC,DOG,S,0,6,29,NORMAL,SIBERIAN HUSKY,CREAM
05-06-11,OWNER SUR,OTC,DOG,N,1,10,1,NORMAL,PIT BULL,WHITE
05-06-11,STRAY,FIELD,DOG,F,1,0,0,NORMAL,CHOW CHOW,BLACK
05-06-11,STRAY,OTC,DOG,M,1,0,0,NORMAL,PIT BULL,BROWN
05-06-11,STRAY,FIELD,DOG,S,1,0,0,INJURED,AUST CATTLE DOG,WHITE
05-06-11,OWNER SUR,OTC,DOG,S,1,6,29,NORMAL,STAFFORDSHIRE,WHITE
05-06-11,PUBLIC AST,EMERGENCY,CAT,S,2,0,0,OTHER,DOMESTIC SH,BLACK
05-06-11,STRAY,OTC,CAT,S,2,0,0,NORMAL,DOMESTIC SH,BRN TABBY
05-06-11,STRAY,OTC,DOG,S,2,6,26,NORMAL,LABRADOR RETR,TAN
05-06-11,STRAY,FIELD,DOG,S,3,0,0,NORMAL,BORDER COLLIE,TRICOLOR
05-06-11,STRAY,OTC,CAT,S,3,0,0,NORMAL,DOMESTIC MH,BLACK
05-06-11,STRAY,FIELD,DOG,N,5,0,21,NORMAL,LABRADOR RETR,BLACK
05-06-11,STRAY,OTC,DOG,N,4,0,1,NORMAL,CHIHUAHUA LH,TAN
05-06-11,STRAY,OTC,DOG,N,4,0,1,NORMAL,BEAGLE,TRICOLOR
05-06-11,STRAY,OTC,DOG,N,4,0,1,NORMAL,BEAGLE,TRICOLOR
05-06-11,STRAY,OTC,CAT,F,4,0,1,INJURED,DOMESTIC SH,ORG TABBY
05-06-11,OWNER SUR,OTC,DOG,S,6,0,0,NORMAL,ROTTWEILER,BLACK
05-06-11,STRAY,OTC,DOG,N,5,6,28,NORMAL,BOSTON TERRIER,BLACK
05-06-11,OWNER SUR,OTC,CAT,S,7,0,1,NORMAL,DOMESTIC SH,TORTIE
05-06-11,STRAY,OTC,CAT,S,8,0,2,NORMAL,DOMESTIC SH,TORTIE
05-06-11,OWNER SUR,RETURN,CAT,N,8,2,22,NORMAL,DOMESTIC SH,ORG TABBY
05-06-11,OWNER SUR,OTC,CAT,S,13,0,3,NORMAL,MAINE COON,ORG TABBY
05-06-11,EUTH REQ,OTC OWNED,DOG,F,18,0,4,SICK,LABRADOR RETR,BLACK
05-07-11,PUBLIC AST,OIJ,DOG,N,0,0,1,PREGNANT,PIT BULL,BLACK
05-07-11,PUBLIC AST,OIJ,DOG,N,0,0,1,PREGNANT,PIT BULL,BLACK
05-07-11,PUBLIC AST,OIJ,DOG,N,0,0,1,PREGNANT,PIT BULL,BLACK
05-07-11,STRAY,OTC,CAT,N,0,0,2,NORMAL,DOMESTIC SH,BRN TABBY
05-07-11,STRAY,OTC,CAT,N,0,0,2,NORMAL,DOMESTIC SH,BRN TABBY
05-07-11,STRAY,FIELD,CAT,S,0,0,3,NURSING,DOMESTIC SH,CALICO
05-07-11,STRAY,FIELD,CAT,S,0,0,3,NURSING,DOMESTIC SH,CALICO
05-07-11,STRAY,OTC,CAT,N,0,0,7,NORMAL,DOMESTIC MH,BLACK
05-07-11,STRAY,OTC,CAT,S,0,0,7,NORMAL,DOMESTIC MH,BLACK
05-07-11,STRAY,OTC,CAT,S,0,0,7,NORMAL,DOMESTIC MH,BLACK
05-07-11,STRAY,OTC,CAT,N,0,0,7,NORMAL,DOMESTIC SH,BLACK
05-07-11,STRAY,OTC,CAT,S,0,0,7,NORMAL,DOMESTIC SH,BLACK
05-07-11,STRAY,OTC,CAT,S,0,0,7,NORMAL,DOMESTIC SH,BLACK
05-07-11,STRAY,OTC,CAT,S,0,1,15,NORMAL,DOMESTIC SH,BLACK
05-07-11,STRAY,OTC,CAT,N,0,1,15,NORMAL,DOMESTIC SH,WHITE
05-07-11,STRAY,OTC,CAT,N,0,1,15,NORMAL,DOMESTIC SH,WHITE
05-07-11,STRAY,OTC,CAT,N,0,1,15,NORMAL,DOMESTIC SH,BRN TABBY
05-07-11,STRAY,OTC,CAT,N,0,1,15,NORMAL,DOMESTIC SH,BLACK
05-07-11,STRAY,OTC,CAT,S,0,1,22,NORMAL,DOMESTIC SH,TORTIE
05-07-11,STRAY,OTC,CAT,N,0,1,22,NORMAL,DOMESTIC SH,BRN TABBY
05-07-11,STRAY,OTC,CAT,S,0,1,22,NORMAL,DOMESTIC MH,BRN TABBY
05-07-11,STRAY,OTC,CAT,N,0,1,22,NORMAL,DOMESTIC MH,BRN TABBY
05-07-11,STRAY,OTC,CAT,S,0,2,0,NORMAL,DOMESTIC SH,WHITE
05-07-11,STRAY,OTC,CAT,S,0,2,0,NORMAL,DOMESTIC SH,BRN TABBY
05-07-11,STRAY,OTC,CAT,S,0,2,0,NORMAL,DOMESTIC SH,CALICO
05-07-11,STRAY,OTC,CAT,N,0,2,0,NORMAL,DOMESTIC SH,BRN TABBY
05-07-11,STRAY,OTC,CAT,N,0,2,0,NORMAL,DOMESTIC SH,BLUE TABBY
05-07-11,STRAY,OTC,CAT,S,0,2,0,NORMAL,DOMESTIC SH,BRN TABBY
05-07-11,STRAY,OTC,CAT,S,0,2,0,NORMAL,DOMESTIC SH,BLACK
05-07-11,STRAY,OTC,CAT,S,0,2,0,NORMAL,DOMESTIC SH,BLACK
05-07-11,STRAY,OTC,CAT,N,0,2,0,NORMAL,DOMESTIC SH,BLACK
05-07-11,OWNER SUR,OTC,CAT,S,0,2,0,NURSING,DOMESTIC SH,TORTIE
05-07-11,OWNER SUR,OTC,CAT,S,0,2,0,NURSING,DOMESTIC SH,TORTIE
05-07-11,OWNER SUR,OTC,CAT,N,0,2,0,NURSING,DOMESTIC SH,BLACK
05-07-11,OWNER SUR,OTC,CAT,N,0,2,0,NURSING,DOMESTIC SH,BLACK
05-07-11,OWNER SUR,OTC,CAT,S,0,2,22,NORMAL,DOMESTIC SH,BLUE TABBY
05-07-11,OWNER SUR,OTC,DOG,S,0,3,13,SICK,PUG,FAWN
05-07-11,STRAY,OTC,DOG,F,0,4,29,NORMAL,LABRADOR RETR,RED
05-07-11,ABANDONED,NO SUBTYPE,DOG,N,0,6,0,NORMAL,PLOTT HOUND,BR BRINDLE
05-07-11,STRAY,OTC,DOG,N,1,10,1,NORMAL,ANATOL SHEPHERD,BUFF
05-07-11,STRAY,OTC,DOG,N,1,0,0,NORMAL,BORDER COLLIE,BLACK
05-07-11,STRAY,OTC,CAT,S,1,0,0,NORMAL,SIAMESE,LYNX PT
05-07-11,OWNER SUR,OTC,CAT,S,1,0,0,NURSING,DOMESTIC SH,BLACK
05-07-11,OWNER SUR,OTC,DOG,N,1,0,0,NORMAL,DOBERMAN PINSCH,BROWN
05-07-11,STRAY,OTC,DOG,N,1,5,12,NORMAL,PIT BULL,TAN
05-07-11,STRAY,OTC,DOG,N,1,6,29,NORMAL,CHIHUAHUA SH,BROWN
05-07-11,STRAY,OTC,DOG,M,2,0,0,NORMAL,PIT BULL,BLACK
05-07-11,STRAY,OTC,DOG,N,2,0,0,NORMAL,DACHSHUND,BLACK
05-07-11,STRAY,FIELD,DOG,N,2,0,0,INJURED,CHIHUAHUA SH,BLACK
05-07-11,STRAY,OTC,DOG,N,2,0,0,NORMAL,LABRADOR RETR,BLACK
05-07-11,STRAY,OTC,CAT,S,2,0,0,NORMAL,DOMESTIC SH,BLACK
05-07-11,STRAY,OTC,CAT,S,2,0,0,NORMAL,DOMESTIC MH,BLACK
05-07-11,STRAY,FIELD,DOG,S,2,0,0,NORMAL,PIT BULL,BL BRINDLE
05-07-11,STRAY,OTC,DOG,N,2,1,7,NORMAL,WH PT GRIFFON,GRAY
05-07-11,STRAY,FIELD,DOG,S,2,4,18,NORMAL,LABRADOR RETR,CREAM
05-07-11,PUBLIC AST,QUARANTINE,DOG,N,2,4,1,NORMAL,CHIHUAHUA SH,BLACK
05-07-11,OWNER SUR,OTC,DOG,S,3,8,29,NORMAL,CHIHUAHUA SH,BROWN
05-07-11,PUBLIC AST,OIJ,DOG,S,3,0,0,PREGNANT,BOXER,BLACK
05-07-11,OWNER SUR,OTC,CAT,S,3,0,0,NORMAL,DOMESTIC SH,BLUE TABBY
05-07-11,ABANDONED,NO SUBTYPE,DOG,S,3,6,0,NORMAL,ROTTWEILER,BLACK
05-07-11,STRAY,FIELD,DOG,N,4,0,1,NORMAL,LABRADOR RETR,BLACK
05-07-11,STRAY,OTC,DOG,S,4,0,1,NORMAL,BOXER,BR BRINDLE
05-07-11,OWNER SUR,FIELD,DOG,N,4,0,1,INJURED,GOLDEN RETR,RED
05-07-11,STRAY,OTC,DOG,N,4,4,18,NORMAL,BOXER,BROWN
05-07-11,STRAY,OTC,DOG,N,5,0,0,NORMAL,LABRADOR RETR,CHOCOLATE
05-07-11,STRAY,FIELD,DOG,S,5,0,1,NORMAL,DALMATIAN,WHITE
05-07-11,OWNER SUR,OTC,CAT,S,6,9,11,NORMAL,DOMESTIC SH,CALICO
05-07-11,STRAY,FIELD,DOG,N,6,0,1,NORMAL,DALMATIAN,WHITE
05-07-11,PUBLIC AST,QUARANTINE,DOG,S,6,0,1,NORMAL,BOXER,BR BRINDLE
05-07-11,OWNER SUR,OTC,DOG,N,6,5,19,NORMAL,BEAGLE,TRICOLOR
05-07-11,PUBLIC AST,QUARANTINE,DOG,S,6,5,1,NORMAL,LABRADOR RETR,BLACK
05-07-11,STRAY,FIELD,DOG,S,7,7,1,NORMAL,POODLE MIN,CHOCOLATE
05-07-11,STRAY,OTC,DOG,N,7,0,0,NORMAL,DACHSHUND,RED
05-07-11,OWNER SUR,OTC,DOG,N,8,3,17,NORMAL,AUST SHEPHERD,TAN
05-07-11,STRAY,OTC,DOG,N,10,0,2,NORMAL,GREAT PYRENEES,WHITE
05-07-11,STRAY,OTC,CAT,S,10,0,2,NORMAL,DOMESTIC SH,CALICO
05-07-11,OWNER SUR,OTC,DOG,S,12,0,3,AGED,CHIHUAHUA LH,BROWN
05-07-11,OWNER SUR,OTC,CAT,S,12,0,3,NORMAL,BENGAL,BRN TABBY
05-07-11,STRAY,OTC,DOG,N,13,9,22,NORMAL,BORDER COLLIE,BLACK
05-07-11,EUTH REQ,NO SUBTYPE,DOG,S,17,0,4,AGED,GOLDEN RETR,GOLD
05-07-11,STRAY,FIELD,CAT,N,NO AGE,NURSING,DOMESTIC SH,WHITE,,
05-07-11,STRAY,FIELD,CAT,N,NO AGE,NURSING,DOMESTIC SH,BLACK,,
05-08-11,STRAY,OTC,CAT,S,0,0,3,NURSING,DOMESTIC SH,TORBIE
05-08-11,STRAY,OTC,CAT,M,0,0,3,NURSING,DOMESTIC SH,BRN TABBY
05-08-11,OWNER SUR,OTC,CAT,S,0,1,15,SICK,DOMESTIC SH,WHITE
05-08-11,OWNER SUR,OTC,CAT,S,0,1,15,SICK,DOMESTIC SH,WHITE
05-08-11,STRAY,OTC,CAT,S,0,1,15,NORMAL,DOMESTIC LH,BLACK
05-08-11,STRAY,OTC,CAT,S,0,1,15,NORMAL,DOMESTIC LH,BLACK
05-08-11,STRAY,OTC,CAT,M,0,1,22,NORMAL,SIAMESE,SEAL PT
05-08-11,OWNER SUR,OTC,CAT,N,0,1,22,SICK,DOMESTIC SH,BRN TABBY
05-08-11,OWNER SUR,OTC,CAT,N,0,1,22,SICK,DOMESTIC SH,BLACK
05-08-11,OWNER SUR,OTC,CAT,N,0,1,22,SICK,DOMESTIC SH,BLACK
05-08-11,OWNER SUR,OTC,CAT,N,0,1,22,SICK,DOMESTIC SH,WHITE
05-08-11,STRAY,OTC,CAT,S,0,2,0,NORMAL,DOMESTIC SH,BLUE
05-08-11,STRAY,FIELD,CAT,U,0,2,0,INJURED,DOMESTIC SH,BLUE
05-08-11,STRAY,OTC,CAT,N,0,3,18,NORMAL,DOMESTIC SH,BRN TABBY
05-08-11,STRAY,OTC,CAT,N,0,3,22,NORMAL,DOMESTIC SH,BRN TABBY
05-08-11,STRAY,FIELD,DOG,F,0,3,28,NORMAL,GERM SHEPHERD,BROWN
05-08-11,OWNER SUR,OTC,DOG,S,0,4,29,NORMAL,CHIHUAHUA SH,TRICOLOR
05-08-11,STRAY,OTC,DOG,F,0,4,29,NORMAL,FOX TERR SMOOTH,BLACK
05-08-11,STRAY,OTC,CAT,S,0,6,25,NORMAL,DOMESTIC LH,BLACK
05-08-11,STRAY,FIELD,DOG,S,1,8,0,NORMAL,CHIHUAHUA SH,BROWN
05-08-11,STRAY,OTC,DOG,F,1,9,13,NORMAL,AUST SHEPHERD,BROWN
05-08-11,STRAY,FIELD,DOG,S,1,0,0,NORMAL,GREAT PYRENEES,BLACK
05-08-11,OWNER SUR,OTC,DOG,S,1,5,6,NORMAL,LABRADOR RETR,BLACK
05-08-11,STRAY,FIELD,DOG,M,1,6,29,INJURED,GERM SHEPHERD,TAN
05-08-11,STRAY,OTC,DOG,S,2,0,0,NORMAL,LHASA APSO,CREAM
05-08-11,STRAY,OTC,DOG,S,2,0,0,NORMAL,CHIHUAHUA LH,TAN
05-08-11,STRAY,OTC,CAT,N,2,0,0,FERAL,DOMESTIC SH,BRN TABBY
05-08-11,PUBLIC AST,QUARANTINE,DOG,S,3,0,0,NORMAL,CHIHUAHUA SH,CHOCOLATE
05-08-11,STRAY,OTC,DOG,N,3,0,0,NORMAL,LHASA APSO,CREAM
05-08-11,STRAY,FIELD,DOG,N,3,6,23,NORMAL,GERM SHEPHERD,TRICOLOR
05-08-11,STRAY,OTC,CAT,S,4,0,1,NORMAL,DOMESTIC SH,TORBIE
05-08-11,STRAY,OTC,DOG,N,4,0,1,NORMAL,BORDER TERRIER,CREAM
05-08-11,OWNER SUR,OTC,DOG,N,4,1,17,NORMAL,ANATOL SHEPHERD,TAN
05-08-11,OWNER SUR,OTC,DOG,N,6,7,24,NORMAL,CATAHOULA,BLUE MERLE
05-08-11,STRAY,OTC,DOG,N,7,0,1,NORMAL,COLLIE SMOOTH,TRICOLOR
05-08-11,STRAY,OTC,DOG,N,7,0,1,NORMAL,ANATOL SHEPHERD,BR BRINDLE
05-08-11,STRAY,OTC,DOG,S,7,0,1,NORMAL,LABRADOR RETR,BR BRINDLE
05-08-11,PUBLIC AST,QUARANTINE,DOG,S,7,0,1,NORMAL,CHIHUAHUA SH,RED
05-08-11,STRAY,FIELD,DOG,N,9,11,21,SICK,GERM SHEPHERD,BLACK
05-08-11,STRAY,FIELD,DOG,N,9,11,21,SICK,GERM SHEPHERD,BLACK
05-08-11,STRAY,OTC,DOG,S,11,0,2,NORMAL,LABRADOR RETR,CHOCOLATE
05-08-11,STRAY,OTC,DOG,S,16,0,2,AGED,MANCHESTER TERR,TRICOLOR
05-09-11,PUBLIC AST,OIJ,DOG,S,0,0,3,NURSING,PIT BULL,BROWN
05-09-11,PUBLIC AST,OIJ,DOG,S,0,0,3,NURSING,LABRADOR RETR,BLACK
05-09-11,PUBLIC AST,OIJ,DOG,S,0,0,3,NURSING,PIT BULL,BLACK
05-09-11,PUBLIC AST,OIJ,DOG,N,0,0,3,NURSING,PIT BULL,BLACK
05-09-11,PUBLIC AST,OIJ,DOG,U,0,0,3,NURSING,PIT BULL,BLACK
05-09-11,PUBLIC AST,OIJ,DOG,S,0,0,3,NURSING,PIT BULL,BLACK
05-09-11,PUBLIC AST,OIJ,DOG,M,0,0,3,NURSING,PIT BULL,BROWN
05-09-11,PUBLIC AST,OIJ,DOG,U,0,0,3,NURSING,PIT BULL,BROWN
05-09-11,STRAY,OTC,CAT,S,0,0,4,NORMAL,DOMESTIC MH,BLACK
05-09-11,STRAY,OTC,CAT,S,0,0,4,NORMAL,DOMESTIC MH,BLUE
05-09-11,STRAY,OTC,CAT,N,0,0,4,NORMAL,DOMESTIC MH,BLACK
05-09-11,OWNER SUR,OTC,CAT,S,0,1,2,NORMAL,DOMESTIC SH,TORTIE
05-09-11,OWNER SUR,OTC,CAT,S,0,1,2,NORMAL,DOMESTIC MH,BLACK
05-09-11,OWNER SUR,OTC,CAT,N,0,1,2,NORMAL,DOMESTIC SH,BLACK
05-09-11,STRAY,OTC,CAT,S,0,1,7,NORMAL,DOMESTIC SH,BLUE TABBY
05-09-11,STRAY,OTC,CAT,N,0,2,22,NORMAL,DOMESTIC SH,ORG TABBY
05-09-11,STRAY,OTC,CAT,S,0,2,22,NORMAL,DOMESTIC SH,WHITE
05-09-11,STRAY,OTC,CAT,N,0,2,22,NORMAL,DOMESTIC SH,ORG TABBY
05-09-11,STRAY,OTC,CAT,N,0,2,22,NORMAL,DOMESTIC SH,ORG TABBY
05-09-11,STRAY,OTC,DOG,S,0,2,0,SICK,WEIMARANER,TAN
05-09-11,STRAY,FIELD,DOG,F,0,3,22,NORMAL,DOBERMAN PINSCH,CHOCOLATE
05-09-11,STRAY,OTC,DOG,N,0,3,22,NORMAL,LABRADOR RETR,BLACK
05-09-11,STRAY,OTC,DOG,N,0,3,28,NORMAL,LABRADOR RETR,TAN
05-09-11,STRAY,OTC,DOG,N,0,3,28,NORMAL,LABRADOR RETR,TAN
05-09-11,STRAY,OTC,DOG,S,0,3,28,NORMAL,LABRADOR RETR,TAN
05-09-11,STRAY,FIELD,DOG,M,0,3,28,SICK,LABRADOR RETR,WHITE
05-09-11,STRAY,OTC,DOG,N,0,3,28,SICK,LABRADOR RETR,TAN
05-09-11,STRAY,OTC,DOG,N,0,3,28,SICK,LABRADOR RETR,TAN
05-09-11,STRAY,EMERG CLC,CAT,S,0,3,28,INJURED,DOMESTIC SH,CALICO
05-09-11,STRAY,OTC,DOG,M,0,5,14,NORMAL,GERM SH POINT,RED TICK
05-09-11,STRAY,OTC,DOG,N,0,6,14,NORMAL,LABRADOR RETR,BLACK
05-09-11,OWNER SUR,OTC,DOG,F,0,6,29,NORMAL,AUST CATTLE DOG,BLUE TICK
05-09-11,OWNER SUR,OTC,DOG,S,0,6,29,NORMAL,AUST CATTLE DOG,BLACK
05-09-11,PUBLIC AST,QUARANTINE,DOG,M,0,6,29,NORMAL,AM PIT BULL TER,WHITE
05-09-11,STRAY,OTC,DOG,N,1,10,1,NORMAL,LABRADOR RETR,YELLOW
05-09-11,PUBLIC AST,NO SUBTYPE,DOG,M,2,0,29,NORMAL,STAFFORDSHIRE,BLUE
05-09-11,STRAY,OTC,CAT,S,1,0,0,NORMAL,DOMESTIC MH,BLACK
05-09-11,STRAY,OTC,DOG,F,1,0,0,NORMAL,MALTESE,CREAM
05-09-11,STRAY,OTC,DOG,N,1,0,0,NORMAL,CATAHOULA,BRN MERLE
05-09-11,STRAY,FIELD,DOG,M,1,0,0,NORMAL,BOXER,WHITE
05-09-11,STRAY,OTC,DOG,N,1,0,0,NORMAL,LABRADOR RETR,BLACK
05-09-11,OWNER SUR,OTC,DOG,S,1,1,27,NORMAL,FRENCH BULLDOG,BR BRINDLE
05-09-11,STRAY,FIELD,CAT,M,1,6,29,INJURED,SIAMESE,LYNX PT
05-09-11,STRAY,OTC,DOG,N,1,6,29,NORMAL,WEST HIGHLAND,WHITE
05-09-11,STRAY,OTC,DOG,M,2,0,0,NORMAL,CHIHUAHUA SH,TAN
05-09-11,STRAY,FIELD,DOG,F,2,0,0,INJURED,GERM SHEPHERD,BLACK
05-09-11,PUBLIC AST,SURGERY,DOG,N,3,8,21,NORMAL,PIT BULL,BR BRINDLE
05-09-11,STRAY,OTC,DOG,M,3,0,0,NORMAL,PIT BULL,BLUE
05-09-11,STRAY,FIELD,DOG,S,3,0,0,NORMAL,BORDER COLLIE,WHITE
05-09-11,STRAY,FIELD,DOG,N,4,0,1,INJURED,CHIHUAHUA SH,BROWN
05-09-11,OWNER SUR,OTC,DOG,N,4,0,1,NORMAL,ROTTWEILER,BLACK
05-09-11,STRAY,FIELD,DOG,N,7,0,1,NORMAL,CHIHUAHUA SH,BLACK
05-09-11,STRAY,OTC,DOG,N,10,0,2,NORMAL,IRISH WOLFHOUND,BLACK
05-09-11,EUTH REQ,NO SUBTYPE,DOG,M,15,0,3,AGED,DACHSHUND,RED
05-09-11,OWNER SUR,FIELD,CAT,F,15,0,3,SICK,DOMESTIC SH,CALICO
05-10-11,BORN IN,NO SUBTYPE,CAT,U,0,0,0,NURSING,DOMESTIC SH,WHITE
05-10-11,BORN IN,NO SUBTYPE,CAT,U,0,0,0,NURSING,DOMESTIC SH,WHITE
05-10-11,BORN IN,NO SUBTYPE,CAT,U,0,0,0,NURSING,DOMESTIC SH,WHITE
05-10-11,BORN IN,NO SUBTYPE,CAT,U,0,0,0,NURSING,DOMESTIC SH,WHITE
05-10-11,STRAY,OTC,CAT,M,0,0,14,SICK,DOMESTIC SH,BLACK
05-10-11,STRAY,FIELD,CAT,N,0,2,0,SICK,DOMESTIC SH,BLACK
05-10-11,STRAY,FIELD,CAT,N,0,2,0,SICK,DOMESTIC SH,BLACK
05-10-11,OWNER SUR,FIELD,CAT,S,0,2,0,NORMAL,DOMESTIC SH,ORG TABBY
05-10-11,OWNER SUR,FIELD,CAT,N,0,1,2,NORMAL,DOMESTIC SH,CRM TABBY
05-10-11,STRAY,OTC,DOG,N,0,2,26,NORMAL,PIT BULL,BLUE
05-10-11,STRAY,OTC,CAT,N,0,2,0,NORMAL,DOMESTIC SH,BLACK
05-10-11,STRAY,OTC,CAT,N,0,2,0,NORMAL,DOMESTIC SH,BLACK
05-10-11,STRAY,OTC,CAT,S,0,3,15,NORMAL,DOMESTIC LH,CALICO
05-10-11,STRAY,FIELD,DOG,N,0,3,16,NORMAL,COTON DE TULEAR,CREAM
05-10-11,STRAY,FIELD,DOG,S,0,3,18,NORMAL,LABRADOR RETR,TAN
05-10-11,STRAY,OTC,DOG,S,0,3,28,NORMAL,LABRADOR RETR,YELLOW
05-10-11,STRAY,FIELD,DOG,N,0,5,23,NORMAL,GERM SHEPHERD,BLACK
05-10-11,STRAY,FIELD,DOG,N,0,5,23,NORMAL,LABRADOR RETR,TAN
05-10-11,STRAY,FIELD,DOG,N,0,5,23,NORMAL,LABRADOR RETR,BLACK
05-10-11,STRAY,OTC,CAT,S,0,6,20,NORMAL,DOMESTIC MH,CALICO
05-10-11,STRAY,OTC,CAT,S,0,6,25,NORMAL,DOMESTIC SH,BRN TABBY
05-10-11,OWNER SUR,OTC,CAT,N,1,9,0,NORMAL,DOMESTIC SH,BRN TABBY
05-10-11,STRAY,OTC,DOG,S,1,0,0,NORMAL,LABRADOR RETR,BLACK
05-10-11,STRAY,OTC,CAT,S,1,0,0,NORMAL,DOMESTIC SH,CALICO
05-10-11,STRAY,OTC,CAT,S,1,0,0,NORMAL,DOMESTIC SH,CALICO
05-10-11,STRAY,OTC,CAT,F,1,0,0,PREGNANT,DOMESTIC SH,BLUE
05-10-11,STRAY,FIELD,DOG,N,1,0,0,NORMAL,CHIHUAHUA SH,WHITE
05-10-11,STRAY,FIELD,DOG,N,1,0,0,NORMAL,PIT BULL,BLACK
05-10-11,STRAY,FIELD,DOG,S,1,0,0,NORMAL,BLACK MOUTH CUR,TAN
05-10-11,STRAY,OTC,DOG,N,1,0,0,NORMAL,CHIHUAHUA SH,TRICOLOR
05-10-11,OWNER SUR,OTC,CAT,S,1,2,0,NORMAL,DOMESTIC SH,CALICO
05-10-11,STRAY,OTC,DOG,M,1,5,28,NORMAL,GREAT DANE,FAWN
05-10-11,STRAY,OTC,CAT,S,1,6,26,NORMAL,DOMESTIC SH,BRN TABBY
05-10-11,OWNER SUR,FIELD,DOG,S,1,6,29,NORMAL,CHIHUAHUA SH,SABLE
05-10-11,STRAY,OTC,DOG,S,2,9,15,SICK,LABRADOR RETR,BUFF
05-10-11,STRAY,OTC,CAT,N,2,0,0,NORMAL,DOMESTIC SH,BRN TABBY
05-10-11,PUBLIC AST,COLD WEATH,DOG,S,2,0,1,NORMAL,GERM SHEPHERD,WHITE
05-10-11,STRAY,FIELD,DOG,S,4,0,28,NORMAL,AUST CATTLE DOG,BROWN
05-10-11,STRAY,OTC,CAT,N,3,0,0,NORMAL,TURKISH VAN,WHITE
05-10-11,STRAY,OTC,CAT,N,3,0,0,NORMAL,DOMESTIC SH,BRN TABBY
05-10-11,STRAY,OTC,DOG,F,3,0,0,NORMAL,DACHSHUND,BRN MERLE
05-10-11,STRAY,OTC,CAT,S,3,0,0,NORMAL,DOMESTIC MH,BRN TABBY
05-10-11,STRAY,FIELD,DOG,S,3,0,0,NORMAL,CHIHUAHUA SH,BLACK
05-10-11,STRAY,OTC,DOG,F,3,0,0,NORMAL,FOX TERR SMOOTH,WHITE
05-10-11,STRAY,OTC,CAT,S,3,0,0,FERAL,DOMESTIC SH,ORG TABBY
05-10-11,STRAY,FIELD,DOG,N,4,7,24,NORMAL,PIT BULL,BR BRINDLE
05-10-11,STRAY,FIELD,DOG,M,4,0,1,NORMAL,GERM SHEPHERD,BLACK
05-10-11,STRAY,OTC,DOG,S,4,0,1,NORMAL,GERM SH POINT,CHOCOLATE
05-10-11,STRAY,OTC,CAT,N,4,0,1,NORMAL,DOMESTIC MH,ORG TABBY
05-10-11,STRAY,OTC,CAT,S,5,0,1,NORMAL,DOMESTIC SH,BRN TABBY
05-10-11,OWNER SUR,OTC,DOG,S,5,0,1,NORMAL,LHASA APSO,BLACK
05-10-11,STRAY,OTC,DOG,M,6,0,1,NORMAL,BRITTANY,WHITE
05-10-11,OWNER SUR,OTC,CAT,S,6,0,1,NORMAL,DOMESTIC SH,BRN TABBY
05-10-11,OWNER SUR,OTC,DOG,S,7,11,12,NORMAL,GERM SHEPHERD,BLACK
05-10-11,OWNER SUR,OTC,DOG,N,7,0,1,NORMAL,BEAGLE,TRICOLOR
05-10-11,OWNER SUR,OTC,CAT,S,8,8,15,NORMAL,DOMESTIC SH,BLUE
05-10-11,STRAY,OTC,DOG,S,9,0,29,INJURED,PIT BULL,WHITE
05-10-11,STRAY,FIELD,DOG,N,8,0,2,NORMAL,RAT TERRIER,BROWN
05-10-11,OWNER SUR,OTC,DOG,S,8,0,2,NORMAL,LHASA APSO,BLACK
05-10-11,STRAY,OTC,DOG,S,9,9,12,NORMAL,CATAHOULA,BLACK
05-10-11,PUBLIC AST,QUARANTINE,CAT,N,9,0,2,NORMAL,DOMESTIC MH,CALICO
05-10-11,STRAY,FIELD,DOG,N,11,0,29,NORMAL,TOY FOX TERRIER,WHITE
05-10-11,STRAY,FIELD,CAT,U,NO AGE,SICK,DOMESTIC SH,GRAY,,
05-11-11,STRAY,OTC,CAT,N,0,0,11,NURSING,DOMESTIC SH,CRM TABBY
05-11-11,OWNER SUR,OTC,CAT,N,0,1,15,NURSING,DOMESTIC SH,BRN TABBY
05-11-11,STRAY,OTC,CAT,S,0,1,15,NURSING,DOMESTIC SH,BLUE
05-11-11,STRAY,OTC,CAT,N,0,1,15,NURSING,DOMESTIC SH,BRN TABBY
05-11-11,PUBLIC AST,QUARANTINE,CAT,M,0,2,0,NORMAL,DOMESTIC SH,BLUE TABBY
05-11-11,STRAY,OTC,DOG,N,0,1,7,OTHER,BORDER COLLIE,BLACK
05-11-11,OWNER SUR,OTC,CAT,N,0,2,24,SICK,DOMESTIC SH,ORG TABBY
05-11-11,OWNER SUR,OTC,CAT,N,0,2,24,SICK,DOMESTIC SH,ORG TABBY
05-11-11,STRAY,FIELD,DOG,M,0,2,0,SICK,CHIHUAHUA SH,TAN
05-11-11,STRAY,OTC,DOG,S,0,2,7,SICK,LABRADOR RETR,BLACK
05-11-11,OWNER SUR,OTC,CAT,N,0,2,9,SICK,DOMESTIC SH,ORG TABBY
05-11-11,STRAY,OTC,DOG,S,0,3,15,OTHER,AMERICAN STAFF,WHITE
05-11-11,PUBLIC AST,QUARANTINE,DOG,N,0,3,23,NORMAL,CHOW CHOW,BLACK
05-11-11,PUBLIC AST,QUARANTINE,DOG,S,0,6,0,NORMAL,LABRADOR RETR,BLACK
05-11-11,STRAY,OTC,DOG,N,0,6,14,NORMAL,AMER BULLDOG,WHITE
05-11-11,OWNER SUR,OTC,DOG,S,0,6,29,SICK,CHIHUAHUA SH,BLACK
05-11-11,OWNER SUR,OTC,CAT,N,1,6,11,SICK,DOMESTIC SH,BLUE
05-11-11,STRAY,FIELD,DOG,N,1,9,0,SICK,POODLE MIN,BLACK
05-11-11,PUBLIC AST,QUARANTINE,CAT,S,1,8,10,NORMAL,DOMESTIC SH,GRAY
05-11-11,STRAY,OTC,DOG,S,1,10,25,NORMAL,CHIHUAHUA SH,BLACK
05-11-11,STRAY,OTC,DOG,F,1,10,1,NORMAL,BOXER,TAN
05-11-11,STRAY,OTC,CAT,N,2,0,23,NORMAL,DOMESTIC SH,BLACK
05-11-11,STRAY,OTC,CAT,S,1,0,0,NORMAL,DOMESTIC LH,BLUE
05-11-11,STRAY,OTC,CAT,S,1,0,0,NORMAL,DOMESTIC SH,BRN TABBY
05-11-11,STRAY,OTC,CAT,S,1,0,0,NORMAL,DOMESTIC LH,BLACK
05-11-11,OWNER SUR,OTC,DOG,S,1,0,0,OTHER,PIT BULL,WHITE
05-11-11,STRAY,OTC,CAT,N,1,0,0,FERAL,DOMESTIC SH,BLUE
05-11-11,STRAY,FIELD,DOG,S,1,0,0,NORMAL,AMER BULLDOG,WHITE
05-11-11,OWNER SUR,RETURN,DOG,N,1,0,10,NORMAL,FOX TERR WIRE,TAN
05-11-11,STRAY,OTC,DOG,N,1,6,29,NORMAL,LHASA APSO,CREAM
05-11-11,STRAY,FIELD,CAT,S,1,6,29,INJURED,SNOWSHOE,TORTIE PT
05-11-11,STRAY,FIELD,DOG,N,3,0,27,NORMAL,LHASA APSO,WHITE
05-11-11,STRAY,FIELD,CAT,F,3,0,0,NORMAL,DOMESTIC SH,WHITE
05-11-11,STRAY,OTC,DOG,S,2,0,0,NORMAL,PIT BULL,BLACK
05-11-11,STRAY,OTC,DOG,S,2,4,23,NORMAL,AUST SHEPHERD,CREAM
05-11-11,STRAY,FIELD,DOG,S,4,0,27,NORMAL,DACHSHUND,WHITE
05-11-11,PUBLIC AST,QUARANTINE,CAT,N,3,6,0,NORMAL,DOMESTIC SH,BLACK
05-11-11,STRAY,FIELD,DOG,N,4,0,1,NORMAL,GREAT PYRENEES,WHITE
05-11-11,STRAY,FIELD,DOG,S,4,0,1,NORMAL,GREAT PYRENEES,WHITE
05-11-11,STRAY,OTC,DOG,N,4,0,1,NORMAL,BOSTON TERRIER,RED
05-11-11,STRAY,OTC,DOG,S,4,0,1,NORMAL,COCKER SPAN,BLACK
05-11-11,PUBLIC AST,QUARANTINE,DOG,N,4,0,2,NORMAL,CHESA BAY RETR,CHOCOLATE
05-11-11,STRAY,OTC,DOG,N,6,0,1,NORMAL,YORKSHIRE TERR,BLACK
05-11-11,STRAY,FIELD,DOG,S,7,8,18,NORMAL,CHOW CHOW,BROWN
05-11-11,STRAY,FIELD,DOG,S,8,0,0,NORMAL,LABRADOR RETR,BLACK
05-11-11,OWNER SUR,OTC,CAT,S,7,0,1,NORMAL,DOMESTIC SH,AGOUTI
05-11-11,STRAY,OTC,CAT,N,8,0,2,INJURED,DOMESTIC SH,ORG TABBY
05-11-11,STRAY,OTC,DOG,N,9,0,2,AGED,CHIHUAHUA SH,BLUE
05-11-11,STRAY,FIELD,DOG,N,10,0,2,NORMAL,GERM SHEPHERD,BROWN
05-11-11,STRAY,OTC,CAT,S,12,2,27,OTHER,DOMESTIC LH,BLACK
05-11-11,STRAY,FIELD,CAT,U,NO AGE,SICK,DOMESTIC MH,GRAY,,
05-12-11,STRAY,FIELD,CAT,N,0,1,15,NURSING,DOMESTIC SH,BLACK
05-12-11,STRAY,FIELD,CAT,S,0,1,15,NURSING,DOMESTIC SH,BLACK
05-12-11,STRAY,FIELD,CAT,S,0,1,15,NURSING,DOMESTIC SH,BLUE
05-12-11,STRAY,OTC,CAT,M,0,1,22,SICK,DOMESTIC SH,WHITE
05-12-11,STRAY,FIELD,CAT,M,0,2,0,SICK,DOMESTIC LH,BRN TABBY
05-12-11,OWNER SUR,OTC,DOG,S,0,1,7,NORMAL,LABRADOR RETR,TAN
05-12-11,OWNER SUR,OTC,DOG,S,0,1,7,NORMAL,LABRADOR RETR,BLACK
05-12-11,STRAY,OTC,CAT,S,0,2,18,OTHER,DOMESTIC SH,BLACK
05-12-11,STRAY,OTC,CAT,N,0,2,22,NORMAL,DOMESTIC SH,ORG TABBY
05-12-11,PUBLIC AST,QUARANTINE,CAT,N,0,2,22,NORMAL,DOMESTIC SH,BLACK
05-12-11,STRAY,OTC,DOG,S,0,2,0,NORMAL,AUST SHEPHERD,TRICOLOR
05-12-11,STRAY,OTC,DOG,N,0,2,0,NORMAL,AUST SHEPHERD,TAN
05-12-11,STRAY,OTC,DOG,M,0,2,0,NORMAL,AUST SHEPHERD,TAN
05-12-11,STRAY,OTC,CAT,S,0,2,0,OTHER,DOMESTIC SH,BLACK
05-12-11,STRAY,OTC,CAT,S,0,2,0,OTHER,DOMESTIC SH,BLACK
05-12-11,STRAY,OTC,CAT,N,0,2,0,OTHER,DOMESTIC SH,BLACK
05-12-11,OWNER SUR,OTC,CAT,N,0,3,15,NORMAL,DOMESTIC SH,BRN TABBY
05-12-11,STRAY,OTC,DOG,N,0,3,15,NORMAL,SIBERIAN HUSKY,RED
05-12-11,STRAY,OTC,CAT,N,0,3,15,NORMAL,DOMESTIC SH,ORG TABBY
05-12-11,STRAY,OTC,CAT,S,0,3,22,NORMAL,DOMESTIC SH,SLVR TABBY
05-12-11,STRAY,OTC,CAT,N,0,3,22,NORMAL,DOMESTIC SH,ORG TABBY
05-12-11,STRAY,FIELD,DOG,N,0,4,29,NORMAL,PIT BULL,BLACK
05-12-11,OWNER SUR,OTC,DOG,S,0,5,11,NORMAL,DOBERMAN PINSCH,CHOCOLATE
05-12-11,STRAY,FIELD,DOG,S,0,6,14,NORMAL,CHIHUAHUA SH,RED
05-12-11,PUBLIC AST,QUARANTINE,DOG,S,0,6,14,NORMAL,CHIHUAHUA SH,TAN
05-12-11,OWNER SUR,FIELD,DOG,N,0,6,14,NORMAL,CHIHUAHUA SH,BLACK
05-12-11,STRAY,OTC,DOG,F,0,6,29,SICK,LABRADOR RETR,BLACK
05-12-11,STRAY,FIELD,DOG,S,1,10,1,NORMAL,CAIRN TERRIER,BLACK
05-12-11,STRAY,FIELD,DOG,S,1,0,0,NORMAL,PIT BULL,WHITE
05-12-11,STRAY,OTC,DOG,S,1,0,0,NORMAL,CHIHUAHUA SH,TRICOLOR
05-12-11,OWNER SUR,FIELD,DOG,S,1,0,0,NORMAL,CAIRN TERRIER,BUFF
05-12-11,OWNER SUR,OTC,DOG,S,1,0,0,NORMAL,BELG MALINOIS,BLACK
05-12-11,STRAY,FIELD,DOG,S,1,0,0,NORMAL,CHIHUAHUA SH,RED
05-12-11,PUBLIC AST,QUARANTINE,DOG,N,1,6,0,NORMAL,CHIHUAHUA SH,TAN
05-12-11,OWNER SUR,OTC,DOG,S,1,6,29,NORMAL,JACK RUSS TERR,WHITE
05-12-11,STRAY,OTC,DOG,S,2,11,20,NORMAL,DACHSHUND,BROWN
05-12-11,STRAY,OTC,DOG,N,2,0,0,NORMAL,DACHSHUND,BLACK
05-12-11,STRAY,OTC,DOG,M,2,0,0,NORMAL,BOXER,BR BRINDLE
05-12-11,OWNER SUR,OTC,CAT,S,2,0,0,NORMAL,DOMESTIC SH,BLUE
05-12-11,OWNER SUR,OTC,DOG,N,2,0,0,NORMAL,LABRADOR RETR,TAN
05-12-11,OWNER SUR,OTC,DOG,N,2,0,0,NORMAL,CHIHUAHUA SH,TAN
05-12-11,STRAY,OTC,DOG,M,2,0,0,NORMAL,DACHSHUND,BLUE MERLE
05-12-11,STRAY,OTC,DOG,N,2,0,0,NORMAL,CHIHUAHUA SH,BROWN
05-12-11,STRAY,FIELD,DOG,N,2,0,0,OTHER,SIBERIAN HUSKY,BROWN
05-12-11,OWNER SUR,OTC,DOG,S,3,0,0,NORMAL,PIT BULL,BLACK
05-12-11,STRAY,OTC,CAT,N,3,0,0,NORMAL,DOMESTIC SH,BRN TABBY
05-12-11,STRAY,OTC,CAT,S,3,0,0,PREGNANT,DOMESTIC LH,CRM TABBY
05-12-11,STRAY,FIELD,DOG,N,3,6,0,NORMAL,GREAT PYRENEES,GOLD
05-12-11,STRAY,OTC,DOG,N,4,9,8,NORMAL,GERM SHEPHERD,BROWN
05-12-11,STRAY,OTC,CAT,S,5,0,28,NORMAL,DOMESTIC SH,TORTIE
05-12-11,OWNER SUR,OTC,DOG,F,4,0,1,SICK,LABRADOR RETR,BLACK
05-12-11,OWNER SUR,OTC,CAT,S,4,0,1,NORMAL,DOMESTIC SH,BLACK
05-12-11,OWNER SUR,OTC,DOG,M,4,0,1,NORMAL,AMER FOXHOUND,WHITE
05-12-11,OWNER SUR,OTC,DOG,F,4,0,1,NORMAL,BORDER COLLIE,WHITE
05-12-11,STRAY,OTC,CAT,N,4,0,1,NORMAL,DOMESTIC SH,ORG TABBY
05-12-11,OWNER SUR,OTC,DOG,M,4,5,20,NORMAL,LABRADOR RETR,BUFF
05-12-11,STRAY,FIELD,DOG,N,6,0,28,INJURED,LHASA APSO,WHITE
05-12-11,STRAY,OTC,CAT,N,5,0,1,NORMAL,DOMESTIC MH,CRM TABBY
05-12-11,STRAY,FIELD,DOG,S,7,7,17,NORMAL,WELSH CORGI CAR,BLACK
05-12-11,STRAY,FIELD,DOG,N,7,0,1,NORMAL,BEAGLE,TRICOLOR
05-12-11,STRAY,FIELD,CAT,N,8,11,15,INJURED,DOMESTIC SH,CREAM
05-12-11,STRAY,FIELD,DOG,S,8,5,11,NORMAL,GERM SHEPHERD,TAN
05-12-11,STRAY,OTC,DOG,N,9,0,2,NORMAL,CHIHUAHUA SH,BROWN
05-12-11,STRAY,OTC,DOG,N,9,0,2,NORMAL,POMERANIAN,BLACK
05-12-11,STRAY,OTC,DOG,N,9,0,2,NORMAL,BEAGLE,WHITE
05-12-11,STRAY,OTC,DOG,S,10,0,1,NORMAL,ROTTWEILER,BLACK
05-12-11,STRAY,OTC,DOG,S,10,0,2,AGED,CATAHOULA,BLUE MERLE
05-12-11,OWNER SUR,OTC,CAT,S,11,0,2,NORMAL,DOMESTIC SH,BRN TABBY
05-12-11,STRAY,FIELD,DOG,M,12,5,12,NORMAL,GERM SHEPHERD,BROWN
05-12-11,STRAY,OTC,CAT,S,15,0,3,AGED,SNOWSHOE,SEAL PT
05/13/2011,STRAY,OTC,CAT,S,0,1,15,NORMAL,DOMESTIC LH,FLAME PT
05/13/2011,STRAY,OTC,CAT,N,0,1,15,NORMAL,DOMESTIC LH,SEAL PT
05/13/2011,STRAY,OTC,CAT,N,0,1,15,NORMAL,DOMESTIC LH,BRN TABBY
05/13/2011,STRAY,OTC,CAT,N,0,1,15,NORMAL,DOMESTIC LH,BRN TABBY
05/13/2011,STRAY,OTC,CAT,S,0,1,21,NORMAL,DOMESTIC SH,BLACK
05/13/2011,STRAY,OTC,CAT,N,0,1,22,NORMAL,DOMESTIC MH,BLACK
05/13/2011,STRAY,OTC,CAT,S,0,1,22,NORMAL,DOMESTIC SH,BLACK
05/13/2011,STRAY,OTC,CAT,N,0,1,22,NORMAL,DOMESTIC SH,BRN TABBY
05/13/2011,STRAY,OTC,CAT,N,0,1,22,NORMAL,DOMESTIC MH,CRM TABBY
05/13/2011,STRAY,OTC,CAT,N,0,1,22,NORMAL,SIAMESE,FLAME PT
05/13/2011,STRAY,OTC,CAT,S,0,1,22,NORMAL,DOMESTIC MH,ORG TABBY
05/13/2011,STRAY,OTC,CAT,N,0,1,22,NORMAL,DOMESTIC MH,BLACK
05/13/2011,OWNER SUR,OTC,CAT,F,0,2,0,NORMAL,DOMESTIC SH,CALICO
05/13/2011,STRAY,OTC,CAT,N,0,2,0,NORMAL,DOMESTIC LH,BLACK
05/13/2011,STRAY,OTC,CAT,N,0,2,0,NORMAL,DOMESTIC MH,BLUE
05/13/2011,STRAY,OTC,CAT,S,0,2,0,NORMAL,DOMESTIC LH,BLUE CREAM
05/13/2011,STRAY,OTC,CAT,S,0,1,4,NORMAL,DOMESTIC SH,TORTIE
05/13/2011,STRAY,OTC,CAT,S,0,1,6,NORMAL,DOMESTIC MH,BLUE TABBY
05/13/2011,STRAY,OTC,CAT,S,0,1,6,NORMAL,DOMESTIC MH,BLUE TABBY
05/13/2011,STRAY,OTC,CAT,S,0,1,6,NORMAL,DOMESTIC MH,BRN TABBY
05/13/2011,STRAY,OTC,CAT,N,0,2,15,NORMAL,DOMESTIC MH,BRN TABBY
05/13/2011,STRAY,OTC,CAT,S,0,2,15,NORMAL,DOMESTIC SH,CALICO
05/13/2011,STRAY,OTC,CAT,S,0,2,15,NORMAL,DOMESTIC SH,BLACK
05/13/2011,STRAY,FIELD,CAT,M,0,2,0,INJURED,DOMESTIC SH,BLACK
05/13/2011,OWNER SUR,OTC,DOG,N,0,3,15,NORMAL,BORDER COLLIE,BLACK
05/13/2011,OWNER SUR,OTC,DOG,N,0,3,15,NORMAL,BORDER COLLIE,BLACK
05/13/2011,OWNER SUR,OTC,DOG,N,0,3,15,NORMAL,BORDER COLLIE,BLACK
05/13/2011,OWNER SUR,OTC,DOG,S,0,3,15,NORMAL,BORDER COLLIE,BLACK
05/13/2011,OWNER SUR,OTC,DOG,S,0,3,15,NORMAL,BORDER COLLIE,BLACK
05/13/2011,OWNER SUR,OTC,DOG,S,0,3,15,NORMAL,BORDER COLLIE,BROWN
05/13/2011,OWNER SUR,OTC,CAT,N,0,3,28,NORMAL,DOMESTIC SH,BLACK
05/13/2011,OWNER SUR,OTC,CAT,S,0,3,28,NORMAL,DOMESTIC SH,BRN TABBY
05/13/2011,OWNER SUR,OTC,CAT,N,0,3,28,NORMAL,DOMESTIC SH,BLACK
05/13/2011,OWNER SUR,OTC,DOG,S,0,4,29,NORMAL,JACK RUSS TERR,TAN
05/13/2011,OWNER SUR,RETURN,DOG,N,1,9,11,NORMAL,STAFFORDSHIRE,BROWN
05/13/2011,STRAY,FIELD,DOG,M,1,0,0,INJURED,AMERICAN STAFF,BLUE
05/13/2011,OWNER SUR,OTC,CAT,N,1,6,15,NORMAL,DOMESTIC SH,BLACK
05/13/2011,STRAY,OTC,DOG,S,1,6,28,NORMAL,LABRADOR RETR,BLACK
05/13/2011,OWNER SUR,OTC,DOG,S,1,6,29,NORMAL,BLUETICK HOUND,BLACK
05/13/2011,OWNER SUR,OTC,DOG,S,1,6,29,NORMAL,AUST CATTLE DOG,BLUE TICK
05/13/2011,STRAY,OTC,DOG,S,1,6,29,NORMAL,LABRADOR RETR,TAN
05/13/2011,STRAY,OTC,DOG,N,2,8,16,NORMAL,BASSET HOUND,BR BRINDLE
05/13/2011,PUBLIC AST,SURGERY,DOG,S,2,9,3,NORMAL,BOSTON TERRIER,BLACK
05/13/2011,OWNER SUR,OTC,DOG,S,2,0,0,NORMAL,LABRADOR RETR,BLACK
05/13/2011,STRAY,OTC,CAT,N,2,0,0,NORMAL,DOMESTIC MH,BRN TABBY
05/13/2011,STRAY,OTC,DOG,M,2,0,0,NORMAL,CHIHUAHUA SH,TAN
05/13/2011,OWNER SUR,OTC,DOG,N,2,1,4,NORMAL,PIT BULL,BL BRINDLE
05/13/2011,STRAY,FIELD,DOG,N,2,6,29,NORMAL,ROTTWEILER,BLACK
05/13/2011,OWNER SUR,OTC,DOG,N,3,0,0,NORMAL,BORDER COLLIE,WHITE
05/13/2011,STRAY,OTC,DOG,S,3,0,0,NORMAL,GERM SHEPHERD,BLACK
05/13/2011,PUBLIC AST,EMERGENCY,DOG,S,3,0,0,NORMAL,LABRADOR RETR,TAN
05/13/2011,OWNER SUR,OTC,DOG,S,3,0,0,NORMAL,CHOW CHOW,CHOCOLATE
05/13/2011,STRAY,FOUND IN,DOG,F,3,0,11,NORMAL,PIT BULL,WHITE
05/13/2011,PUBLIC AST,QUARANTINE,DOG,S,4,6,6,NORMAL,LABRADOR RETR,BLACK
05/13/2011,STRAY,FIELD,DOG,N,4,8,20,NORMAL,ROTTWEILER,BLACK
05/13/2011,STRAY,OTC,DOG,N,4,0,1,NORMAL,CAIRN TERRIER,BLACK
05/13/2011,STRAY,FIELD,DOG,F,4,0,1,NORMAL,PIT BULL,BR BRINDLE
05/13/2011,STRAY,OTC,DOG,N,4,0,1,NORMAL,DUTCH SHEPHERD,BR BRINDLE
05/13/2011,OWNER SUR,OTC,DOG,S,6,0,28,NORMAL,GERM SH POINT,WHITE
05/13/2011,STRAY,OTC,DOG,N,5,0,1,NORMAL,AUST SHEPHERD,WHITE
05/13/2011,OWNER SUR,OTC,CAT,N,5,1,9,NORMAL,DOMESTIC SH,BLACK
05/13/2011,STRAY,OTC,DOG,N,6,8,21,NORMAL,CHIHUAHUA SH,BLACK
05/13/2011,STRAY,OTC,DOG,F,10,0,2,NORMAL,DACHSHUND,TAN
05/13/2011,OWNER SUR,OTC,DOG,N,11,0,2,NORMAL,DACHSHUND LH,RED
05/13/2011,OWNER SUR,OTC,DOG,S,12,0,3,SICK,GERM SH POINT,WHITE
05/13/2011,OWNER SUR,OTC,DOG,N,13,0,3,NORMAL,JACK RUSS TERR,BROWN
05/13/2011,EUTH REQ,NO SUBTYPE,CAT,U,15,0,3,SICK,DOMESTIC SH,BLACK
05/13/2011,EUTH REQ,NO SUBTYPE,DOG,F,15,6,14,SICK,RAT TERRIER,TRICOLOR
05/13/2011,STRAY,FIELD,CAT,U,NO AGE,INJURED,DOMESTIC SH,WHITE,,
05/13/2011,STRAY,OTC,CAT,N,NO AGE,FERAL,DOMESTIC SH,BLACK,,
05/13/2011,STRAY,OTC,CAT,N,NO AGE,NORMAL,DOMESTIC SH,BLACK,,
05/14/2011,STRAY,OTC,CAT,N,0,1,15,NORMAL,DOMESTIC SH,BRN TABBY
05/14/2011,STRAY,OTC,CAT,M,0,1,15,NURSING,DOMESTIC SH,BRN TABBY
05/14/2011,OWNER SUR,OTC,CAT,N,0,1,22,NURSING,DOMESTIC SH,GRAY TABBY
05/14/2011,OWNER SUR,OTC,DOG,S,0,1,22,NURSING,BORDER COLLIE,BLACK
05/14/2011,OWNER SUR,OTC,DOG,S,0,1,22,NURSING,BORDER COLLIE,BROWN
05/14/2011,OWNER SUR,OTC,DOG,S,0,1,22,NURSING,BORDER COLLIE,WHITE
05/14/2011,STRAY,OTC,CAT,S,0,2,15,SICK,DOMESTIC LH,BLUE TABBY
05/14/2011,OWNER SUR,OTC,DOG,N,0,2,15,NORMAL,ANATOL SHEPHERD,WHITE
05/14/2011,OWNER SUR,OTC,DOG,N,0,2,15,NORMAL,ANATOL SHEPHERD,WHITE
05/14/2011,OWNER SUR,OTC,DOG,N,0,2,15,NORMAL,ANATOL SHEPHERD,WHITE
05/14/2011,OWNER SUR,OTC,DOG,N,0,2,15,NORMAL,ANATOL SHEPHERD,TRICOLOR
05/14/2011,OWNER SUR,OTC,DOG,N,0,2,15,NORMAL,ANATOL SHEPHERD,TRICOLOR
05/14/2011,STRAY,OTC,CAT,S,0,2,22,NORMAL,DOMESTIC SH,BRN TABBY
05/14/2011,OWNER SUR,OTC,CAT,N,0,3,15,NORMAL,DOMESTIC SH,ORG TABBY
05/14/2011,OWNER SUR,OTC,CAT,M,0,3,15,NORMAL,DOMESTIC SH,ORG TABBY
05/14/2011,STRAY,OTC,CAT,N,0,3,15,NORMAL,DOMESTIC SH,ORG TABBY
05/14/2011,STRAY,OTC,CAT,N,0,3,15,NORMAL,DOMESTIC SH,CRM TABBY
05/14/2011,STRAY,OTC,CAT,S,0,3,15,NORMAL,DOMESTIC SH,BLUE TABBY
05/14/2011,STRAY,OTC,DOG,S,0,4,29,NORMAL,CATAHOULA,WHITE
05/14/2011,STRAY,OTC,DOG,F,0,4,29,NORMAL,CATAHOULA,TAN
05/14/2011,STRAY,OTC,DOG,S,0,4,29,NORMAL,LABRADOR RETR,BLACK
05/14/2011,OWNER SUR,OTC,DOG,N,0,6,0,NORMAL,LEONBERGER,TAN
05/14/2011,OWNER SUR,OTC,DOG,S,0,6,29,NORMAL,GERM SHEPHERD,SABLE
05/14/2011,OWNER SUR,RETURN,DOG,N,1,7,24,NORMAL,LABRADOR RETR,BUFF
05/14/2011,STRAY,OTC,DOG,S,1,8,0,NORMAL,PIT BULL,WHITE
05/14/2011,STRAY,FIELD,DOG,N,1,0,0,NORMAL,AUST KELPIE,BLACK
05/14/2011,STRAY,FIELD,DOG,N,1,0,0,NORMAL,BORDER COLLIE,BLACK
05/14/2011,STRAY,FIELD,DOG,N,1,0,0,NORMAL,CHIHUAHUA SH,BROWN
05/14/2011,STRAY,OTC,DOG,S,1,6,29,NORMAL,PIT BULL,CHOCOLATE
05/14/2011,STRAY,FIELD,CAT,F,1,6,29,INJURED,DOMESTIC SH,ORG TABBY
05/14/2011,STRAY,OTC,DOG,M,1,6,29,NORMAL,PIT BULL,BROWN
05/14/2011,OWNER SUR,OTC,CAT,N,2,0,0,NORMAL,DOMESTIC MH,ORG TABBY
05/14/2011,STRAY,OTC,DOG,M,2,0,0,NORMAL,DACHSHUND,BLACK
05/14/2011,STRAY,OTC,DOG,S,2,0,0,NORMAL,ANATOL SHEPHERD,WHITE
05/14/2011,OWNER SUR,OTC,CAT,S,2,0,0,NURSING,DOMESTIC SH,GRAY TABBY
05/14/2011,STRAY,OTC,DOG,N,2,0,0,NORMAL,PIT BULL,BLUE
05/14/2011,OWNER SUR,OTC,DOG,N,2,0,13,NORMAL,AUST KELPIE,BLACK
05/14/2011,PUBLIC AST,QUARANTINE,DOG,M,3,10,17,NORMAL,AUST CATTLE DOG,BLUE TICK
05/14/2011,STRAY,OTC,DOG,S,4,0,21,NORMAL,POODLE MIN,WHITE
05/14/2011,STRAY,OTC,DOG,F,3,0,0,NORMAL,PIT BULL,TAN
05/14/2011,STRAY,OTC,CAT,N,3,0,0,NORMAL,DOMESTIC SH,BRN TABBY
05/14/2011,STRAY,OTC,DOG,N,3,2,18,NORMAL,CHIHUAHUA SH,TRICOLOR
05/14/2011,STRAY,OTC,DOG,S,4,8,10,NORMAL,COLLIE SMOOTH,TAN
05/14/2011,STRAY,OTC,DOG,N,4,0,1,NORMAL,WHIPPET,SABLE
05/14/2011,STRAY,OTC,DOG,S,4,0,1,NORMAL,CHIHUAHUA SH,BLACK
05/14/2011,STRAY,FIELD,DOG,M,4,0,1,NORMAL,PRESA CANARIO,BLACK
05/14/2011,STRAY,OTC,CAT,N,4,0,3,NORMAL,DOMESTIC SH,ORG TABBY
05/14/2011,STRAY,OTC,CAT,S,5,0,1,NORMAL,EXOTIC SH,TORTIE
05/14/2011,STRAY,OTC,DOG,F,5,0,1,NORMAL,STAFFORDSHIRE,BLACK
05/14/2011,OWNER SUR,OTC,DOG,S,6,9,17,NORMAL,AUST CATTLE DOG,BROWN
05/14/2011,STRAY,OTC,DOG,N,6,0,1,NORMAL,PEKINGESE,TAN
05/14/2011,OWNER SUR,OTC,CAT,N,6,0,1,NORMAL,DOMESTIC SH,CRM TABBY
05/14/2011,STRAY,OTC,DOG,S,6,5,0,NORMAL,POODLE MIN,BLACK
05/14/2011,STRAY,OTC,DOG,N,7,7,18,NORMAL,GERM SHEPHERD,BROWN
05/14/2011,OWNER SUR,OTC,DOG,S,8,0,2,NORMAL,BORDER COLLIE,BLACK
05/14/2011,STRAY,OTC,DOG,N,8,0,2,NORMAL,BOXER,RED
05/14/2011,OWNER SUR,OTC,DOG,N,9,0,2,NORMAL,ROTTWEILER,BLACK
05/14/2011,PUBLIC AST,INVESTIGAT,DOG,M,10,3,25,NORMAL,LABRADOR RETR,BROWN
05/14/2011,STRAY,OTC,CAT,N,12,0,3,NORMAL,DOMESTIC MH,BUFF
05/15/2011,STRAY,OTC,CAT,M,0,0,3,NORMAL,DOMESTIC SH,BLK TABBY
05/15/2011,STRAY,OTC,CAT,M,0,0,3,NORMAL,DOMESTIC SH,ORG TABBY
05/15/2011,STRAY,OTC,CAT,F,0,0,3,NORMAL,DOMESTIC SH,WHITE
05/15/2011,STRAY,OTC,CAT,N,0,1,15,NORMAL,DOMESTIC MH,BLUE TABBY
05/15/2011,STRAY,OTC,CAT,N,0,1,15,NORMAL,DOMESTIC MH,BLUE TABBY
05/15/2011,STRAY,OTC,CAT,N,0,1,15,NORMAL,DOMESTIC MH,BLK TABBY
05/15/2011,STRAY,NO SUBTYPE,CAT,S,0,1,22,NORMAL,DOMESTIC SH,BLACK
05/15/2011,STRAY,OTC,CAT,N,0,1,7,NORMAL,DOMESTIC SH,BRN TABBY
05/15/2011,STRAY,OTC,CAT,S,0,2,15,NORMAL,DOMESTIC SH,TORBIE
05/15/2011,OWNER SUR,OTC,CAT,S,0,2,22,NORMAL,DOMESTIC SH,BRN TABBY
05/15/2011,OWNER SUR,OTC,CAT,S,0,2,22,NORMAL,DOMESTIC SH,BLACK
05/15/2011,OWNER SUR,OTC,CAT,N,0,2,22,NORMAL,DOMESTIC SH,BRN TABBY
05/15/2011,OWNER SUR,OTC,CAT,N,0,2,22,NORMAL,DOMESTIC SH,BRN TABBY
05/15/2011,OWNER SUR,OTC,CAT,S,0,2,0,NORMAL,DOMESTIC SH,BRN TABBY
05/15/2011,OWNER SUR,OTC,CAT,N,0,2,0,NORMAL,DOMESTIC SH,BLACK
05/15/2011,OWNER SUR,OTC,CAT,S,0,2,0,NORMAL,DOMESTIC SH,BLACK
05/15/2011,OWNER SUR,OTC,CAT,S,0,2,0,NORMAL,DOMESTIC SH,BLACK
05/15/2011,OWNER SUR,OTC,CAT,S,0,2,0,NORMAL,DOMESTIC LH,CALICO
05/15/2011,OWNER SUR,OTC,CAT,S,0,2,0,NORMAL,DOMESTIC SH,CALICO
05/15/2011,OWNER SUR,OTC,CAT,N,0,2,0,NORMAL,DOMESTIC SH,BLACK
05/15/2011,OWNER SUR,OTC,DOG,S,0,2,0,NORMAL,LABRADOR RETR,YELLOW
05/15/2011,STRAY,FIELD,CAT,S,0,2,0,SICK,DOMESTIC SH,TORBIE
05/15/2011,STRAY,FIELD,DOG,M,0,4,29,SICK,DACHSHUND LH,BROWN
05/15/2011,STRAY,OTC,DOG,S,0,4,29,NORMAL,CAVALIER SPAN,TRICOLOR
05/15/2011,STRAY,FIELD,DOG,N,0,4,29,NORMAL,CHIHUAHUA SH,TAN
05/15/2011,OWNER SUR,OTC,DOG,N,1,8,0,NORMAL,GERM SH POINT,BLACK
05/15/2011,STRAY,OTC,DOG,S,1,8,0,NORMAL,BOXER,BROWN
05/15/2011,OWNER SUR,FIELD,DOG,S,1,8,0,NORMAL,LABRADOR RETR,BLACK
05/15/2011,STRAY,OTC,DOG,S,1,9,0,NORMAL,WEST HIGHLAND,WHITE
05/15/2011,STRAY,OTC,DOG,S,1,10,1,NORMAL,GERM SHEPHERD,TAN
05/15/2011,OWNER SUR,RETURN,DOG,N,1,11,14,NORMAL,LABRADOR RETR,TAN
05/15/2011,STRAY,FIELD,DOG,S,1,0,0,NORMAL,CHIHUAHUA SH,BUFF
05/15/2011,OWNER SUR,OTC,CAT,S,1,0,0,NORMAL,DOMESTIC SH,BLUE TABBY
05/15/2011,STRAY,OTC,DOG,N,1,6,29,NORMAL,LABRADOR RETR,BLACK
05/15/2011,STRAY,FIELD,DOG,S,1,6,29,NURSING,PIT BULL,WHITE
05/15/2011,STRAY,OTC,DOG,S,3,0,23,NORMAL,GERM SHEPHERD,BLACK
05/15/2011,OWNER SUR,OTC,CAT,N,2,0,0,NORMAL,DOMESTIC SH,ORG TABBY
05/15/2011,OWNER SUR,OTC,CAT,N,2,0,0,NORMAL,DOMESTIC SH,BLACK
05/15/2011,PUBLIC AST,QUARANTINE,DOG,M,2,0,0,NORMAL,AM PIT BULL TER,RED
05/15/2011,OWNER SUR,OTC,CAT,S,2,0,0,NORMAL,DOMESTIC SH,BRN TABBY
05/15/2011,STRAY,OTC,DOG,N,2,0,0,NORMAL,PIT BULL,RED
05/15/2011,STRAY,OTC,DOG,S,2,0,0,NORMAL,AIREDALE TERR,BLACK
05/15/2011,ABANDONED,NO SUBTYPE,DOG,F,2,0,0,NORMAL,PIT BULL,WHITE
05/15/2011,STRAY,OTC,CAT,S,2,0,0,NORMAL,DOMESTIC LH,BLUE
05/15/2011,STRAY,FIELD,DOG,F,2,6,29,INJURED,PIT BULL,WHITE
05/15/2011,STRAY,FIELD,DOG,F,2,6,29,INJURED,PIT BULL,WHITE
05/15/2011,OWNER SUR,OTC,DOG,S,3,10,6,NORMAL,PIT BULL,BR BRINDLE
05/15/2011,STRAY,FIELD,DOG,N,3,0,0,NORMAL,GERM SHEPHERD,TAN
05/15/2011,STRAY,FIELD,DOG,N,4,0,1,NORMAL,TIBETAN SPAN,WHITE
05/15/2011,STRAY,OTC,CAT,S,4,0,1,NORMAL,DOMESTIC SH,TORTIE
05/15/2011,PUBLIC AST,OIJ,DOG,S,4,0,1,NORMAL,PIT BULL,BLUE
05/15/2011,OWNER SUR,OTC,CAT,S,4,0,1,NORMAL,DOMESTIC SH,CALICO
05/15/2011,OWNER SUR,OTC,DOG,S,5,0,1,NORMAL,PIT BULL,WHITE
05/15/2011,OWNER SUR,OTC,CAT,S,5,0,1,INJURED,DOMESTIC SH,CALICO
05/15/2011,STRAY,FIELD,DOG,S,7,0,27,NORMAL,BOXER,BROWN
05/15/2011,STRAY,OTC,CAT,N,6,0,1,NORMAL,MAINE COON,BRN TABBY
05/15/2011,STRAY,OTC,CAT,S,6,0,1,NORMAL,MAINE COON,BLUE TABBY
05/15/2011,STRAY,FIELD,DOG,N,6,0,1,INJURED,RAT TERRIER,TRICOLOR
05/15/2011,ABANDONED,NO SUBTYPE,DOG,M,8,0,27,NORMAL,DOGO ARGENTINO,WHITE
05/15/2011,OWNER SUR,OTC,DOG,S,8,0,2,NORMAL,BORDER COLLIE,BLACK
05/15/2011,STRAY,OTC,DOG,N,8,0,11,NORMAL,AKITA,BLACK
05/15/2011,STRAY,FIELD,CAT,S,10,0,2,SICK,DOMESTIC SH,GRAY
05/15/2011,STRAY,OTC,CAT,N,10,5,18,NORMAL,DOMESTIC SH,BRN TABBY
05/15/2011,STRAY,FIELD,CAT,N,13,0,3,SICK,SIAMESE,LYNX PT
05/16/2011,STRAY,OTC,CAT,S,0,1,15,NORMAL,DOMESTIC SH,BLACK
05/16/2011,STRAY,OTC,CAT,N,0,1,15,NORMAL,DOMESTIC SH,BLACK
05/16/2011,STRAY,OTC,CAT,N,0,1,15,NORMAL,DOMESTIC SH,BRN TABBY
05/16/2011,STRAY,OTC,CAT,S,0,1,18,NORMAL,DOMESTIC SH,CALICO
05/16/2011,STRAY,OTC,DOG,S,0,1,18,NORMAL,LABRADOR RETR,WHITE
05/16/2011,STRAY,OTC,CAT,N,0,1,22,NORMAL,DOMESTIC MH,BLUE
05/16/2011,STRAY,OTC,CAT,S,0,1,22,NORMAL,DOMESTIC MH,BLUE
05/16/2011,STRAY,OTC,CAT,S,0,1,22,NORMAL,DOMESTIC SH,AGOUTI
05/16/2011,STRAY,OTC,CAT,F,0,1,22,NORMAL,DOMESTIC SH,BRN TABBY
05/16/2011,STRAY,OTC,CAT,S,0,1,22,NORMAL,SIAMESE,SEAL PT
05/16/2011,STRAY,OTC,CAT,N,0,1,22,NORMAL,DOMESTIC SH,BLACK
05/16/2011,STRAY,OTC,CAT,U,0,1,22,NORMAL,DOMESTIC SH,LYNX PT
05/16/2011,STRAY,OTC,CAT,S,0,1,22,NORMAL,SIAMESE,LILAC PT
05/16/2011,STRAY,OTC,CAT,S,0,1,22,NORMAL,DOMESTIC MH,TORBIE
05/16/2011,STRAY,OTC,CAT,N,0,1,22,NORMAL,DOMESTIC MH,BLACK
05/16/2011,STRAY,OTC,CAT,N,0,1,22,NORMAL,DOMESTIC MH,BLACK
05/16/2011,STRAY,EMERG CLC,CAT,S,0,2,0,NURSING,DOMESTIC SH,BRN TABBY
05/16/2011,OWNER SUR,OTC,CAT,N,0,2,0,NURSING,DOMESTIC SH,BLACK
05/16/2011,OWNER SUR,OTC,CAT,N,0,2,0,NURSING,DOMESTIC SH,BRN TABBY
05/16/2011,OWNER SUR,OTC,CAT,S,0,2,0,NURSING,DOMESTIC SH,TORBIE
05/16/2011,OWNER SUR,OTC,CAT,S,0,2,0,NURSING,DOMESTIC SH,BLUE
05/16/2011,STRAY,OTC,CAT,N,0,2,0,NORMAL,SIAMESE,FLAME PT
05/16/2011,STRAY,OTC,CAT,S,0,2,0,NORMAL,SIAMESE,LYNX PT
05/16/2011,STRAY,OTC,CAT,N,0,2,0,NORMAL,DOMESTIC SH,BRN TABBY
05/16/2011,STRAY,OTC,CAT,S,0,2,0,NORMAL,DOMESTIC SH,BRN TABBY
05/16/2011,STRAY,OTC,DOG,S,0,1,7,NORMAL,LABRADOR RETR,WHITE
05/16/2011,STRAY,OTC,DOG,S,0,1,14,NORMAL,BORDER COLLIE,TAN
05/16/2011,STRAY,OTC,DOG,N,0,2,15,NORMAL,LABRADOR RETR,BR BRINDLE
05/16/2011,STRAY,OTC,DOG,N,0,2,15,NORMAL,LABRADOR RETR,TAN
05/16/2011,STRAY,OTC,DOG,S,0,2,15,NORMAL,LABRADOR RETR,WHITE
05/16/2011,STRAY,OTC,DOG,N,0,2,15,NORMAL,LABRADOR RETR,WHITE
05/16/2011,STRAY,OTC,DOG,S,0,2,15,NORMAL,LABRADOR RETR,WHITE
05/16/2011,STRAY,OTC,DOG,S,0,2,15,NORMAL,LABRADOR RETR,WHITE
05/16/2011,STRAY,OTC,CAT,N,0,2,26,INJURED,DOMESTIC SH,ORG TABBY
05/16/2011,STRAY,OTC,DOG,N,0,2,0,NORMAL,POODLE MIN,BLACK
05/16/2011,STRAY,OTC,DOG,N,0,2,0,NORMAL,POODLE MIN,APRICOT
05/16/2011,STRAY,OTC,CAT,N,0,2,0,NORMAL,DOMESTIC MH,BLACK
05/16/2011,STRAY,NO SUBTYPE,CAT,S,0,2,0,NORMAL,SIAMESE,LYNX PT
05/16/2011,STRAY,NO SUBTYPE,CAT,S,0,2,0,NORMAL,SIAMESE,LYNX PT
05/16/2011,STRAY,OTC,CAT,F,0,2,0,NORMAL,DOMESTIC LH,CALICO
05/16/2011,OWNER SUR,OTC,CAT,S,0,2,0,NORMAL,DOMESTIC SH,BLACK
05/16/2011,OWNER SUR,OTC,CAT,N,0,2,0,NORMAL,SIAMESE,LILAC PT
05/16/2011,OWNER SUR,OTC,CAT,S,0,2,0,NORMAL,SIAMESE,LILAC PT
05/16/2011,OWNER SUR,OTC,CAT,N,0,2,0,NORMAL,SIAMESE,LYNX PT
05/16/2011,OWNER SUR,OTC,CAT,N,0,2,0,NORMAL,DOMESTIC SH,BRN TABBY
05/16/2011,STRAY,NO SUBTYPE,CAT,S,0,2,0,NORMAL,DOMESTIC SH,BRN TABBY
05/16/2011,STRAY,OTC,CAT,M,0,3,22,INJURED,DOMESTIC SH,ORG TABBY
05/16/2011,OWNER SUR,OTC,DOG,S,0,3,28,INJURED,MALTESE,WHITE
05/16/2011,STRAY,OTC,DOG,N,0,3,28,NORMAL,LABRADOR RETR,BUFF
05/16/2011,STRAY,OTC,DOG,S,0,6,0,INJURED,LABRADOR RETR,BLACK
05/16/2011,OWNER SUR,OTC,DOG,N,0,6,13,NORMAL,VIZSLA,RED
05/16/2011,STRAY,OTC,DOG,N,0,6,14,NORMAL,GERM SHEPHERD,RED
05/16/2011,STRAY,OTC,DOG,S,0,6,14,NORMAL,CHINESE SHARPEI,BROWN
05/16/2011,STRAY,OTC,CAT,N,1,7,27,NORMAL,DOMESTIC SH,SEAL PT
05/16/2011,STRAY,FIELD,DOG,M,1,8,0,NORMAL,AM PIT BULL TER,WHITE
05/16/2011,STRAY,OTC,DOG,S,1,9,0,NORMAL,LABRADOR RETR,TAN
05/16/2011,STRAY,FIELD,DOG,N,1,9,0,NORMAL,AUST CATTLE DOG,RED MERLE
05/16/2011,STRAY,OTC,CAT,F,1,9,0,NORMAL,DOMESTIC SH,CALICO
05/16/2011,STRAY,FIELD,DOG,N,1,10,1,NORMAL,BORDER COLLIE,WHITE
05/16/2011,STRAY,OTC,DOG,M,1,10,1,NORMAL,CHIHUAHUA SH,BROWN
05/16/2011,OWNER SUR,OTC,DOG,S,1,10,1,NORMAL,SHIH TZU,BLUE
05/16/2011,STRAY,FIELD,DOG,M,1,11,0,NORMAL,GERM SHEPHERD,BROWN
05/16/2011,OWNER SUR,OTC,CAT,N,2,0,22,NORMAL,DOMESTIC SH,BLUE TABBY
05/16/2011,OWNER SUR,OTC,CAT,N,2,0,22,NORMAL,DOMESTIC SH,BLUE TABBY
05/16/2011,OWNER SUR,OTC,CAT,N,2,0,22,NORMAL,DOMESTIC SH,BLACK
05/16/2011,OWNER SUR,OTC,CAT,N,2,0,22,NORMAL,DOMESTIC SH,BLUE TABBY
05/16/2011,STRAY,OTC,DOG,N,1,0,0,NORMAL,CHIHUAHUA SH,TAN
05/16/2011,STRAY,OTC,CAT,S,1,0,0,NORMAL,DOMESTIC SH,BRN TABBY
05/16/2011,STRAY,OTC,DOG,N,1,0,0,NORMAL,CHIHUAHUA SH,TAN
05/16/2011,STRAY,OTC,CAT,S,1,0,0,NORMAL,DOMESTIC SH,TORTIE
05/16/2011,STRAY,OTC,DOG,S,1,3,0,NORMAL,LABRADOR RETR,BLACK
05/16/2011,STRAY,OTC,DOG,M,1,4,28,NORMAL,GERM SHEPHERD,BLACK
05/16/2011,OWNER SUR,FIELD,DOG,N,1,6,14,NORMAL,PIT BULL,BLACK
05/16/2011,STRAY,OTC,CAT,S,2,0,0,NORMAL,DOMESTIC LH,BLACK
05/16/2011,STRAY,OTC,CAT,N,2,0,0,NORMAL,DOMESTIC SH,BLUE
05/16/2011,STRAY,OTC,CAT,N,2,0,0,NORMAL,DOMESTIC SH,BLACK
05/16/2011,OWNER SUR,OTC,CAT,S,2,0,0,NURSING,DOMESTIC SH,BLACK
05/16/2011,STRAY,FIELD,DOG,F,2,0,0,SICK,LABRADOR RETR,LIVER
05/16/2011,STRAY,OTC,DOG,N,2,0,0,NORMAL,BASSET HOUND,TRICOLOR
05/16/2011,STRAY,OTC,CAT,N,2,0,0,INJURED,DOMESTIC SH,BRN TABBY
05/16/2011,OWNER SUR,OTC,DOG,S,2,0,0,NORMAL,CHIHUAHUA LH,TAN
05/16/2011,STRAY,OTC,DOG,N,2,4,13,NORMAL,PIT BULL,BROWN
05/16/2011,OWNER SUR,OTC,DOG,N,2,6,29,NORMAL,LHASA APSO,WHITE
05/16/2011,PUBLIC AST,QUARANTINE,DOG,F,3,11,29,NORMAL,PIT BULL,BR BRINDLE
05/16/2011,STRAY,OTC,DOG,N,3,0,0,NORMAL,BULL TERRIER,BR BRINDLE
05/16/2011,STRAY,OTC,DOG,N,3,0,0,NORMAL,GREAT DANE,BLUE MERLE
05/16/2011,STRAY,OTC,DOG,S,3,0,0,NORMAL,PIT BULL,TAN
05/16/2011,EUTH REQ,NO SUBTYPE,CAT,F,4,0,1,SICK,DOMESTIC SH,BRN TABBY
05/16/2011,STRAY,FIELD,CAT,M,4,0,1,INJURED,DOMESTIC SH,CRM TABBY
05/16/2011,STRAY,OTC,DOG,N,5,11,24,NORMAL,CHIHUAHUA LH,BROWN
05/16/2011,STRAY,NO SUBTYPE,DOG,F,6,0,29,NORMAL,ROTTWEILER,BLACK
05/16/2011,STRAY,OTC,DOG,S,6,0,1,NORMAL,LABRADOR RETR,CHOCOLATE
05/16/2011,PUBLIC AST,QUARANTINE,DOG,N,8,0,2,NORMAL,DACHSHUND LH,BROWN
05/16/2011,STRAY,OTC,DOG,M,8,0,2,NORMAL,ROTTWEILER,BLACK
05/16/2011,STRAY,FIELD,DOG,N,8,6,22,NORMAL,LABRADOR RETR,BROWN
05/17/2011,BORN IN,SHELTER,DOG,S,0,0,1,NORMAL,PIT BULL,BLACK
05/17/2011,BORN IN,SHELTER,DOG,S,0,0,1,NORMAL,PIT BULL,BLACK
05/17/2011,BORN IN,SHELTER,DOG,S,0,0,1,NORMAL,PIT BULL,BLACK
05/17/2011,BORN IN,SHELTER,DOG,S,0,0,1,NORMAL,PIT BULL,BLACK
05/17/2011,BORN IN,SHELTER,DOG,N,0,0,1,NORMAL,PIT BULL,BLACK
05/17/2011,STRAY,FIELD,CAT,F,0,0,6,NORMAL,DOMESTIC SH,TORTIE
05/17/2011,STRAY,FIELD,CAT,N,0,0,14,INJURED,DOMESTIC SH,CRM TABBY
05/17/2011,STRAY,OTC,CAT,M,0,1,15,NORMAL,DOMESTIC MH,BLACK
05/17/2011,STRAY,OTC,CAT,N,0,1,15,NORMAL,DOMESTIC MH,BLACK
05/17/2011,STRAY,OTC,CAT,N,0,1,15,NORMAL,DOMESTIC MH,BLACK
05/17/2011,STRAY,OTC,CAT,N,0,1,15,NORMAL,DOMESTIC MH,BLACK
05/17/2011,PUBLIC AST,QUARANTINE,DOG,N,0,1,17,NURSING,DACHSHUND,RED
05/17/2011,STRAY,OTC,CAT,S,0,1,22,NURSING,DOMESTIC SH,BLUE TABBY
05/17/2011,STRAY,OTC,CAT,N,0,1,22,NURSING,DOMESTIC SH,BLUE TABBY
05/17/2011,STRAY,OTC,CAT,N,0,1,22,NURSING,DOMESTIC SH,BLUE TABBY
05/17/2011,STRAY,OTC,CAT,N,0,1,22,NURSING,DOMESTIC SH,BLUE TABBY
05/17/2011,STRAY,OTC,CAT,N,0,1,22,NORMAL,DOMESTIC SH,WHITE
05/17/2011,STRAY,OTC,CAT,N,0,1,22,NORMAL,DOMESTIC SH,BLACK
05/17/2011,STRAY,OTC,CAT,S,0,1,22,NORMAL,DOMESTIC SH,LYNX PT
05/17/2011,STRAY,OTC,CAT,N,0,1,22,NORMAL,DOMESTIC SH,FLAME PT
05/17/2011,PUBLIC AST,QUARANTINE,DOG,S,0,1,3,NURSING,DACHSHUND,BROWN
05/17/2011,STRAY,OTC,CAT,S,0,2,15,NORMAL,DOMESTIC SH,TORTIE
05/17/2011,STRAY,OTC,CAT,S,0,2,15,NORMAL,DOMESTIC LH,TORTIE
05/17/2011,STRAY,OTC,CAT,S,0,2,15,NORMAL,DOMESTIC SH,TORTIE
05/17/2011,STRAY,OTC,CAT,N,0,2,15,NORMAL,DOMESTIC MH,BLUE
05/17/2011,STRAY,OTC,CAT,N,0,2,15,NORMAL,DOMESTIC SH,SEAL PT
05/17/2011,STRAY,OTC,DOG,S,0,2,0,NORMAL,PIT BULL,BR BRINDLE
05/17/2011,STRAY,OTC,CAT,N,0,2,0,NORMAL,BIRMAN,CHOC PT
05/17/2011,STRAY,OTC,DOG,S,0,2,0,NORMAL,BORDER COLLIE,BLACK
05/17/2011,STRAY,OTC,DOG,N,0,2,0,NORMAL,BORDER COLLIE,BLACK
05/17/2011,STRAY,OTC,DOG,F,0,3,15,NORMAL,VIZSLA,BROWN
05/17/2011,STRAY,FIELD,DOG,S,0,3,15,NORMAL,BEAGLE,TRICOLOR
05/17/2011,OWNER SUR,OTC,CAT,N,0,4,29,NORMAL,DOMESTIC MH,CRM TABBY
05/17/2011,OWNER SUR,OTC,CAT,N,0,4,29,NORMAL,DOMESTIC MH,ORG TABBY
05/17/2011,STRAY,FIELD,DOG,S,0,4,29,NORMAL,LABRADOR RETR,BLACK
05/17/2011,OWNER SUR,OTC,CAT,N,0,4,29,NORMAL,DOMESTIC MH,ORG TABBY
05/17/2011,OWNER SUR,OTC,CAT,N,0,4,29,NORMAL,DOMESTIC MH,CRM TABBY
05/17/2011,STRAY,OTC,DOG,S,1,9,0,NORMAL,CHINESE SHARPEI,TAN
05/17/2011,PUBLIC AST,QUARANTINE,DOG,F,1,0,0,NORMAL,AUST SHEPHERD,TRICOLOR
05/17/2011,STRAY,OTC,DOG,N,1,6,29,NORMAL,ENG BULLDOG,BR BRINDLE
05/17/2011,STRAY,OTC,DOG,N,1,6,29,NORMAL,STAFFORDSHIRE,BR BRINDLE
05/17/2011,OWNER SUR,OTC,DOG,S,2,8,0,NORMAL,LABRADOR RETR,BLACK
05/17/2011,PUBLIC AST,QUARANTINE,DOG,M,2,0,0,NORMAL,PIT BULL,TAN
05/17/2011,OWNER SUR,OTC,CAT,S,2,0,0,NORMAL,DOMESTIC SH,BRN TABBY
05/17/2011,OWNER SUR,OTC,DOG,S,2,0,0,NORMAL,CHIHUAHUA SH,TAN
05/17/2011,STRAY,OTC,DOG,M,2,0,0,NORMAL,PIT BULL,WHITE
05/17/2011,STRAY,FIELD,DOG,N,2,0,0,NORMAL,CHINESE SHARPEI,BUFF
05/17/2011,STRAY,OTC,DOG,M,2,0,0,NORMAL,AUST KELPIE,BROWN
05/17/2011,PUBLIC AST,QUARANTINE,DOG,S,2,0,0,NORMAL,DACHSHUND,BROWN
05/17/2011,STRAY,OTC,DOG,S,2,3,4,NORMAL,PIT BULL,WHITE
05/17/2011,STRAY,FIELD,DOG,S,2,3,7,NORMAL,ENG FOXHOUND,WHITE
05/17/2011,STRAY,OTC,DOG,F,3,0,0,INJURED,CHIHUAHUA SH,TAN
05/17/2011,OWNER SUR,OTC,DOG,M,3,0,0,NORMAL,PIT BULL,BLUE
05/17/2011,OWNER SUR,OTC,CAT,N,3,0,0,NORMAL,DOMESTIC LH,BLACK
05/17/2011,STRAY,OTC,DOG,S,3,6,0,NORMAL,PIT BULL,WHITE
05/17/2011,OWNER SUR,RETURN,CAT,S,4,11,7,NORMAL,MANX,BLUE
05/17/2011,STRAY,OTC,DOG,N,5,0,1,NORMAL,BEAGLE,TRICOLOR
05/17/2011,OWNER SUR,OTC,DOG,S,5,0,1,NORMAL,LABRADOR RETR,CHOCOLATE
05/17/2011,OWNER SUR,OTC,CAT,S,5,0,1,NORMAL,DOMESTIC LH,TORTIE
05/17/2011,PUBLIC AST,QUARANTINE,DOG,S,5,0,1,NORMAL,JACK RUSS TERR,CHOCOLATE
05/17/2011,STRAY,OTC,DOG,S,6,11,7,NORMAL,SIBERIAN HUSKY,TAN
05/17/2011,OWNER SUR,OTC,DOG,N,8,0,2,NORMAL,ROTTWEILER,BLACK
05/17/2011,PUBLIC AST,QUARANTINE,DOG,N,8,2,9,NORMAL,LABRADOR RETR,YELLOW
05/17/2011,OWNER SUR,OTC,DOG,N,9,0,2,NORMAL,LABRADOR RETR,YELLOW
05/17/2011,STRAY,OTC,CAT,M,9,0,2,NORMAL,DOMESTIC SH,BLACK
05/17/2011,STRAY,EMERG CLC,DOG,F,15,0,3,INJURED,FINNISH SPITZ,BROWN
05/17/2011,STRAY,FIELD,DOG,S,17,3,22,NORMAL,LABRADOR RETR,YELLOW
05/17/2011,EUTH REQ,NO SUBTYPE,CAT,M,20,0,5,SICK,DOMESTIC SH,BLUE TABBY
05/18/2011,STRAY,OTC,CAT,N,0,1,15,NURSING,DOMESTIC SH,BRN TABBY
05/18/2011,STRAY,OTC,CAT,S,0,1,15,NORMAL,DOMESTIC SH,BLACK
05/18/2011,OWNER SUR,OTC,CAT,N,0,1,20,NURSING,DOMESTIC SH,BLACK
05/18/2011,OWNER SUR,OTC,CAT,F,0,1,20,NURSING,DOMESTIC SH,BLACK
05/18/2011,OWNER SUR,OTC,CAT,F,0,1,20,NURSING,DOMESTIC SH,BLACK
05/18/2011,OWNER SUR,OTC,CAT,S,0,1,20,NURSING,DOMESTIC SH,BLACK
05/18/2011,STRAY,OTC,CAT,S,0,1,22,NORMAL,SIAMESE,LYNX PT
05/18/2011,STRAY,OTC,CAT,S,0,1,22,NORMAL,SIAMESE,LYNX PT
05/18/2011,STRAY,OTC,CAT,N,0,1,22,NORMAL,HIMALAYAN,LILAC PT
05/18/2011,STRAY,OTC,CAT,N,0,1,22,NORMAL,DOMESTIC SH,ORG TABBY
05/18/2011,PUBLIC AST,QUARANTINE,CAT,N,0,1,27,NORMAL,DOMESTIC MH,ORG TABBY
05/18/2011,PUBLIC AST,QUARANTINE,CAT,N,0,1,27,NORMAL,DOMESTIC MH,ORG TABBY
05/18/2011,PUBLIC AST,QUARANTINE,CAT,S,0,1,28,NORMAL,SIAMESE,LYNX PT
05/18/2011,STRAY,EMERG CLC,CAT,N,0,2,0,INJURED,DOMESTIC SH,BLACK
05/18/2011,STRAY,EMERG CLC,CAT,N,0,2,0,INJURED,DOMESTIC SH,ORG TABBY
05/18/2011,STRAY,OTC,CAT,N,0,1,7,NORMAL,DOMESTIC SH,ORG TABBY
05/18/2011,STRAY,OTC,CAT,M,0,1,7,NORMAL,DOMESTIC SH,ORG TABBY
05/18/2011,STRAY,OTC,DOG,N,0,2,24,NORMAL,AMER BULLDOG,BLUE
05/18/2011,STRAY,OTC,DOG,M,0,2,0,NORMAL,CHIHUAHUA SH,BLACK
05/18/2011,STRAY,OTC,DOG,S,0,2,0,NORMAL,LABRADOR RETR,BLACK
05/18/2011,STRAY,OTC,CAT,S,0,2,0,SICK,DOMESTIC SH,BLACK
05/18/2011,STRAY,OTC,DOG,N,0,3,15,NORMAL,AMER BULLDOG,BLUE
05/18/2011,STRAY,OTC,DOG,S,0,3,28,NORMAL,AMER BULLDOG,BLUE
05/18/2011,STRAY,OTC,DOG,N,0,3,28,NORMAL,AMER BULLDOG,BLUE
05/18/2011,STRAY,OTC,DOG,S,0,4,29,NORMAL,PORT WATER DOG,BLACK
05/18/2011,STRAY,OTC,DOG,N,0,4,29,NORMAL,PORT WATER DOG,BLACK
05/18/2011,STRAY,FIELD,DOG,M,1,0,0,NORMAL,PIT BULL,WHITE
05/18/2011,STRAY,OTC,DOG,N,1,0,0,NORMAL,NORFOLK TERRIER,TAN
05/18/2011,OWNER SUR,OTC,DOG,N,1,0,0,NORMAL,SHIH TZU,SABLE
05/18/2011,OWNER SUR,FIELD,DOG,N,1,0,0,SICK,GREAT PYRENEES,WHITE
05/18/2011,OWNER SUR,FIELD,DOG,N,1,0,0,SICK,GREAT PYRENEES,WHITE
05/18/2011,STRAY,EMERG CLC,DOG,S,1,2,0,INJURED,SHIH TZU,BROWN
05/18/2011,STRAY,FIELD,DOG,S,1,6,29,OTHER,SHIH TZU,WHITE
05/18/2011,STRAY,OTC,DOG,F,1,6,29,NORMAL,STAFFORDSHIRE,BLACK
05/18/2011,STRAY,OTC,DOG,F,2,0,0,NORMAL,POINTER,WHITE
05/18/2011,STRAY,FIELD,DOG,M,2,0,0,INJURED,CHIHUAHUA SH,TAN
05/18/2011,STRAY,OTC,CAT,N,2,0,0,NORMAL,DOMESTIC SH,BLUE
05/18/2011,STRAY,FIELD,DOG,N,2,0,0,NORMAL,MANCHESTER TERR,BLACK
05/18/2011,STRAY,OTC,CAT,N,2,0,0,NORMAL,DOMESTIC SH,WHITE
05/18/2011,STRAY,OTC,CAT,S,2,0,0,NORMAL,DOMESTIC LH,BLACK
05/18/2011,STRAY,OTC,DOG,S,2,0,0,NORMAL,PIT BULL,WHITE
05/18/2011,OWNER SUR,OTC,DOG,S,2,2,22,NORMAL,AM PIT BULL TER,BLUE
05/18/2011,STRAY,OTC,DOG,S,3,11,10,NORMAL,PIT BULL,WHITE
05/18/2011,OWNER SUR,FIELD,DOG,N,3,0,0,SICK,GREAT PYRENEES,WHITE
05/18/2011,OWNER SUR,FIELD,DOG,S,3,0,0,SICK,GREAT PYRENEES,WHITE
05/18/2011,OWNER SUR,OTC,CAT,S,3,0,0,NORMAL,JAPAN BOBTAIL,BLUE TABBY
05/18/2011,STRAY,EMERG CLC,DOG,S,4,0,1,INJURED,PIT BULL,WHITE
05/18/2011,STRAY,OTC,DOG,N,4,0,1,NORMAL,BOSTON TERRIER,WHITE
05/18/2011,PUBLIC AST,QUARANTINE,DOG,F,4,6,0,NORMAL,ROTTWEILER,BLACK
05/18/2011,PUBLIC AST,QUARANTINE,DOG,S,5,6,0,NORMAL,SALUKI,BLACK
05/18/2011,PUBLIC AST,QUARANTINE,DOG,F,6,0,1,NORMAL,BOXER,BL BRINDLE
05/18/2011,STRAY,OTC,DOG,N,7,0,1,NORMAL,LABRADOR RETR,BLACK
05/18/2011,STRAY,FIELD,DOG,M,7,0,1,NORMAL,RAT TERRIER,TRICOLOR
05/18/2011,STRAY,EMERG CLC,DOG,F,7,0,1,INJURED,GERM SHEPHERD,BLACK
05/18/2011,STRAY,OTC,CAT,S,8,9,23,NORMAL,DOMESTIC SH,BRN TABBY
05/18/2011,STRAY,OTC,DOG,S,8,0,2,NORMAL,COCKER SPAN,WHITE
05/18/2011,STRAY,OTC,DOG,S,10,9,2,NORMAL,RAT TERRIER,TRICOLOR
05/18/2011,STRAY,OTC,DOG,N,12,0,3,NORMAL,RAT TERRIER,BROWN
05/18/2011,OWNER SUR,OTC,CAT,S,14,0,3,AGED,DOMESTIC SH,BLACK
05/19/2011,STRAY,OTC,CAT,S,0,0,7,NURSING,DOMESTIC SH,BLACK
05/19/2011,STRAY,OTC,CAT,S,0,0,7,NURSING,DOMESTIC SH,BLACK
05/19/2011,STRAY,OTC,CAT,N,0,0,7,NURSING,DOMESTIC SH,BRN TABBY
05/19/2011,STRAY,OTC,CAT,S,0,0,7,NURSING,DOMESTIC SH,BRN TABBY
05/19/2011,STRAY,OTC,CAT,S,0,0,7,NURSING,DOMESTIC SH,BRN TABBY
05/19/2011,STRAY,OTC,CAT,S,0,0,7,NURSING,DOMESTIC SH,BRN TABBY
05/19/2011,STRAY,OTC,CAT,N,0,1,22,NURSING,DOMESTIC SH,ORG TABBY
05/19/2011,STRAY,OTC,CAT,S,0,1,22,NURSING,DOMESTIC SH,BLACK
05/19/2011,STRAY,OTC,CAT,N,0,1,22,NURSING,DOMESTIC SH,BLACK
05/19/2011,STRAY,OTC,CAT,N,0,2,0,SICK,DOMESTIC SH,ORG TABBY
05/19/2011,STRAY,OTC,CAT,N,0,2,0,SICK,DOMESTIC SH,ORG TABBY
05/19/2011,STRAY,OTC,CAT,N,0,2,0,SICK,DOMESTIC SH,ORG TABBY
05/19/2011,STRAY,OTC,CAT,N,0,2,0,SICK,DOMESTIC SH,ORG TABBY
05/19/2011,STRAY,OTC,CAT,S,0,2,0,SICK,DOMESTIC SH,ORG TABBY
05/19/2011,OWNER SUR,OTC,CAT,N,0,2,15,NORMAL,HIMALAYAN,LYNX PT
05/19/2011,STRAY,OTC,DOG,S,0,3,15,NORMAL,CHIHUAHUA SH,WHITE
05/19/2011,OWNER SUR,FIELD,DOG,N,0,3,27,NORMAL,PIT BULL,BLACK
05/19/2011,STRAY,FIELD,DOG,N,0,6,0,NORMAL,POINTER,WHITE
05/19/2011,STRAY,OTC,DOG,N,0,6,14,NORMAL,POINTER,WHITE
05/19/2011,STRAY,OTC,DOG,S,1,8,0,NORMAL,WELSH SPR SPAN,BLACK
05/19/2011,OWNER SUR,FIELD,DOG,N,1,10,1,NORMAL,JACK RUSS TERR,WHITE
05/19/2011,STRAY,FIELD,DOG,F,1,0,0,NORMAL,STAFFORDSHIRE,BROWN
05/19/2011,STRAY,OTC,CAT,N,1,0,0,NORMAL,DOMESTIC SH,BRN TABBY
05/19/2011,STRAY,OTC,CAT,S,1,6,29,NURSING,DOMESTIC SH,TORBIE
05/19/2011,STRAY,OTC,CAT,S,1,6,29,NURSING,DOMESTIC SH,BRN TABBY
05/19/2011,OWNER SUR,OTC,CAT,N,1,6,29,NORMAL,DOMESTIC SH,WHITE
05/19/2011,OWNER SUR,OTC,DOG,N,1,6,29,NORMAL,AMER ESKIMO,WHITE
05/19/2011,STRAY,OTC,DOG,S,1,6,29,NORMAL,WEST HIGHLAND,WHITE
05/19/2011,STRAY,OTC,DOG,S,1,6,29,NORMAL,LABRADOR RETR,BLACK
05/19/2011,OWNER SUR,OTC,CAT,N,1,6,29,NORMAL,DOMESTIC SH,WHITE
05/19/2011,STRAY,OTC,DOG,S,2,8,0,NORMAL,PIT BULL,TAN
05/19/2011,OWNER SUR,OTC,CAT,S,2,0,0,NORMAL,DOMESTIC SH,BLACK
05/19/2011,OWNER SUR,OTC,CAT,S,2,0,0,NORMAL,DOMESTIC SH,BRN TABBY
05/19/2011,OWNER SUR,OTC,CAT,U,2,0,0,NORMAL,DOMESTIC SH,BRN TABBY
05/19/2011,OWNER SUR,FIELD,DOG,S,2,0,0,NORMAL,LABRADOR RETR,BLACK
05/19/2011,OWNER SUR,OTC,CAT,S,2,0,0,NORMAL,DOMESTIC SH,CALICO
05/19/2011,OWNER SUR,OTC,CAT,N,2,0,0,NORMAL,DOMESTIC SH,BRN TABBY
05/19/2011,STRAY,OTC,DOG,M,2,0,0,NORMAL,STAFFORDSHIRE,WHITE
05/19/2011,STRAY,FIELD,DOG,M,2,0,0,INJURED,PIT BULL,TAN
05/19/2011,OWNER SUR,OTC,DOG,N,2,0,0,NORMAL,REDBONE HOUND,RED
05/19/2011,OWNER SUR,OTC,DOG,N,2,0,0,NORMAL,BASSET HOUND,RED
05/19/2011,OWNER SUR,RETURN,DOG,N,2,2,15,NORMAL,LABRADOR RETR,BLACK
05/19/2011,STRAY,FIELD,DOG,N,3,11,14,NORMAL,PIT BULL,WHITE
05/19/2011,OWNER SUR,OTC,CAT,S,3,0,0,NORMAL,DOMESTIC SH,BLACK
05/19/2011,PUBLIC AST,QUARANTINE,DOG,N,3,0,0,NORMAL,SC WHEAT TERR,TAN
05/19/2011,STRAY,OTC,CAT,M,3,0,0,SICK,DOMESTIC SH,ORG TABBY
05/19/2011,STRAY,FIELD,DOG,S,3,0,0,NORMAL,VIZSLA,RED
05/19/2011,STRAY,OTC,CAT,M,3,0,0,INJURED,DOMESTIC SH,ORG TABBY
05/19/2011,OWNER SUR,OTC,CAT,S,3,0,0,NORMAL,DOMESTIC MH,CALICO
05/19/2011,OWNER SUR,OTC,DOG,S,4,0,1,NORMAL,GERM SHEPHERD,BLACK
05/19/2011,STRAY,OTC,DOG,N,4,0,1,NORMAL,BORDER TERRIER,BLACK
05/19/2011,OWNER SUR,OTC,DOG,N,4,4,8,NORMAL,GERM SHEPHERD,BLACK
05/19/2011,OWNER SUR,OTC,CAT,N,6,0,28,NORMAL,DOMESTIC SH,BLACK
05/19/2011,OWNER SUR,OTC,CAT,S,5,0,1,NORMAL,DOMESTIC SH,TORBIE
05/19/2011,STRAY,OTC,DOG,S,5,0,1,NORMAL,CAIRN TERRIER,TAN
05/19/2011,OWNER SUR,OTC,CAT,S,5,0,1,NORMAL,DOMESTIC SH,CALICO
05/19/2011,STRAY,FIELD,DOG,S,7,0,1,NORMAL,CHIHUAHUA SH,TAN
05/19/2011,STRAY,OTC,DOG,M,8,7,28,NORMAL,LABRADOR RETR,BLACK
05/19/2011,OWNER SUR,OTC,CAT,N,9,0,29,NORMAL,DOMESTIC SH,BRN TABBY
05/20/2011,STRAY,OTC,CAT,S,0,0,7,NURSING,DOMESTIC SH,CALICO
05/20/2011,STRAY,OTC,CAT,S,0,0,14,NORMAL,DOMESTIC LH,BRN TABBY
05/20/2011,STRAY,OTC,CAT,S,0,0,14,NORMAL,DOMESTIC LH,BLK TABBY
05/20/2011,STRAY,OTC,CAT,N,0,0,14,NORMAL,DOMESTIC SH,BRN TABBY
05/20/2011,STRAY,OTC,CAT,N,0,1,7,NORMAL,DOMESTIC SH,BLUE TABBY
05/20/2011,STRAY,OTC,CAT,N,0,1,7,NORMAL,DOMESTIC SH,CRM TABBY
05/20/2011,STRAY,OTC,CAT,S,0,2,0,NORMAL,DOMESTIC SH,TORBIE
05/20/2011,STRAY,OTC,CAT,N,0,2,0,NORMAL,DOMESTIC SH,BLUE
05/20/2011,PUBLIC AST,OIJ,DOG,N,0,2,0,NORMAL,CHIHUAHUA SH,BLACK
05/20/2011,STRAY,FIELD,DOG,N,0,3,15,NORMAL,POODLE MIN,CREAM
05/20/2011,OWNER SUR,OTC,DOG,N,0,4,29,NORMAL,LABRADOR RETR,BLACK
05/20/2011,STRAY,OTC,DOG,S,0,6,14,NORMAL,BOXER,BR BRINDLE
05/20/2011,OWNER SUR,OTC,DOG,N,0,6,26,NORMAL,CHIHUAHUA SH,BLACK
05/20/2011,OWNER SUR,OTC,DOG,N,1,7,28,NORMAL,DACHSHUND,BLACK
05/20/2011,STRAY,OTC,DOG,S,1,8,26,NORMAL,CHIHUAHUA SH,TAN
05/20/2011,STRAY,OTC,DOG,S,1,10,1,NORMAL,GOLDEN RETR,BUFF
05/20/2011,STRAY,FIELD,DOG,N,1,0,0,NORMAL,PIT BULL,BLACK
05/20/2011,OWNER SUR,OTC,DOG,N,1,0,0,NORMAL,SCHNAUZER MIN,BLACK
05/20/2011,STRAY,FIELD,DOG,F,1,6,29,NORMAL,LABRADOR RETR,BLACK
05/20/2011,STRAY,FIELD,DOG,N,1,6,29,INJURED,RAT TERRIER,TRICOLOR
05/20/2011,PUBLIC AST,QUARANTINE,DOG,M,1,6,29,NORMAL,CHIHUAHUA SH,WHITE
05/20/2011,STRAY,OTC,DOG,S,2,9,20,NORMAL,WEIMARANER,BRN MERLE
05/20/2011,STRAY,OTC,DOG,N,2,0,0,NORMAL,AUST CATTLE DOG,CHOCOLATE
05/20/2011,STRAY,FIELD,DOG,N,2,0,0,NORMAL,WELSH CORGI PEM,WHITE
05/20/2011,OWNER SUR,FIELD,DOG,N,2,0,0,SICK,SCHNAUZER MIN,BLACK
05/20/2011,STRAY,EMERG CLC,CAT,M,2,0,0,SICK,DOMESTIC SH,ORG TABBY
05/20/2011,STRAY,OTC,DOG,S,3,0,0,NORMAL,LABRADOR RETR,TAN
05/20/2011,STRAY,OTC,DOG,N,3,0,0,NORMAL,PIT BULL,WHITE
05/20/2011,STRAY,OTC,DOG,S,3,0,0,SICK,DACHSHUND,BROWN
05/20/2011,STRAY,FIELD,DOG,N,3,0,0,NORMAL,CHOW CHOW,TAN
05/20/2011,OWNER SUR,OTC,DOG,N,3,5,4,NORMAL,MIN PINSCHER,BLACK
05/20/2011,STRAY,OTC,DOG,S,3,6,1,NORMAL,BULL TERR MIN,BR BRINDLE
05/20/2011,OWNER SUR,OTC,CAT,S,4,7,6,NORMAL,DOMESTIC SH,BLACK
05/20/2011,OWNER SUR,OTC,DOG,N,4,0,1,NORMAL,LHASA APSO,WHITE
05/20/2011,STRAY,OTC,CAT,S,4,0,1,NORMAL,DOMESTIC SH,WHITE
05/20/2011,OWNER SUR,OTC,DOG,N,5,7,19,NORMAL,DACHSHUND,RED
05/20/2011,OWNER SUR,OTC,DOG,N,5,9,7,NORMAL,COCKER SPAN,SABLE
05/20/2011,STRAY,OTC,DOG,N,6,6,6,NORMAL,COCKER SPAN,RED
05/20/2011,STRAY,OTC,DOG,N,8,8,13,NORMAL,LABRADOR RETR,GOLD
05/20/2011,STRAY,OTC,CAT,S,8,0,2,NORMAL,DOMESTIC SH,BLACK
05/20/2011,PUBLIC AST,QUARANTINE,DOG,N,8,0,2,NORMAL,CHOW CHOW,RED
05/20/2011,PUBLIC AST,QUARANTINE,CAT,S,8,6,1,NORMAL,DOMESTIC SH,CALICO
05/21/2011,STRAY,OTC,CAT,S,0,1,15,NURSING,DOMESTIC SH,BRN TABBY
05/21/2011,STRAY,OTC,CAT,S,0,1,22,NORMAL,DOMESTIC SH,CALICO
05/21/2011,STRAY,OTC,CAT,N,0,1,22,NORMAL,DOMESTIC SH,BLUE
05/21/2011,STRAY,OTC,CAT,N,0,1,22,NORMAL,DOMESTIC SH,ORG TABBY
05/21/2011,STRAY,OTC,CAT,N,0,1,22,NORMAL,DOMESTIC SH,ORG TABBY
05/21/2011,STRAY,OTC,CAT,N,0,1,22,NORMAL,DOMESTIC SH,CRM TABBY
05/21/2011,STRAY,OTC,CAT,N,0,1,22,NORMAL,DOMESTIC SH,CRM TABBY
05/21/2011,STRAY,OTC,CAT,S,0,1,22,NORMAL,DOMESTIC SH,FLAME PT
05/21/2011,STRAY,OTC,CAT,N,0,1,22,NORMAL,DOMESTIC SH,ORG TABBY
05/21/2011,STRAY,OTC,CAT,N,0,1,22,NORMAL,DOMESTIC SH,ORG TABBY
05/21/2011,STRAY,OTC,CAT,N,0,1,22,NURSING,DOMESTIC SH,ORG TABBY
05/21/2011,STRAY,OTC,CAT,S,0,1,22,NURSING,DOMESTIC SH,BUFF
05/21/2011,STRAY,OTC,CAT,S,0,1,22,NURSING,DOMESTIC SH,ORG TABBY
05/21/2011,STRAY,OTC,CAT,S,0,1,22,NURSING,DOMESTIC SH,BUFF
05/21/2011,STRAY,OTC,CAT,N,0,1,22,NURSING,DOMESTIC SH,BUFF
05/21/2011,STRAY,OTC,CAT,N,0,1,22,NURSING,DOMESTIC SH,BLUE
05/21/2011,STRAY,OTC,CAT,S,0,1,22,NURSING,DOMESTIC SH,ORG TABBY
05/21/2011,STRAY,OTC,CAT,U,0,2,0,INJURED,DOMESTIC SH,BLUE
05/21/2011,STRAY,OTC,CAT,S,0,2,0,NURSING,DOMESTIC SH,CRM TABBY
05/21/2011,STRAY,OTC,CAT,S,0,2,0,NURSING,DOMESTIC SH,BRN TABBY
05/21/2011,STRAY,OTC,CAT,S,0,2,0,NURSING,SIAMESE,TORTIE PT
05/21/2011,STRAY,OTC,CAT,S,0,1,7,NORMAL,DOMESTIC MH,BLACK
05/21/2011,OWNER SUR,OTC,CAT,S,0,1,7,NORMAL,DOMESTIC SH,TORTIE
05/21/2011,OWNER SUR,OTC,CAT,N,0,1,7,NORMAL,DOMESTIC SH,BLACK
05/21/2011,STRAY,OTC,CAT,S,0,2,15,NORMAL,DOMESTIC SH,WHITE
05/21/2011,OWNER SUR,OTC,CAT,N,0,2,15,NORMAL,DOMESTIC SH,BRN TABBY
05/21/2011,OWNER SUR,OTC,CAT,S,0,2,15,NORMAL,DOMESTIC SH,BRN TABBY
05/21/2011,STRAY,FIELD,DOG,S,0,2,22,NORMAL,BEAGLE,BROWN
05/21/2011,OWNER SUR,OTC,CAT,S,0,2,22,NORMAL,DOMESTIC SH,BLACK
05/21/2011,OWNER SUR,OTC,CAT,S,0,2,22,NORMAL,DOMESTIC SH,BLACK
05/21/2011,OWNER SUR,OTC,CAT,S,0,2,22,NORMAL,DOMESTIC SH,BRN TABBY
05/21/2011,STRAY,OTC,DOG,S,0,2,22,NORMAL,AKITA,SABLE
05/21/2011,OWNER SUR,OTC,CAT,S,0,2,0,NORMAL,DOMESTIC SH,BLUE TABBY
05/21/2011,OWNER SUR,OTC,CAT,S,0,2,0,NORMAL,DOMESTIC SH,BLUE TABBY
05/21/2011,OWNER SUR,OTC,CAT,N,0,2,0,NORMAL,DOMESTIC MH,BRN TABBY
05/21/2011,OWNER SUR,OTC,CAT,N,0,2,0,NORMAL,DOMESTIC SH,BLUE
05/21/2011,STRAY,OTC,DOG,N,0,5,27,NORMAL,PIT BULL,BR BRINDLE
05/21/2011,OWNER SUR,OTC,DOG,N,1,9,23,NORMAL,POINTER,WHITE
05/21/2011,STRAY,OTC,DOG,S,1,10,1,NORMAL,BOXER,TRICOLOR
05/21/2011,STRAY,OTC,DOG,N,1,11,17,NORMAL,PIT BULL,WHITE
05/21/2011,OWNER SUR,OTC,CAT,S,1,0,0,NORMAL,DOMESTIC SH,BRN TABBY
05/21/2011,STRAY,OTC,DOG,M,1,0,0,NORMAL,AMER BULLDOG,WHITE
05/21/2011,OWNER SUR,OTC,DOG,S,1,4,15,NORMAL,MIN PINSCHER,BLACK
05/21/2011,PUBLIC AST,OIJ,DOG,S,1,5,0,NORMAL,STAFFORDSHIRE,TAN
05/21/2011,OWNER SUR,OTC,DOG,N,1,6,29,NORMAL,LHASA APSO,BUFF
05/21/2011,PUBLIC AST,QUARANTINE,CAT,N,3,0,0,FERAL,DOMESTIC SH,BLUE TABBY
05/21/2011,OWNER SUR,OTC,DOG,N,2,0,0,SICK,DACHSHUND,BLACK
05/21/2011,STRAY,OTC,CAT,F,2,0,0,NORMAL,DOMESTIC SH,CALICO
05/21/2011,STRAY,OTC,DOG,N,2,0,0,NORMAL,PIT BULL,BLACK
05/21/2011,STRAY,OTC,DOG,S,2,0,0,NORMAL,BOXER,BROWN
05/21/2011,STRAY,OTC,DOG,M,2,0,0,NORMAL,AMERICAN STAFF,BR BRINDLE
05/21/2011,STRAY,OTC,DOG,N,2,2,21,NORMAL,FLAT COAT RETR,BLACK
05/21/2011,STRAY,OTC,DOG,N,2,2,21,NORMAL,WH PT GRIFFON,GRAY
05/21/2011,PUBLIC AST,OIJ,DOG,N,2,4,24,NORMAL,PIT BULL,WHITE
05/21/2011,STRAY,OTC,DOG,S,3,0,0,NORMAL,SIBERIAN HUSKY,SILVER
05/21/2011,OWNER SUR,OTC,CAT,S,3,0,0,NORMAL,DOMESTIC SH,BRN TABBY
05/21/2011,STRAY,FIELD,DOG,N,3,0,0,NORMAL,GREAT PYRENEES,WHITE
05/21/2011,STRAY,OTC,DOG,S,3,6,0,NORMAL,GREAT DANE,BLACK
05/21/2011,STRAY,FIELD,DOG,N,4,7,5,NORMAL,PIT BULL,BR BRINDLE
05/21/2011,PUBLIC AST,QUARANTINE,DOG,N,5,0,1,NORMAL,POODLE MIN,GRAY
05/21/2011,OWNER SUR,OTC,CAT,S,5,0,1,NORMAL,DOMESTIC SH,BLACK
05/21/2011,STRAY,FIELD,DOG,N,5,0,1,NORMAL,CHIHUAHUA SH,WHITE
05/21/2011,PUBLIC AST,INVESTIGAT,DOG,N,7,7,7,NORMAL,GERM SHEPHERD,BROWN
05/21/2011,OWNER SUR,OTC,DOG,S,7,0,1,NORMAL,PIT BULL,TAN
05/21/2011,STRAY,OTC,CAT,S,8,0,2,NORMAL,PERSIAN,BLACK
05/21/2011,STRAY,OTC,CAT,M,NO AGE,SICK,DOMESTIC SH,ORG TABBY,,
05/22/2011,OWNER SUR,OTC,CAT,U,0,0,0,PREGNANT,DOMESTIC SH,WHITE
05/22/2011,OWNER SUR,OTC,CAT,U,0,0,0,PREGNANT,DOMESTIC SH,WHITE
05/22/2011,OWNER SUR,OTC,CAT,U,0,0,0,PREGNANT,DOMESTIC SH,WHITE
05/22/2011,OWNER SUR,OTC,CAT,U,0,0,0,PREGNANT,DOMESTIC SH,BLACK
05/22/2011,OWNER SUR,OTC,CAT,U,0,0,0,PREGNANT,DOMESTIC SH,BLACK
05/22/2011,STRAY,OTC,CAT,U,0,0,3,SICK,DOMESTIC SH,BLACK
05/22/2011,STRAY,OTC,CAT,U,0,0,3,SICK,DOMESTIC SH,BLUE
05/22/2011,STRAY,FIELD,DOG,N,0,0,10,NORMAL,PIT BULL,TAN
05/22/2011,STRAY,OTC,CAT,N,0,0,11,NORMAL,DOMESTIC SH,BRN TABBY
05/22/2011,STRAY,OTC,CAT,N,0,0,11,NORMAL,DOMESTIC SH,BRN TABBY
05/22/2011,STRAY,OTC,CAT,F,0,0,11,NORMAL,DOMESTIC SH,BRN TABBY
05/22/2011,STRAY,OTC,CAT,S,0,1,15,NORMAL,DOMESTIC SH,BLACK
05/22/2011,STRAY,OTC,CAT,S,0,1,22,NORMAL,DOMESTIC SH,BLACK
05/22/2011,STRAY,OTC,CAT,N,0,1,22,NORMAL,DOMESTIC SH,BLACK
05/22/2011,STRAY,OTC,CAT,S,0,2,0,SICK,DOMESTIC SH,BLUE TABBY
05/22/2011,STRAY,OTC,CAT,S,0,1,2,NORMAL,DOMESTIC SH,ORG TABBY
05/22/2011,STRAY,OTC,CAT,S,0,1,2,NORMAL,DOMESTIC SH,CALICO
05/22/2011,STRAY,FIELD,DOG,M,0,1,7,NORMAL,PIT BULL,BLUE
05/22/2011,STRAY,OTC,CAT,N,0,1,7,NORMAL,DOMESTIC SH,BLUE TABBY
05/22/2011,STRAY,OTC,CAT,N,0,1,11,NORMAL,DOMESTIC SH,BRN TABBY
05/22/2011,STRAY,OTC,CAT,S,0,1,14,NORMAL,DOMESTIC SH,BRN TABBY
05/22/2011,STRAY,FIELD,CAT,S,0,2,15,INJURED,DOMESTIC SH,WHITE
05/22/2011,STRAY,FIELD,CAT,S,0,2,15,NORMAL,DOMESTIC SH,CRM TABBY
05/22/2011,STRAY,FIELD,DOG,N,0,2,16,NORMAL,PIT BULL,WHITE
05/22/2011,STRAY,FIELD,DOG,S,0,2,21,NORMAL,PIT BULL,BROWN
05/22/2011,STRAY,OTC,DOG,S,0,3,15,NORMAL,POINTER,TAN
05/22/2011,STRAY,FIELD,DOG,S,0,3,28,NORMAL,BULL TERRIER,BROWN
05/22/2011,OWNER SUR,OTC,DOG,N,0,3,28,NORMAL,BLACK/TAN HOUND,TRICOLOR
05/22/2011,STRAY,OTC,DOG,S,0,4,29,NORMAL,CHIHUAHUA SH,WHITE
05/22/2011,STRAY,OTC,DOG,M,0,5,14,NORMAL,GOLDEN RETR,GOLD
05/22/2011,STRAY,FIELD,DOG,N,0,6,14,INJURED,SHIBA INU,GOLD
05/22/2011,STRAY,OTC,DOG,F,1,9,0,NORMAL,BOSTON TERRIER,BR BRINDLE
05/22/2011,OWNER SUR,OTC,CAT,S,1,10,1,NORMAL,DOMESTIC SH,BLACK
05/22/2011,STRAY,OTC,CAT,N,1,0,0,NORMAL,DOMESTIC SH,BRN TABBY
05/22/2011,OWNER SUR,OTC,CAT,S,1,0,0,NORMAL,SIAMESE,TORTIE PT
05/22/2011,OWNER SUR,OTC,CAT,S,1,0,0,NORMAL,SIAMESE,TORTIE PT
05/22/2011,OWNER SUR,FIELD,DOG,S,1,0,0,NORMAL,GERM SHEPHERD,BLACK
05/22/2011,OWNER SUR,FIELD,DOG,N,1,0,0,NORMAL,GERM SHEPHERD,BLACK
05/22/2011,PUBLIC AST,QUARANTINE,CAT,N,1,6,0,NORMAL,DOMESTIC SH,BUFF
05/22/2011,OWNER SUR,FIELD,DOG,N,2,0,0,NORMAL,GERM SHEPHERD,BLACK
05/22/2011,STRAY,OTC,CAT,S,2,0,0,NORMAL,DOMESTIC SH,BLACK
05/22/2011,STRAY,OTC,CAT,S,2,0,0,NORMAL,DOMESTIC SH,TORTIE
05/22/2011,OWNER SUR,OTC,CAT,S,2,0,0,PREGNANT,DOMESTIC SH,WHITE
05/22/2011,STRAY,OTC,CAT,S,2,0,0,NORMAL,DOMESTIC SH,TORTIE
05/22/2011,STRAY,FIELD,DOG,S,2,0,0,SICK,PIT BULL,RED
05/22/2011,STRAY,OTC,DOG,S,2,0,0,NORMAL,LABRADOR RETR,BLACK
05/22/2011,OWNER SUR,OTC,CAT,S,2,0,0,PREGNANT,DOMESTIC SH,WHITE
05/22/2011,STRAY,OTC,DOG,N,2,0,0,NORMAL,AUST CATTLE DOG,BLUE TICK
05/22/2011,STRAY,FIELD,CAT,N,2,3,21,SICK,DOMESTIC SH,BLACK
05/22/2011,OWNER SUR,OTC,DOG,S,3,6,11,NORMAL,CHIHUAHUA SH,TAN
05/22/2011,STRAY,FIELD,CAT,N,5,0,1,SICK,DOMESTIC SH,BLACK
05/22/2011,STRAY,FIELD,DOG,S,5,0,1,SICK,COCKER SPAN,BLACK
05/22/2011,STRAY,OTC,CAT,N,8,0,27,NORMAL,DOMESTIC SH,ORG TABBY
05/22/2011,STRAY,OTC,DOG,N,8,0,2,NORMAL,AMERICAN STAFF,BLACK
05/22/2011,OWNER SUR,OTC,CAT,S,9,0,2,NORMAL,DOMESTIC SH,ORG TABBY
05/22/2011,PUBLIC AST,QUARANTINE,DOG,N,10,7,8,NORMAL,CHOW CHOW,RED
05/22/2011,STRAY,OTC,DOG,N,12,0,3,NORMAL,YORKSHIRE TERR,BROWN
05/22/2011,STRAY,OTC,DOG,F,15,0,3,NORMAL,CHOW CHOW,BUFF
05/23/2011,BORN IN,NO SUBTYPE,CAT,U,0,0,-3,NORMAL,DOMESTIC SH,BRN TABBY
05/23/2011,STRAY,EMERG CLC,CAT,U,0,0,3,NURSING,DOMESTIC SH,GRAY TABBY
05/23/2011,STRAY,EMERG CLC,CAT,S,0,0,3,NURSING,DOMESTIC SH,BLK TABBY
05/23/2011,STRAY,OTC,CAT,N,0,1,15,NORMAL,DOMESTIC SH,WHITE
05/23/2011,STRAY,OTC,CAT,N,0,1,22,NORMAL,DOMESTIC SH,BLACK
05/23/2011,STRAY,OTC,CAT,S,0,1,22,NORMAL,DOMESTIC SH,BLUE TABBY
05/23/2011,STRAY,OTC,CAT,S,0,1,22,NORMAL,DOMESTIC SH,BRN TABBY
05/23/2011,STRAY,OTC,CAT,N,0,1,22,NORMAL,DOMESTIC SH,BRN TABBY
05/23/2011,STRAY,OTC,CAT,N,0,1,22,NORMAL,DOMESTIC SH,BRN TABBY
05/23/2011,STRAY,OTC,CAT,S,0,1,22,NORMAL,DOMESTIC SH,BLACK
05/23/2011,STRAY,OTC,CAT,S,0,1,22,NORMAL,DOMESTIC SH,BRN TABBY
05/23/2011,STRAY,OTC,CAT,N,0,1,22,NORMAL,DOMESTIC SH,BRN TABBY
05/23/2011,STRAY,OTC,CAT,N,0,1,22,NORMAL,DOMESTIC SH,BRN TABBY
05/23/2011,STRAY,FIELD,DOG,M,0,1,7,INJURED,LABRADOR RETR,BLACK
05/23/2011,OWNER SUR,OTC,CAT,N,0,1,9,NORMAL,DOMESTIC SH,BRN TABBY
05/23/2011,OWNER SUR,OTC,CAT,S,0,1,9,NORMAL,DOMESTIC SH,BRN TABBY
05/23/2011,STRAY,OTC,CAT,N,0,2,15,NORMAL,DOMESTIC SH,ORG TABBY
05/23/2011,STRAY,OTC,CAT,N,0,2,15,NORMAL,DOMESTIC SH,ORG TABBY
05/23/2011,STRAY,OTC,CAT,N,0,2,15,NORMAL,DOMESTIC SH,ORG TABBY
05/23/2011,STRAY,OTC,CAT,S,0,2,15,NORMAL,DOMESTIC SH,BLACK
05/23/2011,STRAY,OTC,DOG,N,0,3,17,NORMAL,AUST CATTLE DOG,WHITE
05/23/2011,STRAY,OTC,DOG,S,0,3,28,NORMAL,DACHSHUND,BROWN
05/23/2011,STRAY,OTC,DOG,M,0,4,29,OTHER,SHIH TZU,WHITE
05/23/2011,STRAY,OTC,DOG,S,0,4,9,NORMAL,BASSET HOUND,BLACK
05/23/2011,STRAY,OTC,DOG,N,0,5,19,NORMAL,RAT TERRIER,BROWN
05/23/2011,OWNER SUR,OTC,DOG,M,0,6,29,SICK,POODLE MIN,BLACK
05/23/2011,OWNER SUR,OTC,DOG,N,1,7,3,NORMAL,CATAHOULA,BROWN
05/23/2011,STRAY,OTC,DOG,N,1,9,0,NORMAL,POMERANIAN,BLACK
05/23/2011,STRAY,OTC,DOG,S,1,9,0,NORMAL,PLOTT HOUND,BR BRINDLE
05/23/2011,STRAY,OTC,DOG,N,1,9,0,NORMAL,PIT BULL,CHOCOLATE
05/23/2011,STRAY,OTC,DOG,S,1,9,0,NORMAL,PIT BULL,BROWN
05/23/2011,STRAY,OTC,DOG,S,1,10,1,NORMAL,AUST SHEPHERD,RED MERLE
05/23/2011,STRAY,EMERG CLC,CAT,F,1,0,0,SICK,DOMESTIC MH,GRAY
05/23/2011,STRAY,OTC,DOG,F,1,0,0,NORMAL,CHIHUAHUA SH,BLACK
05/23/2011,STRAY,OTC,CAT,S,1,0,0,NORMAL,DOMESTIC SH,CALICO
05/23/2011,STRAY,OTC,CAT,N,1,0,0,NORMAL,DOMESTIC SH,BLACK
05/23/2011,STRAY,OTC,CAT,N,1,0,0,NORMAL,DOMESTIC SH,BRN TABBY
05/23/2011,STRAY,OTC,CAT,N,1,0,0,NORMAL,DOMESTIC SH,BLUE TABBY
05/23/2011,STRAY,OTC,CAT,S,1,0,0,NORMAL,DOMESTIC SH,ORG TABBY
05/23/2011,STRAY,FIELD,DOG,N,1,3,28,NORMAL,CHIHUAHUA SH,BLACK
05/23/2011,STRAY,OTC,DOG,M,1,4,29,NORMAL,BOSTON TERRIER,BR BRINDLE
05/23/2011,STRAY,FIELD,DOG,N,1,6,29,NORMAL,POODLE MIN,TAN
05/23/2011,STRAY,OTC,CAT,N,1,6,29,NORMAL,DOMESTIC SH,BRN TABBY
05/23/2011,STRAY,OTC,DOG,S,2,8,13,NORMAL,LABRADOR RETR,BLACK
05/23/2011,STRAY,OTC,DOG,S,2,9,15,NORMAL,POODLE TOY,TAN
05/23/2011,STRAY,FIELD,DOG,N,2,0,0,NORMAL,LABRADOR RETR,BLACK
05/23/2011,OWNER SUR,OTC,DOG,N,2,0,0,NORMAL,CHIHUAHUA LH,RED
05/23/2011,OWNER SUR,OTC,DOG,S,2,0,0,NORMAL,CHIHUAHUA SH,BUFF
05/23/2011,STRAY,OTC,CAT,S,2,0,0,NORMAL,DOMESTIC SH,WHITE
05/23/2011,STRAY,FIELD,DOG,N,2,0,0,NORMAL,YORKSHIRE TERR,TRICOLOR
05/23/2011,PUBLIC AST,QUARANTINE,DOG,N,2,0,0,NORMAL,PIT BULL,BLACK
05/23/2011,OWNER SUR,OTC,DOG,N,3,8,13,NORMAL,PIT BULL,RED
05/23/2011,OWNER SUR,OTC,DOG,N,3,0,0,NORMAL,AMER ESKIMO,WHITE
05/23/2011,OWNER SUR,OTC,DOG,F,3,0,0,NORMAL,PIT BULL,BLUE
05/23/2011,OWNER SUR,OTC,DOG,N,3,0,0,NORMAL,POODLE MIN,GOLD
05/23/2011,STRAY,OTC,DOG,S,3,0,0,NORMAL,GERM SHEPHERD,BLACK
05/23/2011,STRAY,OTC,CAT,S,3,0,0,NORMAL,DOMESTIC SH,ORG TABBY
05/23/2011,STRAY,OTC,CAT,S,3,0,0,NORMAL,DOMESTIC SH,BLACK
05/23/2011,STRAY,OTC,CAT,N,3,0,0,NORMAL,DOMESTIC SH,BLACK
05/23/2011,STRAY,OTC,CAT,S,3,0,0,NORMAL,DOMESTIC SH,BLUE TABBY
05/23/2011,STRAY,OTC,CAT,N,3,0,0,NORMAL,DOMESTIC LH,BLACK
05/23/2011,PUBLIC AST,QUARANTINE,DOG,N,3,0,0,NORMAL,ENG COONHOUND,RED
05/23/2011,PUBLIC AST,QUARANTINE,DOG,S,4,9,11,NORMAL,PIT BULL,TAN
05/23/2011,STRAY,FIELD,DOG,S,4,10,20,SICK,AUST CATTLE DOG,BR BRINDLE
05/23/2011,STRAY,FIELD,DOG,M,5,0,0,NORMAL,PLOTT HOUND,RED
05/23/2011,OWNER SUR,OTC,DOG,S,5,0,1,NORMAL,SIBERIAN HUSKY,BLACK
05/23/2011,STRAY,OTC,DOG,N,5,0,1,NORMAL,GERM SHEPHERD,BLACK
05/23/2011,OWNER SUR,OTC,CAT,N,5,5,0,NORMAL,DOMESTIC SH,WHITE
05/23/2011,STRAY,FIELD,DOG,N,6,0,1,NORMAL,ROTTWEILER,BLACK
05/23/2011,STRAY,FIELD,DOG,N,6,0,1,SICK,ENG COCKER SPAN,GRAY
05/23/2011,STRAY,OTC,CAT,S,8,0,27,NORMAL,DOMESTIC SH,BLUE TABBY
05/23/2011,OWNER SUR,FIELD,DOG,M,7,0,1,INJURED,PIT BULL,BLACK
05/23/2011,STRAY,OTC,DOG,S,8,0,2,NORMAL,BORDER COLLIE,BLACK
05/23/2011,STRAY,OTC,DOG,N,10,0,2,NORMAL,AKITA,BROWN
05/23/2011,STRAY,OTC,DOG,S,14,0,24,NORMAL,MIN PINSCHER,BLACK
05/24/2011,OWNER SUR,OTC,CAT,S,0,2,15,NORMAL,DOMESTIC SH,CALICO
05/24/2011,OWNER SUR,OTC,CAT,N,0,2,15,NORMAL,DOMESTIC SH,CRM TABBY
05/24/2011,OWNER SUR,OTC,CAT,N,0,2,15,NORMAL,DOMESTIC SH,ORG TABBY
05/24/2011,OWNER SUR,OTC,CAT,N,0,2,15,NORMAL,SIAMESE,FLAME PT
05/24/2011,OWNER SUR,OTC,CAT,S,0,2,15,NORMAL,DOMESTIC SH,CALICO
05/24/2011,STRAY,OTC,CAT,N,0,2,15,NORMAL,DOMESTIC SH,BRN TABBY
05/24/2011,STRAY,OTC,CAT,N,0,2,15,NORMAL,DOMESTIC SH,BRN TABBY
05/24/2011,STRAY,OTC,CAT,N,0,2,15,NORMAL,DOMESTIC SH,BLACK
05/24/2011,STRAY,OTC,CAT,S,0,2,15,NORMAL,SIAMESE,LYNX PT
05/24/2011,STRAY,OTC,CAT,N,0,2,22,NORMAL,DOMESTIC SH,BLACK
05/24/2011,STRAY,OTC,CAT,N,0,2,7,NORMAL,DOMESTIC SH,BRN TABBY
05/24/2011,STRAY,OTC,CAT,N,0,2,7,NORMAL,DOMESTIC SH,BLUE
05/24/2011,STRAY,OTC,CAT,S,0,2,7,NORMAL,DOMESTIC SH,BLACK
05/24/2011,STRAY,OTC,DOG,N,0,3,15,NORMAL,PLOTT HOUND,BR BRINDLE
05/24/2011,STRAY,FIELD,CAT,N,0,3,15,NORMAL,DOMESTIC SH,BLK TABBY
05/24/2011,STRAY,FIELD,DOG,S,0,6,0,NORMAL,LABRADOR RETR,BLACK
05/24/2011,STRAY,FIELD,DOG,S,0,6,0,NORMAL,LABRADOR RETR,TRICOLOR
05/24/2011,STRAY,OTC,DOG,N,1,8,0,NORMAL,GERM SHEPHERD,TAN
05/24/2011,STRAY,FIELD,DOG,S,1,8,0,NORMAL,LABRADOR RETR,BLACK
05/24/2011,STRAY,OTC,DOG,N,1,8,0,NORMAL,CHINESE SHARPEI,RED
05/24/2011,STRAY,FIELD,DOG,N,1,9,0,INJURED,LABRADOR RETR,BLACK
05/24/2011,STRAY,OTC,DOG,N,1,10,1,NORMAL,GERM SHEPHERD,BLACK
05/24/2011,PUBLIC AST,QUARANTINE,CAT,N,2,0,0,NORMAL,DOMESTIC SH,BLUE
05/24/2011,OWNER SUR,FIELD,CAT,S,1,0,0,PREGNANT,DOMESTIC SH,WHITE
05/24/2011,PUBLIC AST,QUARANTINE,DOG,M,1,6,29,NORMAL,CHIHUAHUA SH,TRICOLOR
05/24/2011,STRAY,FIELD,DOG,N,2,0,0,NORMAL,ENG SPRNGR SPAN,BLACK
05/24/2011,OWNER SUR,OTC,DOG,N,2,0,0,NORMAL,JACK RUSS TERR,WHITE
05/24/2011,STRAY,FIELD,CAT,F,2,0,0,INJURED,DOMESTIC SH,TORTIE
05/24/2011,STRAY,FIELD,DOG,N,2,0,0,NORMAL,PIT BULL,BROWN
05/24/2011,STRAY,FIELD,DOG,S,2,0,0,NORMAL,CHINESE SHARPEI,SABLE
05/24/2011,PUBLIC AST,COLD WEATH,DOG,S,2,0,1,OTHER,PIT BULL,WHITE
05/24/2011,STRAY,OTC,DOG,S,2,1,18,NORMAL,LABRADOR RETR,CHOCOLATE
05/24/2011,PUBLIC AST,SURGERY,CAT,S,3,7,12,NORMAL,DOMESTIC MH,CALICO
05/24/2011,PUBLIC AST,QUARANTINE,DOG,N,3,2,26,NORMAL,BORDER COLLIE,TRICOLOR
05/24/2011,STRAY,OTC,CAT,N,4,0,1,NORMAL,DOMESTIC SH,BLACK
05/24/2011,STRAY,OTC,DOG,N,6,0,22,NORMAL,DACHSHUND WH,TAN
05/24/2011,OWNER SUR,OTC,DOG,S,5,0,1,NORMAL,JACK RUSS TERR,WHITE
05/24/2011,OWNER SUR,OTC,CAT,S,5,1,8,FERAL,DOMESTIC LH,TORBIE
05/24/2011,OWNER SUR,OTC,DOG,S,6,0,1,NORMAL,COCKER SPAN,BLACK
05/24/2011,OWNER SUR,OTC,CAT,S,6,5,0,NORMAL,DOMESTIC SH,TORTIE
05/24/2011,PUBLIC AST,QUARANTINE,DOG,N,8,0,2,NORMAL,CHOW CHOW,WHITE
05/24/2011,PUBLIC AST,QUARANTINE,CAT,N,9,0,3,NORMAL,DOMESTIC SH,BLACK
05/24/2011,OWNER SUR,OTC,CAT,S,11,0,26,NORMAL,DOMESTIC SH,TORBIE
05/24/2011,STRAY,FIELD,DOG,N,11,0,2,SICK,JACK RUSS TERR,WHITE
05/24/2011,STRAY,OTC,CAT,F,15,0,3,SICK,DOMESTIC MH,BRN TABBY
05/24/2011,OWNER SUR,FIELD,CAT,N,NO AGE,NURSING,DOMESTIC SH,WHITE,,
05/25/2011,STRAY,OTC,CAT,S,0,0,11,NURSING,DOMESTIC SH,BLUE TABBY
05/25/2011,STRAY,OTC,CAT,M,0,1,15,NORMAL,SIAMESE,LYNX PT
05/25/2011,OWNER SUR,OTC,CAT,S,0,1,22,NURSING,DOMESTIC LH,BLUE TABBY
05/25/2011,OWNER SUR,OTC,CAT,N,0,1,22,NURSING,DOMESTIC LH,BLUE TABBY
05/25/2011,OWNER SUR,OTC,CAT,N,0,1,22,NURSING,DOMESTIC SH,BLUE TABBY
05/25/2011,OWNER SUR,OTC,CAT,N,0,1,22,NURSING,DOMESTIC LH,BLUE TABBY
05/25/2011,OWNER SUR,OTC,CAT,N,0,1,22,NURSING,DOMESTIC SH,BLUE TABBY
05/25/2011,STRAY,OTC,CAT,S,0,2,0,NORMAL,DOMESTIC SH,BLUE CREAM
05/25/2011,STRAY,OTC,CAT,S,0,1,4,FERAL,DOMESTIC SH,BLACK
05/25/2011,STRAY,OTC,CAT,N,0,1,4,FERAL,DOMESTIC SH,BRN TABBY
05/25/2011,STRAY,OTC,CAT,N,0,1,5,FERAL,DOMESTIC SH,BLUE TABBY
05/25/2011,STRAY,OTC,DOG,S,0,1,7,NORMAL,LABRADOR RETR,BLACK
05/25/2011,STRAY,OTC,CAT,N,0,1,7,NORMAL,DOMESTIC SH,BLACK
05/25/2011,STRAY,OTC,CAT,N,0,1,7,NORMAL,DOMESTIC SH,BLACK
05/25/2011,STRAY,OTC,CAT,N,0,1,7,NORMAL,DOMESTIC SH,BLACK
05/25/2011,STRAY,OTC,CAT,S,0,1,7,NORMAL,DOMESTIC SH,BLACK
05/25/2011,STRAY,OTC,CAT,S,0,1,7,NORMAL,DOMESTIC SH,BLACK
05/25/2011,STRAY,OTC,CAT,N,0,1,7,NORMAL,DOMESTIC SH,BLUE
05/25/2011,STRAY,OTC,CAT,S,0,1,7,NORMAL,DOMESTIC SH,BLACK
05/25/2011,STRAY,OTC,CAT,S,0,1,7,NORMAL,DOMESTIC SH,BLACK
05/25/2011,STRAY,OTC,CAT,S,0,2,15,NORMAL,DOMESTIC SH,TORTIE
05/25/2011,STRAY,OTC,CAT,N,0,2,15,NORMAL,DOMESTIC SH,BLACK
05/25/2011,STRAY,OTC,CAT,S,0,2,15,NORMAL,DOMESTIC SH,TORTIE
05/25/2011,STRAY,OTC,CAT,N,0,2,15,NORMAL,DOMESTIC SH,BLUE
05/25/2011,STRAY,OTC,CAT,N,0,2,15,NORMAL,DOMESTIC SH,BLACK
05/25/2011,STRAY,OTC,CAT,S,0,2,15,NORMAL,DOMESTIC MH,CALICO
05/25/2011,STRAY,OTC,CAT,S,0,2,15,NORMAL,DOMESTIC SH,CALICO
05/25/2011,STRAY,OTC,CAT,S,0,2,15,NORMAL,DOMESTIC SH,BLUE TABBY
05/25/2011,STRAY,OTC,CAT,N,0,2,15,NORMAL,DOMESTIC LH,BLK TABBY
05/25/2011,STRAY,OTC,CAT,N,0,2,15,NORMAL,DOMESTIC SH,BRN TABBY
05/25/2011,STRAY,OTC,CAT,S,0,2,15,NORMAL,DOMESTIC SH,BRN TABBY
05/25/2011,OWNER SUR,RETURN,CAT,N,0,2,6,NORMAL,DOMESTIC SH,ORG TABBY
05/25/2011,OWNER SUR,RETURN,CAT,N,0,2,6,NORMAL,DOMESTIC SH,ORG TABBY
05/25/2011,STRAY,OTC,CAT,S,0,3,15,NORMAL,SIAMESE,BLUE PT
05/25/2011,STRAY,OTC,CAT,N,0,3,15,NORMAL,DOMESTIC LH,ORG TABBY
05/25/2011,STRAY,OTC,CAT,F,0,3,15,NORMAL,DOMESTIC LH,TORTIE
05/25/2011,STRAY,FIELD,DOG,N,0,3,15,NORMAL,BEAGLE,APRICOT
05/25/2011,STRAY,FIELD,DOG,N,0,5,18,INJURED,JACK RUSS TERR,WHITE
05/25/2011,STRAY,FIELD,DOG,N,0,5,29,SICK,CHIHUAHUA SH,BROWN
05/25/2011,STRAY,OTC,DOG,S,0,6,0,NORMAL,CATAHOULA,RED
05/25/2011,OWNER SUR,OTC,CAT,F,0,6,29,NORMAL,DOMESTIC SH,BRN TABBY
05/25/2011,STRAY,OTC,DOG,N,1,8,0,NORMAL,GERM SHEPHERD,SABLE
05/25/2011,OWNER SUR,OTC,CAT,S,1,9,0,NORMAL,DOMESTIC LH,BRN TABBY
05/25/2011,STRAY,FIELD,DOG,N,1,10,1,NORMAL,POODLE MIN,WHITE
05/25/2011,OWNER SUR,OTC,CAT,S,1,0,0,NORMAL,DOMESTIC SH,BRN TABBY
05/25/2011,STRAY,FIELD,DOG,N,1,0,0,NORMAL,AMER BULLDOG,TAN
05/25/2011,STRAY,OTC,DOG,N,1,0,4,NORMAL,CHIHUAHUA SH,BLACK
05/25/2011,STRAY,OTC,DOG,S,1,4,14,NORMAL,LABRADOR RETR,BLACK
05/25/2011,STRAY,OTC,DOG,N,1,6,29,NORMAL,GREAT PYRENEES,CREAM
05/25/2011,OWNER SUR,OTC,DOG,S,1,6,29,NORMAL,GOLDEN RETR,TAN
05/25/2011,STRAY,OTC,DOG,N,2,7,2,NORMAL,PIT BULL,RED
05/25/2011,STRAY,OTC,CAT,S,2,11,14,NORMAL,DOMESTIC SH,CALICO
05/25/2011,STRAY,FIELD,DOG,M,2,0,0,FERAL,PIT BULL,WHITE
05/25/2011,STRAY,FIELD,DOG,M,2,0,0,FERAL,AUST CATTLE DOG,WHITE
05/25/2011,OWNER SUR,OTC,CAT,S,2,0,0,NORMAL,DOMESTIC SH,WHITE
05/25/2011,STRAY,OTC,DOG,S,2,0,0,NORMAL,PIT BULL,WHITE
05/25/2011,OWNER SUR,OTC,DOG,N,2,3,16,NORMAL,AUST SHEPHERD,BLACK
05/25/2011,OWNER SUR,OTC,DOG,N,3,8,2,NORMAL,AUST KELPIE,CHOCOLATE
05/25/2011,STRAY,OTC,DOG,N,3,9,3,NORMAL,PIT BULL,WHITE
05/25/2011,STRAY,OTC,CAT,S,3,0,0,NORMAL,DOMESTIC SH,BLACK
05/25/2011,STRAY,FIELD,DOG,S,4,10,7,NORMAL,PIT BULL,TAN
05/25/2011,OWNER SUR,OTC,DOG,F,4,0,1,PREGNANT,DACHSHUND,RED
05/25/2011,STRAY,OTC,DOG,S,4,0,1,NORMAL,MASTIFF,BROWN
05/25/2011,STRAY,FIELD,DOG,S,8,0,22,NORMAL,PIT BULL,BLACK
05/25/2011,STRAY,FIELD,DOG,N,7,0,1,NORMAL,GREAT PYRENEES,TAN
05/25/2011,OWNER SUR,OTC,CAT,S,10,0,2,NORMAL,SIAMESE,SEAL PT
05/25/2011,PUBLIC AST,QUARANTINE,DOG,M,10,0,2,NORMAL,PEKINGESE,WHITE
05/25/2011,EUTH REQ,NO SUBTYPE,CAT,S,17,6,3,AGED,RAGDOLL,SEAL PT
05/26/2011,STRAY,FIELD,DOG,N,0,0,7,NURSING,PIT BULL,WHITE
05/26/2011,STRAY,FIELD,DOG,N,0,0,7,NURSING,PIT BULL,WHITE
05/26/2011,STRAY,OTC,CAT,M,0,1,15,NORMAL,DOMESTIC MH,BLACK
05/26/2011,STRAY,OTC,CAT,N,0,1,22,SICK,DOMESTIC SH,BLACK
05/26/2011,STRAY,OTC,CAT,S,0,1,22,SICK,DOMESTIC SH,BLUE TABBY
05/26/2011,STRAY,OTC,CAT,S,0,2,0,NORMAL,DOMESTIC SH,TORTIE
05/26/2011,STRAY,OTC,CAT,N,0,2,0,NORMAL,DOMESTIC SH,CRM TABBY
05/26/2011,STRAY,OTC,CAT,S,0,2,0,NORMAL,DOMESTIC SH,CALICO
05/26/2011,STRAY,OTC,CAT,S,0,2,0,NORMAL,DOMESTIC SH,TORBIE
05/26/2011,STRAY,OTC,CAT,S,0,2,0,NORMAL,DOMESTIC SH,CALICO
05/26/2011,OWNER SUR,OTC,CAT,N,0,1,7,NORMAL,DOMESTIC SH,BLUE TABBY
05/26/2011,OWNER SUR,OTC,CAT,N,0,1,7,NORMAL,DOMESTIC SH,BRN TABBY
05/26/2011,OWNER SUR,OTC,CAT,N,0,1,7,NORMAL,DOMESTIC SH,BLUE TABBY
05/26/2011,STRAY,OTC,CAT,S,0,1,7,NORMAL,DOMESTIC SH,CALICO
05/26/2011,OWNER SUR,FIELD,CAT,S,0,1,7,NORMAL,SIAMESE,LILAC PT
05/26/2011,OWNER SUR,FIELD,CAT,S,0,1,7,NORMAL,DOMESTIC SH,BRN TABBY
05/26/2011,OWNER SUR,FIELD,CAT,S,0,1,7,NORMAL,DOMESTIC SH,TORBIE
05/26/2011,OWNER SUR,FIELD,CAT,S,0,1,7,NORMAL,DOMESTIC SH,TORTIE
05/26/2011,OWNER SUR,OTC,CAT,S,0,2,19,NORMAL,DOMESTIC SH,WHITE
05/26/2011,OWNER SUR,OTC,CAT,S,0,2,20,NORMAL,DOMESTIC SH,BLUE
05/26/2011,OWNER SUR,OTC,CAT,N,0,2,22,NORMAL,DOMESTIC SH,BLUE
05/26/2011,STRAY,FIELD,DOG,M,0,2,0,SICK,AUST SHEPHERD,BROWN
05/26/2011,STRAY,OTC,DOG,S,0,2,0,NORMAL,SIBERIAN HUSKY,SABLE
05/26/2011,OWNER SUR,FIELD,DOG,S,0,3,28,NORMAL,PIT BULL,WHITE
05/26/2011,OWNER SUR,FIELD,DOG,N,0,3,28,NORMAL,PIT BULL,WHITE
05/26/2011,OWNER SUR,FIELD,DOG,N,0,3,28,NORMAL,PIT BULL,BR BRINDLE
05/26/2011,OWNER SUR,FIELD,DOG,S,0,3,28,NORMAL,PIT BULL,WHITE
05/26/2011,OWNER SUR,FIELD,DOG,N,0,3,28,NORMAL,PIT BULL,BROWN
05/26/2011,OWNER SUR,FIELD,DOG,N,0,3,28,NORMAL,PIT BULL,BROWN
05/26/2011,OWNER SUR,FIELD,DOG,N,0,3,28,NORMAL,PIT BULL,BROWN
05/26/2011,OWNER SUR,FIELD,CAT,N,0,3,28,NORMAL,DOMESTIC SH,BRN TABBY
05/26/2011,OWNER SUR,OTC,CAT,S,0,4,29,NORMAL,DOMESTIC SH,BLACK
05/26/2011,OWNER SUR,OTC,DOG,S,0,5,12,NORMAL,PIT BULL,WHITE
05/26/2011,OWNER SUR,OTC,DOG,S,0,6,14,NORMAL,PIT BULL,WHITE
05/26/2011,OWNER SUR,OTC,DOG,S,0,6,14,NORMAL,PIT BULL,WHITE
05/26/2011,OWNER SUR,OTC,DOG,S,0,6,14,NORMAL,PIT BULL,WHITE
05/26/2011,STRAY,FIELD,DOG,N,1,7,29,NORMAL,PIT BULL,RED
05/26/2011,STRAY,OTC,DOG,N,1,7,29,NORMAL,GERM SH POINT,WHITE
05/26/2011,OWNER SUR,FIELD,DOG,S,1,9,29,NORMAL,PIT BULL,WHITE
05/26/2011,OWNER SUR,OTC,DOG,S,1,10,1,NORMAL,POINTER,BROWN
05/26/2011,OWNER SUR,OTC,CAT,S,2,0,0,NORMAL,DOMESTIC SH,BLACK
05/26/2011,STRAY,OTC,DOG,N,1,0,0,NORMAL,CHIHUAHUA SH,BLACK
05/26/2011,OWNER SUR,FIELD,DOG,S,1,1,18,NORMAL,PIT BULL,WHITE
05/26/2011,OWNER SUR,FIELD,DOG,S,1,1,18,NORMAL,PIT BULL,BROWN
05/26/2011,STRAY,FIELD,DOG,F,1,6,29,NURSING,PIT BULL,WHITE
05/26/2011,STRAY,FIELD,DOG,N,1,6,29,NORMAL,DACHSHUND,BLACK
05/26/2011,STRAY,FIELD,DOG,S,1,6,29,NORMAL,DACHSHUND,BLACK
05/26/2011,STRAY,FIELD,DOG,N,2,11,25,INJURED,AMERICAN STAFF,RED
05/26/2011,PUBLIC AST,QUARANTINE,DOG,S,3,0,19,NORMAL,CHIHUAHUA SH,BROWN
05/26/2011,STRAY,OTC,DOG,S,3,0,23,NORMAL,ROTTWEILER,BLACK
05/26/2011,OWNER SUR,OTC,DOG,N,3,0,28,NORMAL,PIT BULL,WHITE
05/26/2011,STRAY,OTC,CAT,M,2,0,0,NORMAL,DOMESTIC SH,BRN TABBY
05/26/2011,PUBLIC AST,QUARANTINE,DOG,N,2,0,0,NORMAL,JACK RUSS TERR,TAN
05/26/2011,STRAY,OTC,DOG,N,2,0,0,NORMAL,GOLDEN RETR,GOLD
05/26/2011,STRAY,OTC,DOG,N,2,0,0,INJURED,DACHSHUND,RED
05/26/2011,OWNER SUR,FIELD,DOG,F,2,6,29,NORMAL,PIT BULL,BROWN
05/26/2011,PUBLIC AST,INVESTIGAT,DOG,S,3,0,0,NORMAL,CAROLINA DOG,WHITE
05/26/2011,STRAY,FIELD,DOG,M,3,0,0,NORMAL,PIT BULL,CHOCOLATE
05/26/2011,STRAY,FIELD,DOG,M,3,0,0,NORMAL,PIT BULL,RED
05/26/2011,STRAY,OTC,CAT,N,3,0,0,FERAL,DOMESTIC SH,BLUE
05/26/2011,OWNER SUR,FIELD,CAT,S,3,0,0,NORMAL,DOMESTIC MH,TORBIE
05/26/2011,PUBLIC AST,QUARANTINE,DOG,N,3,0,2,NORMAL,BICHON FRISE,WHITE
05/26/2011,PUBLIC AST,QUARANTINE,CAT,N,4,0,8,NORMAL,DOMESTIC SH,BRN TABBY
05/26/2011,OWNER SUR,RETURN,DOG,N,4,1,21,NORMAL,CHIHUAHUA LH,TAN
05/26/2011,STRAY,OTC,DOG,N,5,0,1,NORMAL,CAIRN TERRIER,BUFF
05/26/2011,STRAY,OTC,DOG,S,6,0,1,NORMAL,CHIHUAHUA SH,BUFF
05/26/2011,PUBLIC AST,QUARANTINE,DOG,S,7,0,2,NORMAL,LABRADOR RETR,TAN
05/26/2011,OWNER SUR,FIELD,DOG,S,8,0,2,NORMAL,CHIHUAHUA LH,BUFF
05/26/2011,STRAY,FIELD,DOG,S,9,0,1,NORMAL,AUST SHEPHERD,BLACK
05/26/2011,STRAY,FIELD,DOG,N,10,0,2,SICK,COLLIE ROUGH,TAN
05/26/2011,OWNER SUR,OTC,DOG,N,10,0,2,AGED,CHOW CHOW,TAN
05/26/2011,STRAY,OTC,CAT,S,10,3,1,NORMAL,SIAMESE,LYNX PT
05/27/2011,STRAY,FIELD,DOG,M,0,0,1,SICK,PIT BULL,WHITE
05/27/2011,STRAY,OTC,CAT,U,0,0,3,NORMAL,DOMESTIC SH,BRN TABBY
05/27/2011,STRAY,OTC,CAT,U,0,0,3,NORMAL,DOMESTIC SH,BRN TABBY
05/27/2011,STRAY,OTC,CAT,S,0,1,15,NURSING,DOMESTIC SH,BLUE TABBY
05/27/2011,STRAY,OTC,CAT,S,0,1,15,NURSING,DOMESTIC SH,BLUE TABBY
05/27/2011,STRAY,OTC,CAT,S,0,1,15,NURSING,DOMESTIC SH,TORBIE
05/27/2011,OWNER SUR,OTC,CAT,S,0,2,0,NORMAL,DOMESTIC SH,CALICO
05/27/2011,OWNER SUR,OTC,CAT,N,0,2,0,NORMAL,DOMESTIC SH,BLACK
05/27/2011,OWNER SUR,OTC,CAT,N,0,2,0,NORMAL,DOMESTIC SH,BLUE
05/27/2011,STRAY,FIELD,CAT,N,0,2,0,NORMAL,DOMESTIC SH,WHITE
05/27/2011,STRAY,FIELD,CAT,S,0,2,0,INJURED,DOMESTIC SH,WHITE
05/27/2011,STRAY,FIELD,CAT,N,0,2,0,NORMAL,DOMESTIC SH,BRN TABBY
05/27/2011,STRAY,OTC,CAT,N,0,2,22,NORMAL,DOMESTIC SH,BLUE TABBY
05/27/2011,OWNER SUR,OTC,DOG,S,0,2,29,NORMAL,LABRADOR RETR,TAN
05/27/2011,OWNER SUR,OTC,DOG,S,0,3,19,NORMAL,GERM SHEPHERD,BLACK
05/27/2011,STRAY,OTC,CAT,N,0,3,24,NORMAL,DOMESTIC MH,BRN TABBY
05/27/2011,STRAY,FIELD,DOG,N,0,3,13,NORMAL,PIT BULL,TAN
05/27/2011,PUBLIC AST,QUARANTINE,DOG,S,0,6,0,NORMAL,LABRADOR RETR,TAN
05/27/2011,STRAY,OTC,DOG,M,0,6,0,NORMAL,PIT BULL,BLUE
05/27/2011,OWNER SUR,OTC,DOG,S,1,8,0,NORMAL,LABRADOR RETR,BLACK
05/27/2011,STRAY,OTC,DOG,N,1,9,0,NORMAL,MIN PINSCHER,BLACK
05/27/2011,OWNER SUR,OTC,DOG,M,1,9,0,NORMAL,PIT BULL,BROWN
05/27/2011,OWNER SUR,OTC,DOG,M,1,9,0,NORMAL,PIT BULL,RED
05/27/2011,OWNER SUR,OTC,DOG,S,1,9,0,NORMAL,PIT BULL,RED
05/27/2011,OWNER SUR,OTC,DOG,S,1,9,0,NORMAL,PIT BULL,WHITE
05/27/2011,OWNER SUR,OTC,DOG,S,1,9,0,NORMAL,PIT BULL,WHITE
05/27/2011,OWNER SUR,OTC,DOG,N,1,9,0,NORMAL,PIT BULL,RED
05/27/2011,OWNER SUR,OTC,DOG,F,1,9,0,NORMAL,PIT BULL,WHITE
05/27/2011,STRAY,OTC,DOG,N,1,10,1,NORMAL,WELSH CORGI PEM,TRICOLOR
05/27/2011,OWNER SUR,OTC,DOG,N,2,0,20,NORMAL,GERM SHEPHERD,BROWN
05/27/2011,PUBLIC AST,QUARANTINE,DOG,M,1,0,0,NORMAL,WEST HIGHLAND,CREAM
05/27/2011,STRAY,OTC,DOG,S,1,0,0,NORMAL,LABRADOR RETR,BLACK
05/27/2011,OWNER SUR,OTC,DOG,N,1,0,0,NORMAL,BOXER,RED
05/27/2011,OWNER SUR,OTC,CAT,S,1,3,8,NORMAL,DOMESTIC SH,BRN TABBY
05/27/2011,STRAY,OTC,DOG,N,2,0,0,NORMAL,CHIHUAHUA SH,WHITE
05/27/2011,PUBLIC AST,QUARANTINE,DOG,M,2,0,2,NORMAL,ROTTWEILER,BLACK
05/27/2011,PUBLIC AST,QUARANTINE,DOG,N,2,5,14,NORMAL,CHIHUAHUA SH,WHITE
05/27/2011,STRAY,OTC,DOG,N,2,6,29,NORMAL,CHIHUAHUA SH,CREAM
05/27/2011,STRAY,OTC,DOG,S,2,6,29,NORMAL,BEAGLE,TRICOLOR
05/27/2011,STRAY,OTC,DOG,S,2,6,29,NORMAL,LABRADOR RETR,BLACK
05/27/2011,STRAY,OTC,DOG,M,3,0,0,NORMAL,CHINESE SHARPEI,BLUE
05/27/2011,OWNER SUR,OTC,DOG,N,4,0,1,NORMAL,GERM SHEPHERD,BLACK
05/27/2011,STRAY,OTC,CAT,N,4,0,1,NORMAL,DOMESTIC SH,BLUE
05/27/2011,STRAY,OTC,DOG,N,4,0,1,NORMAL,JACK RUSS TERR,TRICOLOR
05/27/2011,STRAY,FIELD,DOG,S,4,5,27,NORMAL,PIT BULL,RED
05/27/2011,OWNER SUR,OTC,DOG,S,5,0,1,NORMAL,TR WALKER HOUND,TRICOLOR
05/27/2011,PUBLIC AST,QUARANTINE,DOG,M,5,0,1,NORMAL,TIBETAN SPAN,RED
05/27/2011,PUBLIC AST,QUARANTINE,DOG,M,5,0,1,NORMAL,TIBETAN SPAN,RED
05/27/2011,STRAY,OTC,DOG,N,5,0,1,NORMAL,MIN PINSCHER,BLACK
05/27/2011,EUTH REQ,NO SUBTYPE,CAT,N,8,0,2,INJURED,DOMESTIC LH,BLUE
05/27/2011,STRAY,OTC,DOG,S,12,6,5,NORMAL,CHINESE SHARPEI,BROWN
05/28/2011,STRAY,OTC,CAT,U,0,0,2,NURSING,DOMESTIC SH,BLACK
05/28/2011,STRAY,OTC,CAT,U,0,0,2,NURSING,DOMESTIC SH,BLACK
05/28/2011,STRAY,OTC,CAT,U,0,0,2,NURSING,DOMESTIC SH,BLACK
05/28/2011,STRAY,OTC,CAT,S,0,0,3,NURSING,DOMESTIC SH,BRN TABBY
05/28/2011,STRAY,OTC,CAT,N,0,0,3,NURSING,DOMESTIC SH,BLUE TABBY
05/28/2011,STRAY,OTC,CAT,S,0,0,3,NURSING,DOMESTIC SH,BRN TABBY
05/28/2011,STRAY,FIELD,CAT,F,0,0,7,NORMAL,DOMESTIC SH,CALICO
05/28/2011,STRAY,OTC,CAT,U,0,0,9,INJURED,DOMESTIC SH,BLACK
05/28/2011,STRAY,OTC,CAT,S,0,0,9,INJURED,DOMESTIC SH,BLACK
05/28/2011,STRAY,OTC,CAT,N,0,1,15,NORMAL,DOMESTIC SH,WHITE
05/28/2011,STRAY,OTC,CAT,N,0,1,15,NORMAL,DOMESTIC SH,WHITE
05/28/2011,STRAY,OTC,CAT,S,0,1,24,NORMAL,DOMESTIC SH,BLUE TABBY
05/28/2011,OWNER SUR,OTC,CAT,N,0,1,26,NORMAL,DOMESTIC SH,BRN TABBY
05/28/2011,OWNER SUR,OTC,CAT,N,0,1,26,NORMAL,DOMESTIC SH,BRN TABBY
05/28/2011,OWNER SUR,OTC,CAT,N,0,1,26,NORMAL,DOMESTIC SH,WHITE
05/28/2011,OWNER SUR,OTC,DOG,S,0,2,0,NORMAL,YORKSHIRE TERR,BLACK
05/28/2011,OWNER SUR,OTC,DOG,S,0,2,0,NORMAL,YORKSHIRE TERR,BLACK
05/28/2011,OWNER SUR,OTC,DOG,N,0,2,0,NORMAL,YORKSHIRE TERR,BLACK
05/28/2011,OWNER SUR,OTC,DOG,N,0,2,0,NORMAL,YORKSHIRE TERR,BLACK
05/28/2011,OWNER SUR,OTC,DOG,N,0,2,0,NORMAL,YORKSHIRE TERR,BLACK
05/28/2011,OWNER SUR,OTC,CAT,F,0,1,7,NORMAL,DOMESTIC SH,TORBIE
05/28/2011,OWNER SUR,OTC,CAT,M,0,1,7,NORMAL,DOMESTIC SH,BRN TABBY
05/28/2011,STRAY,OTC,CAT,N,0,1,12,FERAL,DOMESTIC MH,BLUE
05/28/2011,STRAY,OTC,CAT,N,0,1,12,FERAL,DOMESTIC SH,BLUE
05/28/2011,STRAY,OTC,CAT,S,0,1,12,FERAL,DOMESTIC MH,BLUE
05/28/2011,STRAY,OTC,CAT,S,0,1,12,FERAL,DOMESTIC SH,BLUE
05/28/2011,STRAY,OTC,CAT,N,0,1,13,NORMAL,DOMESTIC LH,BLACK
05/28/2011,STRAY,OTC,CAT,N,0,1,13,NORMAL,DOMESTIC LH,BRN TABBY
05/28/2011,STRAY,OTC,DOG,S,0,2,15,NORMAL,CHIHUAHUA SH,BUFF
05/28/2011,STRAY,OTC,DOG,S,0,2,15,NORMAL,CHIHUAHUA SH,BUFF
05/28/2011,OWNER SUR,OTC,DOG,S,0,2,15,NORMAL,DACHSHUND LH,BROWN
05/28/2011,STRAY,OTC,CAT,N,0,2,22,NORMAL,DOMESTIC SH,BRN TABBY
05/28/2011,STRAY,OTC,CAT,N,0,2,22,NORMAL,DOMESTIC SH,BLACK
05/28/2011,STRAY,OTC,CAT,S,0,3,0,NORMAL,DOMESTIC SH,TORTIE
05/28/2011,STRAY,OTC,DOG,S,0,2,7,NORMAL,DACHSHUND,SABLE
05/28/2011,STRAY,OTC,CAT,N,0,3,15,NORMAL,DOMESTIC SH,BLACK
05/28/2011,OWNER SUR,OTC,CAT,S,0,3,22,NORMAL,DOMESTIC SH,BLUE TABBY
05/28/2011,OWNER SUR,OTC,CAT,S,0,3,22,NORMAL,DOMESTIC SH,BLUE TABBY
05/28/2011,OWNER SUR,OTC,CAT,S,0,3,22,NORMAL,DOMESTIC SH,BRN TABBY
05/28/2011,OWNER SUR,OTC,CAT,S,0,3,22,NORMAL,DOMESTIC SH,BRN TABBY
05/28/2011,OWNER SUR,OTC,CAT,N,0,3,22,NORMAL,DOMESTIC SH,BLUE TABBY
05/28/2011,OWNER SUR,OTC,CAT,N,0,3,22,NORMAL,DOMESTIC SH,BLUE TABBY
05/28/2011,OWNER SUR,OTC,CAT,N,0,3,22,NORMAL,DOMESTIC SH,BRN TABBY
05/28/2011,OWNER SUR,OTC,CAT,N,0,3,22,NORMAL,DOMESTIC SH,BRN TABBY
05/28/2011,OWNER SUR,OTC,DOG,S,0,3,28,NORMAL,BELG MALINOIS,TAN
05/28/2011,STRAY,OTC,DOG,S,0,3,13,NORMAL,DACHSHUND,BLACK
05/28/2011,STRAY,FIELD,CAT,N,0,6,29,INJURED,DOMESTIC SH,BRN TABBY
05/28/2011,STRAY,FIELD,DOG,S,0,6,29,NORMAL,JACK RUSS TERR,WHITE
05/28/2011,OWNER SUR,OTC,DOG,N,1,8,0,NORMAL,AUST SHEPHERD,TAN
05/28/2011,OWNER SUR,OTC,DOG,N,1,8,0,NORMAL,AUST SHEPHERD,BROWN
05/28/2011,STRAY,OTC,DOG,M,1,9,0,NORMAL,CHIHUAHUA SH,BUFF
05/28/2011,STRAY,OTC,CAT,N,1,9,0,NORMAL,DOMESTIC SH,CRM TABBY
05/28/2011,STRAY,OTC,DOG,S,1,9,0,NORMAL,GERM SH POINT,BROWN
05/28/2011,OWNER SUR,OTC,DOG,S,1,9,9,NORMAL,BORDER COLLIE,BLACK
05/28/2011,OWNER SUR,OTC,DOG,N,1,10,1,NORMAL,DACHSHUND WH,BLACK
05/28/2011,STRAY,OTC,DOG,N,1,10,1,NORMAL,BORDER COLLIE,BLACK
05/28/2011,STRAY,OTC,DOG,F,1,10,1,NORMAL,CHIHUAHUA SH,TAN
05/28/2011,OWNER SUR,OTC,DOG,N,2,0,0,NORMAL,DACHSHUND LH,RED
05/28/2011,OWNER SUR,OTC,DOG,S,2,0,0,NORMAL,DACHSHUND LH,BLACK
05/28/2011,OWNER SUR,OTC,DOG,N,2,0,0,NORMAL,PIT BULL,BR BRINDLE
05/28/2011,STRAY,FIELD,DOG,M,2,0,0,NORMAL,PIT BULL,BLUE
05/28/2011,STRAY,OTC,CAT,S,2,0,0,FERAL,DOMESTIC SH,BLUE
05/28/2011,STRAY,FIELD,DOG,N,2,0,0,NORMAL,FOX TERR SMOOTH,TRICOLOR
05/28/2011,STRAY,FIELD,DOG,M,2,0,0,INJURED,PIT BULL,BR BRINDLE
05/28/2011,PUBLIC AST,QUARANTINE,DOG,N,2,1,19,NORMAL,PIT BULL,BLUE
05/28/2011,OWNER SUR,OTC,DOG,N,3,0,0,NORMAL,BICHON FRISE,WHITE
05/28/2011,STRAY,OTC,CAT,N,3,0,0,FERAL,DOMESTIC SH,BLUE TABBY
05/28/2011,STRAY,OTC,CAT,U,3,0,0,INJURED,SIAMESE,SL LYNX PT
05/28/2011,ABANDONED,NO SUBTYPE,CAT,N,3,0,0,NORMAL,DOMESTIC SH,ORG TABBY
05/28/2011,OWNER SUR,RETURN,DOG,S,3,2,15,NORMAL,CHIHUAHUA SH,RED
05/28/2011,STRAY,FIELD,DOG,N,3,3,2,NORMAL,LABRADOR RETR,BROWN
05/28/2011,OWNER SUR,OTC,CAT,N,4,11,1,NORMAL,DOMESTIC SH,BRN TABBY
05/28/2011,OWNER SUR,FIELD,CAT,M,4,0,1,SICK,DOMESTIC SH,BLUE
05/28/2011,OWNER SUR,OTC,DOG,F,4,5,14,NORMAL,PIT BULL,BR BRINDLE
05/28/2011,STRAY,OTC,DOG,N,6,0,29,NORMAL,CATAHOULA,BLUE MERLE
05/28/2011,PUBLIC AST,QUARANTINE,DOG,N,6,0,1,NORMAL,DACHSHUND LH,BLUE MERLE
05/28/2011,PUBLIC AST,QUARANTINE,DOG,N,7,0,1,NORMAL,LABRADOR RETR,BLACK
05/28/2011,PUBLIC AST,QUARANTINE,DOG,N,7,6,1,NORMAL,GERM SHEPHERD,BLACK
05/28/2011,STRAY,OTC,CAT,F,9,0,2,INJURED,SIAMESE,FLAME PT
05/28/2011,STRAY,OTC,DOG,S,9,3,13,NORMAL,LABRADOR RETR,TAN
05/28/2011,ABANDONED,NO SUBTYPE,DOG,S,12,0,2,AGED,COCKER SPAN,BUFF
05/29/2011,STRAY,OTC,CAT,M,0,0,3,NURSING,DOMESTIC SH,BLACK
05/29/2011,STRAY,OTC,CAT,N,0,0,10,NORMAL,DOMESTIC SH,ORG TABBY
05/29/2011,STRAY,OTC,CAT,N,0,0,10,NORMAL,DOMESTIC SH,ORG TABBY
05/29/2011,STRAY,OTC,CAT,N,0,0,10,NORMAL,DOMESTIC SH,ORG TABBY
05/29/2011,STRAY,OTC,CAT,F,0,0,10,NORMAL,DOMESTIC SH,TORBIE
05/29/2011,STRAY,OTC,CAT,S,0,0,10,NORMAL,DOMESTIC SH,TORBIE
05/29/2011,STRAY,OTC,CAT,F,0,0,10,NORMAL,DOMESTIC SH,TORBIE
05/29/2011,STRAY,OTC,CAT,F,0,0,10,NORMAL,DOMESTIC SH,TORBIE
05/29/2011,STRAY,OTC,CAT,N,0,0,13,NURSING,DOMESTIC SH,BRN TABBY
05/29/2011,STRAY,OTC,CAT,S,0,0,13,NURSING,DOMESTIC SH,BRN TABBY
05/29/2011,STRAY,OTC,CAT,N,0,0,13,NURSING,DOMESTIC SH,BLACK
05/29/2011,STRAY,OTC,CAT,S,0,0,13,NURSING,DOMESTIC SH,BRN TABBY
05/29/2011,STRAY,OTC,CAT,N,0,1,6,NORMAL,DOMESTIC SH,WHITE
05/29/2011,OWNER SUR,OTC,DOG,S,0,2,22,NORMAL,CHIHUAHUA SH,TRICOLOR
05/29/2011,OWNER SUR,OTC,CAT,N,0,2,0,NORMAL,SIAMESE,LYNX PT
05/29/2011,OWNER SUR,OTC,CAT,N,0,2,0,NORMAL,SIAMESE,SEAL PT
05/29/2011,OWNER SUR,OTC,CAT,S,0,2,0,NORMAL,DOMESTIC SH,BRN TABBY
05/29/2011,OWNER SUR,OTC,CAT,S,0,2,0,NORMAL,SIAMESE,SEAL PT
05/29/2011,STRAY,OTC,CAT,N,0,2,0,NORMAL,DOMESTIC SH,BLACK
05/29/2011,OWNER SUR,OTC,DOG,F,0,2,0,SICK,PIT BULL,BROWN
05/29/2011,OWNER SUR,OTC,DOG,S,0,2,0,SICK,PIT BULL,BROWN
05/29/2011,OWNER SUR,OTC,CAT,S,0,2,5,NORMAL,SIAMESE,LYNX PT
05/29/2011,STRAY,OTC,CAT,N,0,2,7,NORMAL,DOMESTIC SH,BLACK
05/29/2011,STRAY,OTC,CAT,N,0,2,7,NORMAL,DOMESTIC SH,BLACK
05/29/2011,OWNER SUR,OTC,CAT,S,0,2,12,NORMAL,DOMESTIC SH,BRN TABBY
05/29/2011,STRAY,FIELD,DOG,M,0,3,15,OTHER,CHIHUAHUA SH,BROWN
05/29/2011,STRAY,OTC,CAT,S,0,3,22,NORMAL,DOMESTIC SH,TORBIE
05/29/2011,OWNER SUR,OTC,CAT,N,0,3,27,NORMAL,DOMESTIC MH,BRN TABBY
05/29/2011,OWNER SUR,OTC,CAT,N,0,3,27,NORMAL,DOMESTIC SH,BLACK
05/29/2011,OWNER SUR,OTC,CAT,S,0,3,28,NORMAL,DOMESTIC MH,BRN TABBY
05/29/2011,OWNER SUR,OTC,DOG,N,0,3,28,SICK,PIT BULL,WHITE
05/29/2011,STRAY,FIELD,DOG,S,0,4,29,NORMAL,AFFENPINSCHER,BLACK
05/29/2011,STRAY,FIELD,DOG,N,0,6,0,SICK,POODLE MIN,TAN
05/29/2011,OWNER SUR,OTC,DOG,N,1,9,0,NORMAL,BORDER TERRIER,WHITE
05/29/2011,STRAY,OTC,DOG,M,1,10,18,NORMAL,BOSTON TERRIER,BR BRINDLE
05/29/2011,OWNER SUR,OTC,DOG,N,1,0,0,NORMAL,PIT BULL,TAN
05/29/2011,OWNER SUR,OTC,DOG,S,1,0,0,NORMAL,SIBERIAN HUSKY,WHITE
05/29/2011,STRAY,FIELD,DOG,N,1,0,0,NORMAL,AMER BULLDOG,WHITE
05/29/2011,OWNER SUR,OTC,DOG,F,1,0,0,SICK,PIT BULL,WHITE
05/29/2011,STRAY,OTC,DOG,M,1,0,0,NORMAL,SHIH TZU,WHITE
05/29/2011,STRAY,OTC,DOG,N,1,6,0,NORMAL,PIT BULL,BLACK
05/29/2011,PUBLIC AST,QUARANTINE,CAT,S,3,0,28,NORMAL,DOMESTIC SH,TORBIE
05/29/2011,OWNER SUR,OTC,DOG,N,2,0,0,NORMAL,PIT BULL,BR BRINDLE
05/29/2011,STRAY,FIELD,DOG,M,2,0,0,NORMAL,ROTTWEILER,BLACK
05/29/2011,STRAY,OTC,CAT,S,2,6,0,NORMAL,DOMESTIC MH,BRN TABBY
05/29/2011,PUBLIC AST,QUARANTINE,DOG,N,4,7,18,NORMAL,DACHSHUND,BLACK
05/29/2011,STRAY,FIELD,DOG,N,4,0,1,NORMAL,ROTTWEILER,BLACK
05/29/2011,STRAY,OTC,CAT,N,5,0,1,INJURED,DOMESTIC SH,BLACK
05/29/2011,OWNER SUR,OTC,CAT,S,5,0,1,NORMAL,DOMESTIC SH,CALICO
05/29/2011,STRAY,OTC,DOG,N,5,3,16,NORMAL,LABRADOR RETR,TAN
05/29/2011,PUBLIC AST,QUARANTINE,DOG,N,5,5,21,NORMAL,GERM SHEPHERD,BLACK
05/29/2011,OWNER SUR,OTC,CAT,N,6,0,1,NORMAL,DOMESTIC SH,BRN TABBY
05/29/2011,STRAY,FIELD,CAT,N,7,0,0,SICK,DOMESTIC SH,CRM TABBY
05/29/2011,PUBLIC AST,QUARANTINE,DOG,S,7,0,1,NORMAL,JACK RUSS TERR,TAN
05/29/2011,OWNER SUR,OTC,DOG,S,9,0,28,NORMAL,SHIBA INU,RED
05/29/2011,STRAY,OTC,DOG,N,11,0,0,NORMAL,GOLDEN RETR,RED
05/29/2011,PUBLIC AST,QUARANTINE,DOG,S,14,0,3,NORMAL,GERM SHEPHERD,BLACK
05/29/2011,OWNER SUR,OTC,CAT,M,NO AGE,INJURED,DOMESTIC SH,BRN TABBY,,
05/30/2011,STRAY,FIELD,CAT,U,0,0,1,NURSING,DOMESTIC SH,GRAY
05/30/2011,STRAY,OTC,CAT,S,0,1,22,NORMAL,DOMESTIC SH,TORTIE
05/30/2011,STRAY,OTC,CAT,N,0,1,22,NORMAL,DOMESTIC SH,ORG TABBY
05/30/2011,STRAY,OTC,CAT,M,0,2,0,NORMAL,DOMESTIC SH,BLACK
05/30/2011,STRAY,OTC,CAT,F,0,2,15,INJURED,DOMESTIC SH,BLACK
05/30/2011,PUBLIC AST,QUARANTINE,CAT,M,0,2,0,NORMAL,DOMESTIC MH,CRM TABBY
05/30/2011,OWNER SUR,NO SUBTYPE,CAT,S,0,2,0,NORMAL,DOMESTIC MH,BRN TABBY
05/30/2011,OWNER SUR,NO SUBTYPE,CAT,N,0,2,0,NORMAL,DOMESTIC SH,WHITE
05/30/2011,OWNER SUR,NO SUBTYPE,CAT,N,0,2,0,NORMAL,DOMESTIC MH,BRN TABBY
05/30/2011,OWNER SUR,OTC,CAT,N,0,3,22,NORMAL,DOMESTIC SH,BRN TABBY
05/30/2011,OWNER SUR,OTC,CAT,N,0,3,22,NORMAL,DOMESTIC SH,BRN TABBY
05/30/2011,OWNER SUR,OTC,CAT,S,0,3,22,NORMAL,DOMESTIC SH,BLUE TABBY
05/30/2011,OWNER SUR,OTC,DOG,S,0,4,29,SICK,PIT BULL,BLACK
05/30/2011,STRAY,EMERG CLC,DOG,S,0,6,14,NORMAL,LABRADOR RETR,TAN
05/30/2011,STRAY,OTC,DOG,S,1,8,7,NORMAL,AUST CATTLE DOG,WHITE
05/30/2011,STRAY,OTC,CAT,F,1,0,0,PREGNANT,DOMESTIC SH,ORG TABBY
05/30/2011,STRAY,NO SUBTYPE,CAT,N,1,0,0,NORMAL,DOMESTIC SH,BLACK
05/30/2011,OWNER SUR,OTC,DOG,N,1,6,29,NORMAL,BORDER COLLIE,BLACK
05/30/2011,STRAY,OTC,DOG,M,1,6,29,NORMAL,PEKINGESE,FAWN
05/30/2011,STRAY,OTC,DOG,S,3,0,0,NORMAL,IBIZAN HOUND,BR BRINDLE
05/30/2011,OWNER SUR,OTC,CAT,N,3,0,0,NORMAL,DOMESTIC SH,BRN TABBY
05/30/2011,STRAY,OTC,DOG,S,3,0,0,NORMAL,PIT BULL,WHITE
05/30/2011,OWNER SUR,OTC,DOG,N,3,0,0,NORMAL,CHIHUAHUA SH,CHOCOLATE
05/30/2011,OWNER SUR,OTC,CAT,S,4,9,1,NORMAL,DOMESTIC MH,BLACK
05/30/2011,STRAY,FIELD,DOG,S,4,0,1,NORMAL,AMERICAN STAFF,BLUE
05/30/2011,OWNER SUR,FIELD,CAT,M,5,0,1,INJURED,DOMESTIC SH,ORG TABBY
05/30/2011,PUBLIC AST,QUARANTINE,CAT,S,6,10,10,NORMAL,DOMESTIC LH,BLACK
05/30/2011,OWNER SUR,OTC,DOG,N,6,0,1,NORMAL,JACK RUSS TERR,TAN
05/30/2011,STRAY,OTC,DOG,S,9,0,2,NORMAL,LABRADOR RETR,CHOCOLATE
05/31/2011,STRAY,FOUND IN,CAT,U,0,0,1,NURSING,DOMESTIC SH,CRM TABBY
05/31/2011,STRAY,FOUND IN,CAT,U,0,0,1,NURSING,DOMESTIC SH,CRM TABBY
05/31/2011,STRAY,OTC,DOG,S,0,0,11,NURSING,LABRADOR RETR,YELLOW
05/31/2011,STRAY,OTC,DOG,S,0,0,11,NURSING,LABRADOR RETR,BLACK
05/31/2011,STRAY,OTC,DOG,S,0,0,11,NURSING,LABRADOR RETR,BLACK
05/31/2011,STRAY,OTC,DOG,N,0,0,11,NURSING,LABRADOR RETR,BLACK
05/31/2011,STRAY,OTC,DOG,N,0,0,11,NURSING,LABRADOR RETR,BLACK
05/31/2011,OWNER SUR,OTC,CAT,S,0,1,19,NURSING,DOMESTIC MH,BRN TABBY
05/31/2011,STRAY,OTC,CAT,N,0,1,22,NORMAL,DOMESTIC SH,WHITE
05/31/2011,STRAY,OTC,CAT,S,0,1,22,NORMAL,DOMESTIC SH,BLACK
05/31/2011,STRAY,OTC,CAT,S,0,1,22,NORMAL,DOMESTIC SH,BLACK
05/31/2011,STRAY,OTC,CAT,S,0,1,22,NORMAL,DOMESTIC SH,BLACK
05/31/2011,STRAY,OTC,CAT,N,0,1,22,NORMAL,DOMESTIC SH,BLACK
05/31/2011,STRAY,OTC,CAT,S,0,1,22,NORMAL,DOMESTIC MH,BLACK
05/31/2011,STRAY,EMERG CLC,DOG,N,0,2,0,INJURED,COCKER SPAN,BUFF
05/31/2011,STRAY,OTC,CAT,N,0,2,0,NORMAL,DOMESTIC SH,CRM TABBY
05/31/2011,STRAY,OTC,CAT,N,0,2,0,NORMAL,DOMESTIC SH,CRM TABBY
05/31/2011,OWNER SUR,OTC,CAT,S,0,1,1,NURSING,DOMESTIC SH,BLACK
05/31/2011,STRAY,OTC,DOG,N,0,1,3,NORMAL,GERM SHEPHERD,BROWN
05/31/2011,STRAY,OTC,DOG,N,0,1,4,NORMAL,BEAGLE,WHITE
05/31/2011,STRAY,OTC,CAT,S,0,1,7,NORMAL,DOMESTIC SH,CALICO
05/31/2011,STRAY,OTC,CAT,N,0,1,13,NORMAL,DOMESTIC MH,BRN TABBY
05/31/2011,STRAY,OTC,DOG,F,0,2,15,SICK,CHIHUAHUA SH,TAN
05/31/2011,OWNER SUR,OTC,CAT,N,0,2,15,NURSING,DOMESTIC SH,BLACK
05/31/2011,OWNER SUR,OTC,CAT,N,0,2,15,NURSING,DOMESTIC SH,BLACK
05/31/2011,OWNER SUR,OTC,CAT,N,0,2,15,NURSING,DOMESTIC SH,BLACK
05/31/2011,STRAY,OTC,CAT,N,0,2,20,NORMAL,DOMESTIC SH,ORG TABBY
05/31/2011,STRAY,FIELD,CAT,N,0,3,0,NORMAL,DOMESTIC SH,BLUE
05/31/2011,OWNER SUR,OTC,CAT,N,0,2,0,NURSING,DOMESTIC SH,BRN TABBY
05/31/2011,STRAY,OTC,CAT,N,0,2,0,NORMAL,DOMESTIC SH,CRM TABBY
05/31/2011,STRAY,OTC,CAT,N,0,2,0,NORMAL,DOMESTIC SH,CRM TABBY
05/31/2011,STRAY,OTC,CAT,N,0,2,2,NORMAL,DOMESTIC MH,WHITE
05/31/2011,STRAY,OTC,CAT,S,0,2,7,NORMAL,DOMESTIC SH,BLACK
05/31/2011,STRAY,OTC,CAT,S,0,3,15,NORMAL,DOMESTIC SH,BRN TABBY
05/31/2011,STRAY,OTC,DOG,N,0,4,29,NORMAL,DACHSHUND,TRICOLOR
05/31/2011,OWNER SUR,OTC,DOG,S,0,6,19,NORMAL,PIT BULL,WHITE
05/31/2011,OWNER SUR,OTC,DOG,S,0,6,19,NORMAL,PIT BULL,WHITE
05/31/2011,OWNER SUR,OTC,DOG,S,0,6,19,NORMAL,PIT BULL,WHITE
05/31/2011,STRAY,OTC,DOG,N,0,6,27,INJURED,CHIHUAHUA SH,CHOCOLATE
05/31/2011,OWNER SUR,OTC,DOG,N,1,9,0,NORMAL,CHIHUAHUA SH,WHITE
05/31/2011,STRAY,OTC,DOG,S,1,10,17,NORMAL,LABRADOR RETR,CREAM
05/31/2011,STRAY,OTC,DOG,N,1,10,1,SICK,POODLE MIN,WHITE
05/31/2011,STRAY,OTC,DOG,S,1,10,1,NORMAL,CHIHUAHUA SH,CREAM
05/31/2011,STRAY,OTC,CAT,S,2,0,28,NORMAL,DOMESTIC SH,BRN TABBY
05/31/2011,STRAY,OTC,DOG,N,1,0,0,NORMAL,BOXER,BR BRINDLE
05/31/2011,STRAY,FIELD,DOG,N,1,6,29,NORMAL,LABRADOR RETR,BLACK
05/31/2011,OWNER SUR,OTC,CAT,F,1,6,29,NURSING,DOMESTIC LH,BRN TABBY
05/31/2011,OWNER SUR,OTC,CAT,S,2,0,0,NURSING,DOMESTIC SH,BLACK
05/31/2011,STRAY,OTC,CAT,S,2,0,0,NORMAL,DOMESTIC SH,TORBIE
05/31/2011,STRAY,OTC,CAT,N,2,0,0,NORMAL,DOMESTIC SH,BLACK
05/31/2011,STRAY,FIELD,DOG,N,2,0,0,NORMAL,SIBERIAN HUSKY,WHITE
05/31/2011,STRAY,FIELD,DOG,N,2,0,0,NORMAL,CHIHUAHUA LH,BROWN
05/31/2011,STRAY,OTC,DOG,S,2,0,0,NORMAL,GREAT PYRENEES,WHITE
05/31/2011,STRAY,OTC,DOG,M,2,0,0,NORMAL,PIT BULL,RED
05/31/2011,STRAY,OTC,CAT,S,2,0,0,NORMAL,DOMESTIC SH,BLUE
05/31/2011,OWNER SUR,OTC,DOG,N,2,0,2,NORMAL,PIT BULL,WHITE
05/31/2011,OWNER SUR,OTC,DOG,N,2,2,11,INJURED,CHIHUAHUA SH,WHITE
05/31/2011,STRAY,FIELD,DOG,N,3,0,0,NORMAL,STAFFORDSHIRE,WHITE
05/31/2011,OWNER SUR,OTC,DOG,N,3,0,0,NORMAL,GERM SHEPHERD,TAN
05/31/2011,STRAY,FIELD,DOG,S,3,0,0,NORMAL,PIT BULL,BROWN
05/31/2011,STRAY,OTC,CAT,S,4,7,1,NORMAL,DOMESTIC SH,WHITE
05/31/2011,STRAY,OTC,DOG,F,4,0,1,NORMAL,CHIHUAHUA SH,WHITE
05/31/2011,STRAY,FIELD,CAT,N,4,0,2,INJURED,DOMESTIC LH,ORG TABBY
05/31/2011,OWNER SUR,OTC,CAT,S,5,0,1,NORMAL,DOMESTIC LH,CRM TABBY
05/31/2011,STRAY,OTC,DOG,N,8,0,25,NORMAL,CHIHUAHUA LH,BUFF
05/31/2011,STRAY,OTC,CAT,N,7,0,1,NORMAL,DOMESTIC SH,BLACK
05/31/2011,STRAY,OTC,DOG,S,7,3,19,NORMAL,LABRADOR RETR,YELLOW
05/31/2011,STRAY,EMERG CLC,DOG,S,15,10,18,AGED,DACHSHUND,RED
05/31/2011,OWNER SUR,OTC,DOG,M,15,0,1,NORMAL,COCKER SPAN,BLACK
06-01-11,STRAY,FIELD,CAT,M,0,0,7,SICK,DOMESTIC SH,ORG TABBY
06-01-11,STRAY,FIELD,CAT,M,0,0,7,SICK,DOMESTIC SH,ORG TABBY
06-01-11,STRAY,FIELD,CAT,M,0,0,7,SICK,DOMESTIC SH,CRM TABBY
06-01-11,STRAY,FIELD,DOG,N,0,1,15,NORMAL,AUST CATTLE DOG,BLACK
06-01-11,STRAY,FIELD,DOG,N,0,1,15,NORMAL,AUST CATTLE DOG,BLACK
06-01-11,STRAY,FIELD,DOG,S,0,1,15,NORMAL,AUST CATTLE DOG,BLACK
06-01-11,STRAY,FIELD,DOG,N,0,1,15,NORMAL,AUST CATTLE DOG,WHITE
06-01-11,STRAY,FIELD,DOG,S,0,1,15,NORMAL,AUST CATTLE DOG,WHITE
06-01-11,STRAY,FIELD,DOG,S,0,1,15,NORMAL,AUST CATTLE DOG,BLACK
06-01-11,STRAY,OTC,CAT,S,0,1,22,NORMAL,DOMESTIC SH,BRN TABBY
06-01-11,STRAY,OTC,CAT,S,0,1,22,NURSING,DOMESTIC SH,TORTIE
06-01-11,STRAY,OTC,CAT,S,0,1,22,NORMAL,DOMESTIC SH,TORTIE
06-01-11,STRAY,OTC,CAT,N,0,1,22,NORMAL,DOMESTIC SH,BLACK
06-01-11,STRAY,OTC,CAT,N,0,1,22,NORMAL,DOMESTIC SH,BLACK
06-01-11,STRAY,OTC,CAT,S,0,1,22,NORMAL,DOMESTIC SH,BLACK
06-01-11,STRAY,OTC,CAT,M,0,1,22,NURSING,DOMESTIC MH,BLACK
06-01-11,STRAY,FIELD,DOG,N,0,1,26,NORMAL,GERM SHEPHERD,BROWN
06-01-11,STRAY,OTC,DOG,S,0,1,1,NORMAL,DACHSHUND,BLACK
06-01-11,STRAY,OTC,CAT,S,0,1,7,NORMAL,DOMESTIC SH,TORTIE
06-01-11,STRAY,OTC,CAT,S,0,1,8,NORMAL,DOMESTIC SH,BLUE TABBY
06-01-11,STRAY,OTC,CAT,S,0,1,8,NORMAL,DOMESTIC SH,BLUE
06-01-11,STRAY,OTC,CAT,S,0,1,8,NORMAL,DOMESTIC SH,BRN TABBY
06-01-11,ABANDONED,NO SUBTYPE,CAT,S,0,2,23,NORMAL,DOMESTIC SH,BRN TABBY
06-01-11,ABANDONED,NO SUBTYPE,CAT,S,0,2,23,NORMAL,DOMESTIC SH,BRN TABBY
06-01-11,ABANDONED,NO SUBTYPE,CAT,S,0,2,23,NORMAL,DOMESTIC SH,BRN TABBY
06-01-11,ABANDONED,NO SUBTYPE,CAT,S,0,2,23,NORMAL,DOMESTIC SH,BRN TABBY
06-01-11,STRAY,OTC,CAT,S,0,2,23,NURSING,DOMESTIC LH,BRN TABBY
06-01-11,STRAY,OTC,CAT,N,0,2,25,NORMAL,DOMESTIC SH,BLACK
06-01-11,STRAY,OTC,CAT,N,0,2,29,NORMAL,DOMESTIC SH,BRN TABBY
06-01-11,STRAY,FIELD,DOG,S,0,2,0,NORMAL,GERM SHEPHERD,BLACK
06-01-11,OWNER SUR,OTC,CAT,N,0,2,0,NORMAL,DOMESTIC SH,BRN TABBY
06-01-11,OWNER SUR,OTC,CAT,S,0,2,0,NORMAL,DOMESTIC SH,BRN TABBY
06-01-11,OWNER SUR,OTC,CAT,N,0,2,0,NORMAL,DOMESTIC SH,BRN TABBY
06-01-11,OWNER SUR,OTC,DOG,N,0,2,0,NORMAL,CATAHOULA,BLUE MERLE
06-01-11,OWNER SUR,OTC,CAT,S,0,2,0,NORMAL,DOMESTIC SH,BRN TABBY
06-01-11,OWNER SUR,OTC,CAT,S,0,2,0,NORMAL,DOMESTIC SH,BRN TABBY
06-01-11,OWNER SUR,OTC,CAT,N,0,2,0,NORMAL,DOMESTIC SH,BRN TABBY
06-01-11,OWNER SUR,OTC,CAT,N,0,2,3,NORMAL,DOMESTIC SH,BRN TABBY
06-01-11,PUBLIC AST,COLD WEATH,DOG,S,0,4,16,NORMAL,GERM SHEPHERD,BROWN
06-01-11,STRAY,OTC,DOG,N,0,4,24,NORMAL,CHIHUAHUA SH,BLACK
06-01-11,STRAY,OTC,DOG,S,1,8,0,NORMAL,LABRADOR RETR,BLACK
06-01-11,STRAY,OTC,DOG,F,1,8,0,NORMAL,CHIHUAHUA SH,TRICOLOR
06-01-11,OWNER SUR,OTC,CAT,S,1,9,15,NORMAL,DOMESTIC MH,TORTIE
06-01-11,PUBLIC AST,QUARANTINE,CAT,F,1,9,0,NORMAL,DOMESTIC SH,TORBIE
06-01-11,STRAY,FIELD,DOG,N,1,10,21,NORMAL,BORDER TERRIER,TAN
06-01-11,OWNER SUR,OTC,DOG,N,1,10,26,NORMAL,GERM SHEPHERD,BR BRINDLE
06-01-11,STRAY,FIELD,DOG,S,1,0,0,NORMAL,CHIHUAHUA LH,BLACK
06-01-11,PUBLIC AST,COLD WEATH,DOG,S,1,0,0,NORMAL,GERM SHEPHERD,BROWN
06-01-11,STRAY,OTC,DOG,N,1,0,0,NORMAL,DACHSHUND,RED
06-01-11,OWNER SUR,OTC,DOG,N,1,3,6,NORMAL,BORDER COLLIE,BLUE MERLE
06-01-11,PUBLIC AST,QUARANTINE,DOG,N,1,6,29,NORMAL,PIT BULL,RED
06-01-11,OWNER SUR,OTC,DOG,S,1,6,0,NORMAL,RHOD RIDGEBACK,RED
06-01-11,STRAY,OTC,DOG,N,2,0,0,NORMAL,AMERICAN STAFF,BR BRINDLE
06-01-11,STRAY,OTC,CAT,N,2,0,0,NORMAL,DOMESTIC LH,BLACK
06-01-11,STRAY,FIELD,CAT,S,2,0,0,SICK,DOMESTIC SH,ORG TABBY
06-01-11,STRAY,OTC,DOG,N,2,0,0,NORMAL,AKITA,TAN
06-01-11,STRAY,OTC,CAT,S,2,0,0,NURSING,DOMESTIC SH,BLACK
06-01-11,OWNER SUR,OTC,CAT,N,2,0,0,NORMAL,DOMESTIC LH,LYNX PT
06-01-11,STRAY,OTC,DOG,N,2,6,0,NORMAL,BOSTON TERRIER,BLACK
06-01-11,STRAY,OTC,DOG,N,3,0,0,NORMAL,CHIHUAHUA SH,TAN
06-01-11,OWNER SUR,OTC,DOG,M,3,6,1,NORMAL,LABRADOR RETR,BLACK
06-01-11,OWNER SUR,OTC,DOG,S,4,0,1,NORMAL,GERM SHEPHERD,TAN
06-01-11,PUBLIC AST,COLD WEATH,DOG,N,4,0,1,NORMAL,GREYHOUND,BLACK
06-01-11,STRAY,OTC,CAT,N,5,0,1,NORMAL,DOMESTIC SH,ORG TABBY
06-01-11,STRAY,OTC,DOG,N,5,0,1,NORMAL,DACHSHUND,BROWN
06-01-11,OWNER SUR,OTC,CAT,S,6,9,16,NORMAL,DOMESTIC SH,ORG TABBY
06-01-11,OWNER SUR,OTC,CAT,S,6,4,21,NORMAL,DOMESTIC LH,BRN TABBY
06-01-11,STRAY,FIELD,DOG,N,6,4,27,NORMAL,PIT BULL,WHITE
06-01-11,STRAY,FIELD,DOG,N,7,7,29,NORMAL,AMER ESKIMO,WHITE
06-01-11,PUBLIC AST,QUARANTINE,DOG,M,7,7,2,NORMAL,DACHSHUND,RED
06-01-11,OWNER SUR,OTC,CAT,S,7,6,18,NORMAL,DOMESTIC SH,BLUE TABBY
06-01-11,STRAY,OTC,CAT,N,8,0,2,NORMAL,DOMESTIC SH,ORG TABBY
06-01-11,PUBLIC AST,INVESTIGAT,DOG,S,10,0,12,NORMAL,STAFFORDSHIRE,BLACK
06-01-11,STRAY,OTC,CAT,F,20,0,5,SICK,DOMESTIC SH,BLACK
06-02-11,STRAY,OTC,CAT,S,0,0,8,NURSING,DOMESTIC SH,BRN TABBY
06-02-11,STRAY,OTC,CAT,N,0,0,8,NURSING,DOMESTIC SH,BRN TABBY
06-02-11,STRAY,OTC,CAT,N,0,0,8,NURSING,DOMESTIC SH,WHITE
06-02-11,STRAY,OTC,CAT,S,0,0,8,NURSING,DOMESTIC SH,TORTIE
06-02-11,STRAY,OTC,CAT,S,0,0,8,NURSING,DOMESTIC SH,BLACK
06-02-11,STRAY,OTC,CAT,N,0,0,8,NURSING,DOMESTIC SH,BLACK
06-02-11,STRAY,OTC,CAT,N,0,1,15,NURSING,DOMESTIC SH,BRN TABBY
06-02-11,STRAY,OTC,CAT,N,0,1,15,SICK,DOMESTIC SH,BRN TABBY
06-02-11,OWNER SUR,OTC,CAT,S,0,1,22,NORMAL,DOMESTIC SH,TORBIE
06-02-11,OWNER SUR,OTC,CAT,N,0,1,22,NORMAL,MANX,BLUE TABBY
06-02-11,OWNER SUR,OTC,CAT,M,0,1,13,NORMAL,DOMESTIC SH,ORG TABBY
06-02-11,OWNER SUR,OTC,CAT,S,0,1,13,NORMAL,DOMESTIC SH,TORBIE
06-02-11,OWNER SUR,OTC,CAT,M,0,1,13,NORMAL,DOMESTIC SH,BRN TABBY
06-02-11,OWNER SUR,OTC,CAT,S,0,1,13,NORMAL,DOMESTIC MH,BRN TABBY
06-02-11,STRAY,OTC,CAT,N,0,2,16,NORMAL,DOMESTIC SH,BLACK
06-02-11,STRAY,OTC,DOG,M,0,2,0,SICK,PIT BULL,CHOCOLATE
06-02-11,STRAY,FIELD,DOG,F,0,2,0,INJURED,PIT BULL,TAN
06-02-11,OWNER SUR,OTC,CAT,S,0,2,5,NORMAL,DOMESTIC SH,BLUE
06-02-11,OWNER SUR,OTC,CAT,S,0,2,7,NORMAL,DOMESTIC MH,BLACK
06-02-11,OWNER SUR,OTC,CAT,S,0,2,7,NORMAL,DOMESTIC SH,BRN TABBY
06-02-11,OWNER SUR,OTC,CAT,S,0,2,7,NORMAL,DOMESTIC SH,WHITE
06-02-11,STRAY,OTC,CAT,N,0,2,7,NORMAL,DOMESTIC SH,BRN TABBY
06-02-11,STRAY,OTC,DOG,S,0,3,1,NORMAL,CHINESE SHARPEI,BLACK
06-02-11,OWNER SUR,NO SUBTYPE,DOG,S,0,3,1,NORMAL,YORKSHIRE TERR,BLACK
06-02-11,STRAY,FIELD,CAT,F,0,3,8,INJURED,DOMESTIC SH,WHITE
06-02-11,STRAY,OTC,DOG,S,0,5,14,NORMAL,LABRADOR RETR,BLACK
06-02-11,STRAY,OTC,DOG,S,0,6,0,SICK,POODLE MIN,BLACK
06-02-11,STRAY,OTC,DOG,S,0,6,0,SICK,POODLE MIN,BROWN
06-02-11,STRAY,OTC,DOG,N,0,6,0,SICK,DACHSHUND LH,BROWN
06-02-11,PUBLIC AST,OIJ,DOG,S,0,5,12,NORMAL,GERM SHEPHERD,WHITE
06-02-11,OWNER SUR,OTC,CAT,N,1,8,0,NORMAL,DOMESTIC SH,BLACK
06-02-11,OWNER SUR,OTC,CAT,N,1,8,0,NORMAL,DOMESTIC SH,BLACK
06-02-11,OWNER SUR,OTC,CAT,S,1,8,0,NORMAL,DOMESTIC SH,BRN TABBY
06-02-11,OWNER SUR,OTC,CAT,S,1,8,0,NORMAL,DOMESTIC SH,BLUE TABBY
06-02-11,STRAY,FIELD,DOG,S,1,10,1,NORMAL,REDBONE HOUND,RED
06-02-11,STRAY,OTC,CAT,S,1,0,0,NORMAL,SIAMESE,SEAL PT
06-02-11,STRAY,FIELD,DOG,S,1,0,0,NORMAL,CHIHUAHUA SH,BROWN
06-02-11,OWNER SUR,OTC,DOG,M,1,0,0,NORMAL,LABRADOR RETR,TAN
06-02-11,OWNER SUR,OTC,DOG,M,1,6,0,SICK,LABRADOR RETR,CHOCOLATE
06-02-11,OWNER SUR,NO SUBTYPE,DOG,N,1,6,0,NORMAL,YORKSHIRE TERR,CREAM
06-02-11,STRAY,FIELD,DOG,S,2,0,0,INJURED,AMERICAN STAFF,WHITE
06-02-11,STRAY,OTC,DOG,S,2,0,0,NORMAL,LABRADOR RETR,CHOCOLATE
06-02-11,STRAY,OTC,CAT,S,2,0,0,NURSING,DOMESTIC LH,BRN TABBY
06-02-11,PUBLIC AST,EMERGENCY,CAT,S,2,0,0,PREGNANT,DOMESTIC SH,BLACK
06-02-11,STRAY,OTC,DOG,N,2,0,0,NORMAL,SCHNAUZER MIN,WHITE
06-02-11,STRAY,OTC,CAT,N,2,0,0,NORMAL,DOMESTIC SH,BLACK
06-02-11,OWNER SUR,OTC,CAT,S,2,0,0,NORMAL,DOMESTIC SH,TORBIE
06-02-11,STRAY,OTC,CAT,N,2,0,0,NORMAL,DOMESTIC SH,BLACK
06-02-11,PUBLIC AST,QUARANTINE,CAT,S,2,0,1,NORMAL,DOMESTIC SH,BLACK
06-02-11,OWNER SUR,OTC,CAT,S,2,6,0,NURSING,DOMESTIC SH,TORBIE
06-02-11,STRAY,EMERG CLC,CAT,M,3,0,0,INJURED,DOMESTIC SH,BRN TABBY
06-02-11,OWNER SUR,OTC,CAT,S,3,0,0,NORMAL,DOMESTIC SH,BLACK
06-02-11,OWNER SUR,OTC,CAT,S,3,0,0,NORMAL,DOMESTIC SH,TORBIE
06-02-11,OWNER SUR,OTC,CAT,S,3,0,0,NORMAL,DOMESTIC SH,CALICO
06-02-11,OWNER SUR,OTC,CAT,S,3,0,0,NORMAL,DOMESTIC LH,WHITE
06-02-11,PUBLIC AST,QUARANTINE,DOG,N,3,5,26,NORMAL,GERM SHEPHERD,BLACK
06-02-11,OWNER SUR,OTC,DOG,S,4,0,1,NORMAL,TOY FOX TERRIER,BUFF
06-02-11,STRAY,OTC,DOG,S,4,0,1,NORMAL,GOLDEN RETR,RED
06-02-11,OWNER SUR,OTC,CAT,S,5,0,1,NORMAL,DOMESTIC SH,TORBIE
06-02-11,PUBLIC AST,QUARANTINE,DOG,N,7,0,24,NORMAL,YORKSHIRE TERR,BLACK
06-02-11,OWNER SUR,OTC,DOG,N,6,0,1,NORMAL,CHIHUAHUA SH,TAN
06-02-11,PUBLIC AST,QUARANTINE,DOG,S,6,6,27,NORMAL,LABRADOR RETR,BLACK
06-02-11,STRAY,FIELD,DOG,N,7,0,1,NORMAL,SCHNAUZER MIN,WHITE
06-02-11,STRAY,OTC,DOG,N,7,0,1,NORMAL,GOLDEN RETR,RED
06-02-11,PUBLIC AST,QUARANTINE,DOG,M,7,6,2,NORMAL,ROTTWEILER,BLACK
06-02-11,OWNER SUR,OTC,CAT,S,9,0,2,NORMAL,DOMESTIC SH,TORBIE
06-03-11,STRAY,OTC,CAT,S,0,0,0,NORMAL,DOMESTIC SH,BRN TABBY
06-03-11,BORN IN,NO SUBTYPE,CAT,U,0,0,0,NORMAL,DOMESTIC SH,BLUE
06-03-11,STRAY,OTC,CAT,U,0,0,0,NORMAL,DOMESTIC SH,WHITE
06-03-11,BORN IN,NO SUBTYPE,CAT,U,0,0,0,NORMAL,DOMESTIC SH,BLUE
06-03-11,STRAY,OTC,CAT,S,0,1,15,NORMAL,DOMESTIC SH,BLUE
06-03-11,STRAY,OTC,DOG,M,0,1,15,INJURED,LABRADOR RETR,BLACK
06-03-11,STRAY,OTC,CAT,N,0,1,19,NORMAL,DOMESTIC SH,ORANGE
06-03-11,STRAY,OTC,CAT,S,0,1,19,NORMAL,DOMESTIC SH,ORG TABBY
06-03-11,STRAY,OTC,CAT,M,0,1,22,SICK,DOMESTIC MH,ORG TABBY
06-03-11,STRAY,OTC,CAT,M,0,1,8,NORMAL,DOMESTIC SH,WHITE
06-03-11,OWNER SUR,OTC,CAT,S,0,2,16,NORMAL,DOMESTIC SH,BLUE TABBY
06-03-11,OWNER SUR,OTC,CAT,S,0,2,16,NORMAL,DOMESTIC SH,WHITE
06-03-11,OWNER SUR,OTC,CAT,N,0,2,16,NORMAL,DOMESTIC SH,BLACK
06-03-11,OWNER SUR,OTC,CAT,N,0,2,16,NORMAL,DOMESTIC SH,BLACK
06-03-11,OWNER SUR,OTC,CAT,N,0,2,16,NORMAL,DOMESTIC SH,BLACK
06-03-11,PUBLIC AST,EMERGENCY,DOG,N,0,2,0,NORMAL,WELSH CORGI CAR,BLACK
06-03-11,STRAY,OTC,DOG,S,0,2,0,NORMAL,LABRADOR RETR,BLACK
06-03-11,OWNER SUR,OTC,DOG,N,0,4,16,NORMAL,CHIHUAHUA SH,CREAM
06-03-11,STRAY,OTC,DOG,S,0,5,14,NORMAL,CATAHOULA,BRN MERLE
06-03-11,OWNER SUR,OTC,DOG,N,0,6,0,NORMAL,AUST CATTLE DOG,RED TICK
06-03-11,STRAY,OTC,DOG,N,0,6,0,NORMAL,NORWICH TERRIER,TAN
06-03-11,STRAY,OTC,DOG,M,1,8,0,NORMAL,DOBERMAN PINSCH,RED
06-03-11,OWNER SUR,OTC,DOG,S,1,9,17,NORMAL,STAFFORDSHIRE,BLACK
06-03-11,STRAY,OTC,CAT,S,2,0,0,NORMAL,SIAMESE,SEAL PT
06-03-11,STRAY,OTC,DOG,S,1,0,0,NORMAL,LABRADOR RETR,BROWN
06-03-11,STRAY,OTC,CAT,S,1,0,0,NORMAL,DOMESTIC SH,BLACK
06-03-11,STRAY,FIELD,DOG,S,1,0,0,NORMAL,AKITA,TAN
06-03-11,STRAY,OTC,DOG,S,1,0,0,NORMAL,LABRADOR RETR,BLACK
06-03-11,STRAY,OTC,CAT,N,2,0,0,NORMAL,DOMESTIC SH,BRN TABBY
06-03-11,OWNER SUR,OTC,CAT,S,2,0,0,NORMAL,DOMESTIC SH,BRN TABBY
06-03-11,STRAY,FIELD,DOG,S,2,0,0,INJURED,PIT BULL,TAN
06-03-11,STRAY,FIELD,DOG,N,2,0,0,NORMAL,WEST HIGHLAND,WHITE
06-03-11,STRAY,FIELD,DOG,S,2,0,0,NORMAL,BORDER COLLIE,RED
06-03-11,PUBLIC AST,QUARANTINE,DOG,S,2,0,0,NORMAL,CHIHUAHUA SH,TAN
06-03-11,STRAY,OTC,DOG,S,3,0,0,NORMAL,LABRADOR RETR,BLACK
06-03-11,OWNER SUR,OTC,DOG,N,3,0,0,NORMAL,FOX TERR SMOOTH,TRICOLOR
06-03-11,OWNER SUR,OTC,DOG,S,3,5,9,SICK,DACHSHUND,BROWN
06-03-11,STRAY,FIELD,DOG,S,4,9,17,NORMAL,AMERICAN STAFF,BLACK
06-03-11,STRAY,OTC,CAT,N,4,0,1,NORMAL,DOMESTIC SH,BRN TABBY
06-03-11,OWNER SUR,OTC,CAT,S,4,0,1,NORMAL,DOMESTIC SH,BLUE
06-03-11,PUBLIC AST,QUARANTINE,DOG,F,4,0,1,NORMAL,BOXER,WHITE
06-03-11,STRAY,FIELD,DOG,S,4,0,1,NORMAL,AMERICAN STAFF,TAN
06-03-11,STRAY,OTC,DOG,S,5,0,1,NORMAL,SIBERIAN HUSKY,BLACK
06-03-11,STRAY,OTC,CAT,S,5,0,1,NORMAL,DOMESTIC SH,BLACK
06-03-11,OWNER SUR,OTC,DOG,N,6,10,18,NORMAL,ROTTWEILER,TRICOLOR
06-03-11,STRAY,FIELD,DOG,S,6,0,1,SICK,BORDER TERRIER,TAN
06-03-11,OWNER SUR,OTC,DOG,S,6,5,0,NORMAL,AUST CATTLE DOG,RED MERLE
06-03-11,OWNER SUR,OTC,DOG,S,8,10,28,NORMAL,WEIMARANER,BLUE
06-03-11,PUBLIC AST,EMERGENCY,DOG,S,8,0,2,NORMAL,SCHNAUZER MIN,GRAY
06-03-11,OWNER SUR,OTC,CAT,S,9,0,2,NORMAL,DOMESTIC SH,TORTIE
06-03-11,PUBLIC AST,EMERGENCY,DOG,N,9,0,2,NORMAL,SCHNAUZER MIN,GRAY
06-03-11,STRAY,FIELD,DOG,N,9,0,2,SICK,PIT BULL,BLACK
06-03-11,PUBLIC AST,QUARANTINE,DOG,F,11,0,0,NORMAL,STAFFORDSHIRE,RED
06-03-11,PUBLIC AST,QUARANTINE,DOG,S,10,0,4,NORMAL,ROTTWEILER,BLACK
06-04-11,STRAY,OTC,DOG,F,0,0,4,NURSING,PIT BULL,WHITE
06-04-11,STRAY,OTC,DOG,S,0,0,4,NURSING,PIT BULL,WHITE
06-04-11,STRAY,OTC,DOG,S,0,0,4,NURSING,PIT BULL,WHITE
06-04-11,STRAY,OTC,DOG,N,0,0,4,NURSING,PIT BULL,WHITE
06-04-11,STRAY,OTC,DOG,S,0,0,4,NURSING,PIT BULL,WHITE
06-04-11,STRAY,OTC,CAT,S,0,1,22,NURSING,DOMESTIC SH,ORG TABBY
06-04-11,STRAY,OTC,CAT,S,0,1,22,NURSING,DOMESTIC SH,TORTIE
06-04-11,STRAY,OTC,CAT,S,0,1,22,NURSING,DOMESTIC SH,TORTIE
06-04-11,STRAY,OTC,CAT,F,0,1,1,NORMAL,DOMESTIC LH,BRN TABBY
06-04-11,STRAY,OTC,CAT,U,0,1,1,NORMAL,DOMESTIC SH,BLUE
06-04-11,STRAY,OTC,CAT,F,0,1,1,NORMAL,DOMESTIC LH,BLK SMOKE
06-04-11,STRAY,OTC,CAT,S,0,1,1,NORMAL,DOMESTIC MH,BRN TABBY
06-04-11,STRAY,OTC,CAT,S,0,1,1,NORMAL,DOMESTIC MH,CALICO
06-04-11,STRAY,OTC,CAT,S,0,1,1,NORMAL,DOMESTIC SH,BRN TABBY
06-04-11,STRAY,OTC,CAT,S,0,1,1,NORMAL,DOMESTIC SH,BRN TABBY
06-04-11,STRAY,OTC,CAT,F,0,1,8,NORMAL,DOMESTIC SH,BLACK
06-04-11,STRAY,OTC,CAT,S,0,2,16,NORMAL,DOMESTIC LH,TORTIE
06-04-11,STRAY,OTC,CAT,N,0,2,16,NORMAL,DOMESTIC LH,ORANGE
06-04-11,STRAY,OTC,CAT,S,0,2,16,NORMAL,DOMESTIC LH,WHITE
06-04-11,STRAY,OTC,CAT,S,0,2,16,NORMAL,DOMESTIC LH,BLACK
06-04-11,OWNER SUR,OTC,DOG,S,0,2,16,NORMAL,GERM SHEPHERD,SABLE
06-04-11,OWNER SUR,OTC,DOG,N,0,2,16,NORMAL,GERM SHEPHERD,TRICOLOR
06-04-11,OWNER SUR,OTC,DOG,N,0,2,16,NORMAL,GERM SHEPHERD,BROWN
06-04-11,OWNER SUR,OTC,DOG,S,0,2,16,NORMAL,ALASKAN HUSKY,BROWN
06-04-11,OWNER SUR,OTC,DOG,S,0,2,24,NORMAL,GERM SHEPHERD,SABLE
06-04-11,OWNER SUR,OTC,DOG,N,0,2,24,NORMAL,GERM SHEPHERD,SABLE
06-04-11,STRAY,OTC,CAT,S,0,2,26,NORMAL,DOMESTIC SH,BRN TABBY
06-04-11,STRAY,OTC,CAT,N,0,2,3,NORMAL,DOMESTIC SH,BLACK
06-04-11,PUBLIC AST,QUARANTINE,DOG,N,0,2,4,NORMAL,CHOW CHOW,TAN
06-04-11,STRAY,OTC,DOG,S,0,3,15,NORMAL,COLLIE SMOOTH,SABLE
06-04-11,STRAY,OTC,CAT,N,0,3,1,NORMAL,DOMESTIC SH,BLUE
06-04-11,STRAY,OTC,CAT,S,0,3,1,NORMAL,DOMESTIC SH,BRN TABBY
06-04-11,STRAY,OTC,DOG,S,0,4,24,NORMAL,AUST CATTLE DOG,BLACK
06-04-11,OWNER SUR,OTC,DOG,N,0,6,0,SICK,LABRADOR RETR,TAN
06-04-11,STRAY,OTC,DOG,S,0,5,10,NORMAL,AUST SHEPHERD,RED TICK
06-04-11,OWNER SUR,OTC,DOG,N,0,5,11,NORMAL,LABRADOR RETR,BLACK
06-04-11,STRAY,OTC,DOG,N,0,6,28,NORMAL,CANAAN DOG,TAN
06-04-11,OWNER SUR,OTC,DOG,N,0,6,0,NORMAL,STAFFORDSHIRE,BLUE
06-04-11,PUBLIC AST,QUARANTINE,DOG,N,0,6,0,NORMAL,CHIHUAHUA SH,TAN
06-04-11,OWNER SUR,OTC,DOG,S,1,8,0,NORMAL,SHIH TZU,TAN
06-04-11,STRAY,OTC,DOG,N,1,8,0,NORMAL,BORDER TERRIER,TAN
06-04-11,STRAY,OTC,DOG,S,1,8,0,NORMAL,BORDER TERRIER,TRICOLOR
06-04-11,OWNER SUR,OTC,CAT,N,1,10,1,NORMAL,SIAMESE,LILAC PT
06-04-11,OWNER SUR,OTC,CAT,S,1,10,1,NORMAL,DOMESTIC SH,BLUE
06-04-11,OWNER SUR,OTC,CAT,F,1,10,1,NORMAL,DOMESTIC SH,BLACK
06-04-11,STRAY,OTC,DOG,N,1,10,1,NORMAL,AUST CATTLE DOG,WHITE
06-04-11,STRAY,OTC,DOG,N,1,10,1,NORMAL,GERM SHEPHERD,BROWN
06-04-11,STRAY,OTC,CAT,S,2,0,27,NORMAL,DOMESTIC SH,BRN TABBY
06-04-11,STRAY,OTC,DOG,N,1,0,0,NORMAL,BOSTON TERRIER,WHITE
06-04-11,STRAY,OTC,CAT,S,1,0,0,NORMAL,DOMESTIC SH,BLACK
06-04-11,STRAY,OTC,DOG,S,1,0,0,NORMAL,DACHSHUND,BROWN
06-04-11,OWNER SUR,OTC,CAT,N,1,0,0,NORMAL,DOMESTIC SH,WHITE
06-04-11,STRAY,OTC,DOG,S,1,0,0,NORMAL,GERM SHEPHERD,BROWN
06-04-11,STRAY,OTC,DOG,S,1,0,0,NORMAL,GERM SHEPHERD,BROWN
06-04-11,STRAY,FIELD,DOG,N,1,0,1,INJURED,MIN PINSCHER,BLACK
06-04-11,OWNER SUR,OTC,DOG,N,1,3,1,NORMAL,GERM SHEPHERD,BLACK
06-04-11,STRAY,FIELD,DOG,S,1,6,0,NORMAL,AUST CATTLE DOG,CREAM
06-04-11,OWNER SUR,OTC,DOG,M,1,6,0,NORMAL,GERM SHEPHERD,BLACK
06-04-11,OWNER SUR,OTC,DOG,S,1,6,0,NORMAL,BORDER COLLIE,TRICOLOR
06-04-11,STRAY,OTC,CAT,N,1,6,0,INJURED,DOMESTIC SH,ORG TABBY
06-04-11,OWNER SUR,OTC,CAT,N,2,7,20,NORMAL,DOMESTIC SH,BRN TABBY
06-04-11,STRAY,OTC,CAT,S,2,0,0,FERAL,DOMESTIC SH,BLACK
06-04-11,STRAY,FIELD,DOG,M,2,0,0,INJURED,DACHSHUND,RED
06-04-11,STRAY,FIELD,DOG,N,2,0,0,NORMAL,WEST HIGHLAND,WHITE
06-04-11,STRAY,OTC,DOG,S,2,1,24,NORMAL,PIT BULL,BLACK
06-04-11,OWNER SUR,RETURN,CAT,S,2,2,3,NORMAL,DOMESTIC SH,TORBIE
06-04-11,STRAY,FIELD,DOG,M,3,0,0,NORMAL,CATAHOULA,BROWN
06-04-11,OWNER SUR,OTC,DOG,S,3,0,0,NORMAL,GERM SHEPHERD,TAN
06-04-11,STRAY,OTC,CAT,N,3,0,0,NORMAL,DOMESTIC SH,BRN TABBY
06-04-11,OWNER SUR,OTC,DOG,S,3,0,0,NORMAL,LABRADOR RETR,YELLOW
06-04-11,OWNER SUR,OTC,DOG,S,3,0,0,NORMAL,AMER ESKIMO,WHITE
06-04-11,STRAY,OTC,DOG,N,3,0,0,NORMAL,AM PIT BULL TER,BLUE
06-04-11,OWNER SUR,OTC,DOG,S,4,7,6,NORMAL,CHIHUAHUA SH,WHITE
06-04-11,OWNER SUR,OTC,CAT,N,4,10,2,NORMAL,DOMESTIC SH,BLACK
06-04-11,OWNER SUR,OTC,CAT,N,4,10,2,NORMAL,DOMESTIC SH,BLACK
06-04-11,STRAY,OTC,CAT,S,4,0,1,NORMAL,DOMESTIC SH,TORTIE
06-04-11,STRAY,OTC,CAT,S,4,0,1,NORMAL,ORIENTAL SH,LYNX PT
06-04-11,OWNER SUR,OTC,CAT,M,4,0,1,NORMAL,DOMESTIC SH,ORG TABBY
06-04-11,STRAY,OTC,DOG,M,4,0,1,NORMAL,DALMATIAN,WHITE
06-04-11,OWNER SUR,OTC,DOG,N,4,0,1,NORMAL,LABRADOR RETR,BLUE
06-04-11,STRAY,FIELD,DOG,S,4,0,1,NORMAL,PIT BULL,WHITE
06-04-11,OWNER SUR,OTC,DOG,N,4,4,14,NORMAL,BOXER,TAN
06-04-11,OWNER SUR,OTC,DOG,N,5,8,9,INJURED,GOLDEN RETR,GOLD
06-04-11,OWNER SUR,OTC,CAT,N,6,0,22,NORMAL,DOMESTIC SH,BLACK
06-04-11,OWNER SUR,OTC,CAT,N,5,6,1,NORMAL,DOMESTIC SH,BLACK
06-04-11,OWNER SUR,OTC,DOG,M,6,6,2,NORMAL,GERM SHEPHERD,WHITE
06-04-11,STRAY,OTC,DOG,N,7,0,15,NORMAL,DOGO ARGENTINO,WHITE
06-04-11,STRAY,FIELD,DOG,M,6,0,2,INJURED,GERM SHEPHERD,BROWN
06-04-11,OWNER SUR,OTC,CAT,S,7,0,1,NORMAL,SNOWSHOE,SEAL PT
06-04-11,EUTH REQ,OTC OWNED,DOG,N,8,10,27,AGED,ROTTWEILER,BROWN
06-04-11,OWNER SUR,OTC,DOG,S,10,0,2,NORMAL,CHIHUAHUA SH,WHITE
06-04-11,OWNER SUR,OTC,CAT,S,10,0,2,NORMAL,DOMESTIC SH,ORG TABBY
06-04-11,OWNER SUR,OTC,CAT,N,10,0,2,NORMAL,DOMESTIC SH,BRN TABBY
06-04-11,STRAY,FIELD,DOG,S,10,0,3,NORMAL,GERM SHEPHERD,BLACK
06-05-11,STRAY,OTC,CAT,M,0,0,4,NORMAL,SIAMESE,SEAL PT
06-05-11,STRAY,OTC,CAT,N,0,0,4,NORMAL,SIAMESE,SEAL PT
06-05-11,STRAY,OTC,CAT,F,0,0,4,NORMAL,SIAMESE,SEAL PT
06-05-11,STRAY,OTC,CAT,S,0,0,4,NORMAL,DOMESTIC SH,CHOCOLATE
06-05-11,STRAY,OTC,CAT,N,0,0,4,NORMAL,DOMESTIC SH,BLUE
06-05-11,STRAY,OTC,CAT,F,0,1,5,NORMAL,DOMESTIC SH,BLACK
06-05-11,STRAY,OTC,CAT,M,0,1,8,NORMAL,DOMESTIC SH,BLACK
06-05-11,PUBLIC AST,QUARANTINE,CAT,N,0,1,8,FERAL,DOMESTIC LH,CRM TABBY
06-05-11,STRAY,OTC,CAT,N,0,2,23,NORMAL,DOMESTIC SH,BLACK
06-05-11,STRAY,FIELD,DOG,M,0,2,0,INJURED,SCHNAUZER STAND,GRAY
06-05-11,OWNER SUR,OTC,CAT,N,0,2,0,NORMAL,DOMESTIC SH,BLUE
06-05-11,OWNER SUR,OTC,CAT,N,0,2,0,NORMAL,DOMESTIC SH,ORG TABBY
06-05-11,STRAY,FIELD,DOG,S,0,2,0,SICK,GERM SHEPHERD,BLACK
06-05-11,STRAY,OTC,DOG,N,0,2,0,NORMAL,LABRADOR RETR,CHOCOLATE
06-05-11,STRAY,FIELD,DOG,N,0,2,0,INJURED,LABRADOR RETR,BLACK
06-05-11,STRAY,FIELD,DOG,N,0,2,0,INJURED,LABRADOR RETR,BLACK
06-05-11,OWNER SUR,OTC,CAT,N,0,3,17,NORMAL,DOMESTIC SH,BLACK
06-05-11,STRAY,OTC,CAT,N,0,3,1,NORMAL,DOMESTIC SH,BLACK
06-05-11,OWNER SUR,OTC,CAT,N,0,3,12,NORMAL,DOMESTIC SH,ORG TABBY
06-05-11,OWNER SUR,OTC,CAT,S,1,8,0,NORMAL,DOMESTIC SH,BLUE
06-05-11,OWNER SUR,OTC,DOG,N,1,9,8,NORMAL,POINTER,WHITE
06-05-11,STRAY,FIELD,DOG,N,1,10,1,NORMAL,LABRADOR RETR,BLACK
06-05-11,STRAY,OTC,DOG,N,1,10,1,NORMAL,CHIHUAHUA SH,WHITE
06-05-11,OWNER SUR,OTC,DOG,N,1,11,25,NORMAL,LABRADOR RETR,TAN
06-05-11,STRAY,OTC,DOG,N,1,0,0,NORMAL,PIT BULL,BLACK
06-05-11,STRAY,FIELD,DOG,M,1,0,0,SICK,CHIHUAHUA SH,WHITE
06-05-11,STRAY,OTC,DOG,S,1,0,0,NORMAL,LABRADOR RETR,BLACK
06-05-11,STRAY,FIELD,DOG,M,1,0,0,INJURED,LABRADOR RETR,BROWN
06-05-11,STRAY,OTC,DOG,N,1,0,1,NORMAL,GERM SHEPHERD,BLACK
06-05-11,STRAY,OTC,DOG,S,1,6,0,NORMAL,POINTER,WHITE
06-05-11,STRAY,OTC,DOG,N,1,6,0,NORMAL,CAVALIER SPAN,WHITE
06-05-11,OWNER SUR,OTC,DOG,N,2,6,5,NORMAL,BORDER COLLIE,BLACK
06-05-11,STRAY,FIELD,DOG,M,2,8,0,NORMAL,GERM SHEPHERD,BLACK
06-05-11,STRAY,FIELD,DOG,M,2,8,0,NORMAL,GERM SHEPHERD,BLACK
06-05-11,STRAY,OTC,DOG,S,2,10,14,NORMAL,GERM SHEPHERD,TAN
06-05-11,STRAY,OTC,CAT,N,2,0,0,NORMAL,DOMESTIC SH,BRN TABBY
06-05-11,STRAY,OTC,CAT,S,2,0,0,NORMAL,DOMESTIC SH,CALICO
06-05-11,STRAY,OTC,DOG,N,2,0,0,INJURED,POODLE MIN,WHITE
06-05-11,STRAY,OTC,DOG,S,2,0,0,NORMAL,JACK RUSS TERR,BROWN
06-05-11,STRAY,OTC,DOG,N,2,0,0,NORMAL,PIT BULL,WHITE
06-05-11,STRAY,FIELD,DOG,N,2,0,0,SICK,BOXER,BR BRINDLE
06-05-11,STRAY,FIELD,DOG,N,2,0,0,NORMAL,AMER BULLDOG,WHITE
06-05-11,PUBLIC AST,QUARANTINE,DOG,N,2,0,1,NORMAL,CHIHUAHUA SH,BLACK
06-05-11,OWNER SUR,OTC,DOG,M,2,0,9,NORMAL,AMER BULLDOG,WHITE
06-05-11,STRAY,OTC,DOG,S,2,2,5,NORMAL,PIT BULL,WHITE
06-05-11,OWNER SUR,OTC,CAT,N,3,0,0,NORMAL,DOMESTIC SH,ORG TABBY
06-05-11,OWNER SUR,OTC,DOG,S,4,9,24,NORMAL,LABRADOR RETR,BUFF
06-05-11,STRAY,OTC,DOG,N,4,0,0,NORMAL,POODLE MIN,GRAY
06-05-11,STRAY,OTC,CAT,S,4,0,1,NORMAL,DOMESTIC SH,CALICO
06-05-11,STRAY,OTC,CAT,N,5,0,1,NORMAL,SIAMESE,FLAME PT
06-05-11,OWNER SUR,OTC,DOG,S,5,6,1,NORMAL,LABRADOR RETR,BLACK
06-05-11,OWNER SUR,OTC,DOG,S,6,8,4,NORMAL,AUST CATTLE DOG,BLACK
06-05-11,STRAY,OTC,DOG,N,6,0,6,NORMAL,BORDER COLLIE,BLACK
06-05-11,STRAY,OTC,DOG,S,7,0,0,NORMAL,NORWICH TERRIER,TAN
06-05-11,STRAY,OTC,DOG,S,9,0,2,NORMAL,NORWICH TERRIER,TAN
06-05-11,STRAY,OTC,DOG,S,9,0,2,NORMAL,CHIHUAHUA LH,WHITE
06-05-11,STRAY,FIELD,DOG,N,11,0,17,NORMAL,GOLDEN RETR,GOLD
06-05-11,AST AGENCY,OWNER DIED,CAT,S,10,0,1,NORMAL,DOMESTIC LH,WHITE
06-05-11,PUBLIC AST,QUARANTINE,DOG,M,11,0,6,NORMAL,AUST SHEPHERD,BLACK
06-05-11,OWNER SUR,OTC,CAT,S,14,0,3,NORMAL,DOMESTIC MH,BRN TABBY
06-06-11,STRAY,OTC,CAT,S,0,1,7,NORMAL,DOMESTIC SH,CALICO
06-06-11,STRAY,OTC,CAT,N,0,2,16,NORMAL,DOMESTIC SH,BLACK
06-06-11,STRAY,OTC,CAT,N,0,2,16,NORMAL,DOMESTIC SH,BLACK
06-06-11,STRAY,OTC,CAT,S,0,2,16,NORMAL,DOMESTIC SH,BLACK
06-06-11,OWNER SUR,OTC,DOG,S,0,2,0,NORMAL,GERM SHEPHERD,BROWN
06-06-11,OWNER SUR,OTC,DOG,N,0,2,0,NORMAL,BORDER COLLIE,BLACK
06-06-11,OWNER SUR,OTC,DOG,S,0,2,0,NORMAL,GERM SHEPHERD,BROWN
06-06-11,OWNER SUR,OTC,DOG,S,0,2,0,NORMAL,AMER FOXHOUND,BROWN
06-06-11,OWNER SUR,OTC,DOG,S,0,2,0,NORMAL,AMER FOXHOUND,BROWN
06-06-11,OWNER SUR,OTC,CAT,S,0,2,0,NORMAL,DOMESTIC SH,ORG TABBY
06-06-11,OWNER SUR,OTC,DOG,S,0,2,0,NORMAL,WELSH CORGI CAR,TRICOLOR
06-06-11,OWNER SUR,OTC,DOG,S,0,2,0,NORMAL,LABRADOR RETR,BLACK
06-06-11,STRAY,OTC,CAT,S,0,2,7,NORMAL,MANX,BRN TABBY
06-06-11,STRAY,OTC,DOG,S,0,2,9,NORMAL,CHIHUAHUA SH,TAN
06-06-11,STRAY,OTC,CAT,N,0,3,22,NORMAL,DOMESTIC SH,BLK SMOKE
06-06-11,PUBLIC AST,COLD WEATH,DOG,S,0,4,16,NORMAL,GERM SHEPHERD,TRICOLOR
06-06-11,PUBLIC AST,COLD WEATH,DOG,N,0,4,16,NORMAL,ALASK MALAMUTE,GRAY
06-06-11,STRAY,OTC,DOG,S,0,4,29,NORMAL,HARRIER,TRICOLOR
06-06-11,STRAY,OTC,DOG,S,0,4,3,NORMAL,GERM SHEPHERD,BROWN
06-06-11,OWNER SUR,OTC,CAT,S,0,6,27,NORMAL,DOMESTIC SH,TORTIE
06-06-11,STRAY,FIELD,DOG,N,0,6,0,NORMAL,BULLDOG,WHITE
06-06-11,OWNER SUR,OTC,CAT,N,1,8,18,NORMAL,DOMESTIC SH,SEAL PT
06-06-11,OWNER SUR,OTC,DOG,S,1,8,0,NORMAL,QUEENSLAND HEEL,WHITE
06-06-11,STRAY,FIELD,DOG,N,1,0,0,NORMAL,CHIHUAHUA SH,BROWN
06-06-11,STRAY,OIJ,DOG,N,1,0,0,INJURED,PIT BULL,WHITE
06-06-11,STRAY,OTC,DOG,S,1,0,0,NORMAL,BORDER TERRIER,TAN
06-06-11,STRAY,OTC,DOG,M,1,5,21,NORMAL,GREAT DANE,BLACK
06-06-11,OWNER SUR,OTC,CAT,N,1,6,0,NORMAL,SIAMESE,SEAL PT
06-06-11,OWNER SUR,OTC,DOG,S,2,0,0,NORMAL,AUST SHEPHERD,WHITE
06-06-11,OWNER SUR,OTC,DOG,S,2,0,0,NORMAL,MANCHESTER TERR,BLACK
06-06-11,STRAY,FIELD,DOG,N,2,0,0,NORMAL,WELSH CORGI CAR,WHITE
06-06-11,OWNER SUR,OTC,DOG,S,2,0,0,NORMAL,BORDER COLLIE,WHITE
06-06-11,PUBLIC AST,QUARANTINE,DOG,S,2,0,1,NORMAL,DACHSHUND,BROWN
06-06-11,OWNER SUR,OTC,CAT,N,2,1,21,NORMAL,DOMESTIC SH,BLUE
06-06-11,OWNER SUR,OTC,DOG,N,2,5,8,NORMAL,CHIHUAHUA SH,BLUE
06-06-11,STRAY,EMERG CLC,DOG,N,2,6,29,INJURED,PIT BULL,BROWN
06-06-11,STRAY,OTC,CAT,U,3,0,0,NORMAL,DOMESTIC SH,ORG TABBY
06-06-11,STRAY,OTC,DOG,N,3,0,0,NORMAL,LABRADOR RETR,BLACK
06-06-11,STRAY,OTC,DOG,N,3,0,0,NORMAL,PIT BULL,BLACK
06-06-11,OWNER SUR,OTC,DOG,S,3,0,0,NORMAL,MANCHESTER TERR,BLACK
06-06-11,OWNER SUR,OTC,CAT,N,3,0,0,NORMAL,DOMESTIC SH,BLUE TABBY
06-06-11,STRAY,OTC,CAT,M,3,0,0,INJURED,DOMESTIC SH,BLACK
06-06-11,OWNER SUR,OTC,CAT,S,3,0,0,NORMAL,DOMESTIC SH,BLACK
06-06-11,STRAY,EMERG CLC,DOG,S,3,0,0,INJURED,LABRADOR RETR,BLACK
06-06-11,STRAY,OTC,CAT,M,5,0,1,NORMAL,DOMESTIC SH,BRN TABBY
06-06-11,STRAY,FIELD,DOG,N,6,0,1,FERAL,AUST KELPIE,BLACK
06-06-11,STRAY,EMERG CLC,DOG,N,6,0,1,INJURED,LABRADOR RETR,YELLOW
06-06-11,OWNER SUR,OTC,DOG,S,7,0,1,NORMAL,COCKER SPAN,BLACK
06-06-11,OWNER SUR,OTC,CAT,N,7,0,1,NORMAL,PERSIAN,BLACK
06-06-11,STRAY,EMERG CLC,DOG,S,8,3,29,INJURED,BOXER,BR BRINDLE
06-06-11,STRAY,FIELD,DOG,M,10,0,20,NORMAL,AUST SHEPHERD,BLUE MERLE
06-06-11,STRAY,FIELD,DOG,S,10,5,17,NORMAL,DACHSHUND LH,RED
06-06-11,OWNER SUR,OTC,DOG,S,10,5,29,NORMAL,BORDER COLLIE,BLACK
06-06-11,STRAY,OTC,DOG,N,15,0,3,NORMAL,BRITTANY,WHITE
06-06-11,OWNER SUR,OTC,CAT,F,18,0,4,SICK,DOMESTIC MH,BLUE
06-07-11,STRAY,OTC,CAT,U,0,0,7,NURSING,DOMESTIC SH,ORG TABBY
06-07-11,STRAY,OTC,CAT,U,0,0,7,NURSING,DOMESTIC SH,BRN TABBY
06-07-11,STRAY,OTC,CAT,U,0,0,7,NURSING,DOMESTIC SH,WHITE
06-07-11,STRAY,OTC,CAT,M,0,1,22,SICK,DOMESTIC SH,CRM TABBY
06-07-11,STRAY,OTC,CAT,N,0,1,22,NORMAL,DOMESTIC SH,BRN TABBY
06-07-11,STRAY,OTC,CAT,M,0,1,22,NORMAL,DOMESTIC SH,BRN TABBY
06-07-11,STRAY,OTC,CAT,S,0,1,22,NORMAL,DOMESTIC SH,BRN TABBY
06-07-11,STRAY,OTC,CAT,F,0,1,22,NORMAL,DOMESTIC SH,BRN TABBY
06-07-11,STRAY,OTC,CAT,S,0,1,1,NORMAL,DOMESTIC SH,BLACK
06-07-11,OWNER SUR,FIELD,CAT,S,0,2,16,SICK,DOMESTIC SH,ORG TABBY
06-07-11,OWNER SUR,FIELD,CAT,M,0,2,16,SICK,DOMESTIC SH,ORG TABBY
06-07-11,OWNER SUR,FIELD,CAT,N,0,2,16,SICK,DOMESTIC SH,ORG TABBY
06-07-11,OWNER SUR,OTC,DOG,S,0,2,16,NORMAL,LABRADOR RETR,BUFF
06-07-11,OWNER SUR,OTC,DOG,N,0,2,16,NORMAL,LABRADOR RETR,BUFF
06-07-11,OWNER SUR,OTC,DOG,S,0,2,16,NORMAL,LABRADOR RETR,BLACK
06-07-11,OWNER SUR,OTC,DOG,S,0,2,16,NORMAL,LABRADOR RETR,BROWN
06-07-11,OWNER SUR,OTC,DOG,N,0,2,16,NORMAL,LABRADOR RETR,GOLD
06-07-11,OWNER SUR,OTC,DOG,S,0,2,16,NORMAL,LABRADOR RETR,CREAM
06-07-11,STRAY,OTC,CAT,S,0,2,4,NORMAL,MANX,WHITE
06-07-11,STRAY,FIELD,DOG,S,0,2,10,NORMAL,LABRADOR RETR,TAN
06-07-11,STRAY,OTC,DOG,N,0,6,0,NORMAL,BEAGLE,TAN
06-07-11,STRAY,OTC,DOG,S,0,6,0,NORMAL,CHIHUAHUA SH,WHITE
06-07-11,STRAY,FIELD,DOG,S,0,5,11,NORMAL,CHIHUAHUA SH,TAN
06-07-11,OWNER SUR,RETURN,DOG,S,1,8,23,NORMAL,LABRADOR RETR,BLACK
06-07-11,STRAY,OTC,DOG,S,1,9,0,OTHER,PLOTT HOUND,BR BRINDLE
06-07-11,STRAY,OTC,DOG,N,1,10,17,NORMAL,GERM SHEPHERD,BUFF
06-07-11,STRAY,OTC,CAT,S,2,0,28,NORMAL,BOMBAY,BLACK
06-07-11,STRAY,FIELD,DOG,S,1,0,0,NORMAL,COLLIE ROUGH,GOLD
06-07-11,STRAY,FIELD,CAT,F,1,0,0,INJURED,DOMESTIC MH,BLACK
06-07-11,STRAY,OTC,DOG,S,1,0,0,NORMAL,DACHSHUND WH,BLACK
06-07-11,STRAY,OTC,DOG,S,2,0,0,NORMAL,CHIHUAHUA SH,BR BRINDLE
06-07-11,STRAY,FIELD,DOG,N,2,0,0,NORMAL,GERM SHEPHERD,BLACK
06-07-11,OWNER SUR,OTC,DOG,N,3,7,28,SICK,LABRADOR RETR,BLACK
06-07-11,STRAY,OTC,CAT,S,3,0,0,NORMAL,DOMESTIC SH,WHITE
06-07-11,OWNER SUR,OTC,CAT,S,4,3,21,NORMAL,DOMESTIC SH,CALICO
06-07-11,STRAY,OTC,CAT,S,5,0,1,NORMAL,DOMESTIC SH,BRN TABBY
06-07-11,STRAY,OTC,DOG,F,5,6,15,NORMAL,LABRADOR RETR,CHOCOLATE
06-07-11,STRAY,OTC,DOG,M,6,6,12,NORMAL,CHINESE SHARPEI,TAN
06-07-11,PUBLIC AST,QUARANTINE,DOG,N,6,1,20,NORMAL,CHIHUAHUA SH,BROWN
06-07-11,STRAY,OTC,CAT,F,10,0,2,NORMAL,DOMESTIC LH,BRN TABBY
06-07-11,STRAY,OTC,CAT,N,10,0,2,NORMAL,SIAMESE,FLAME PT
06-07-11,OWNER SUR,OTC,CAT,N,10,0,2,NORMAL,DOMESTIC SH,BLUE
06-07-11,STRAY,FIELD,DOG,S,14,0,3,AGED,SIBERIAN HUSKY,GRAY
06-07-11,OWNER SUR,OTC,CAT,S,18,0,4,AGED,DOMESTIC SH,TORTIE
06-08-11,STRAY,OTC,CAT,S,0,1,15,NORMAL,DOMESTIC SH,WHITE
06-08-11,STRAY,OTC,CAT,N,0,1,15,NORMAL,DOMESTIC SH,WHITE
06-08-11,STRAY,OTC,CAT,M,0,1,22,NORMAL,DOMESTIC LH,BRN TABBY
06-08-11,STRAY,OTC,CAT,F,0,2,15,NORMAL,DOMESTIC SH,WHITE
06-08-11,STRAY,OTC,CAT,S,0,2,16,SICK,DOMESTIC LH,TORTIE
06-08-11,STRAY,OTC,DOG,N,0,2,16,NORMAL,DACHSHUND LH,BROWN
06-08-11,STRAY,OTC,DOG,N,0,2,16,NORMAL,DACHSHUND LH,BRN MERLE
06-08-11,STRAY,OTC,CAT,S,0,2,0,SICK,DOMESTIC SH,BLUE TABBY
06-08-11,STRAY,OTC,CAT,S,0,2,0,SICK,DOMESTIC SH,BLACK
06-08-11,STRAY,OTC,CAT,S,0,2,0,SICK,DOMESTIC SH,TORTIE
06-08-11,STRAY,FIELD,DOG,N,0,3,14,NORMAL,GERM SHEPHERD,TRICOLOR
06-08-11,STRAY,OTC,DOG,S,0,3,22,NORMAL,LABRADOR RETR,TAN
06-08-11,STRAY,FIELD,DOG,S,0,3,1,NORMAL,PLOTT HOUND,BROWN
06-08-11,STRAY,OTC,DOG,N,0,5,14,NORMAL,BEAGLE,BROWN
06-08-11,OWNER SUR,FIELD,DOG,S,0,5,21,NORMAL,BOXER,FAWN
06-08-11,STRAY,FIELD,DOG,N,0,6,0,NORMAL,BORDER TERRIER,BLACK
06-08-11,STRAY,FIELD,DOG,N,0,6,0,SICK,DALMATIAN,WHITE
06-08-11,STRAY,OTC,DOG,S,0,6,14,SICK,PIT BULL,TAN
06-08-11,STRAY,OTC,DOG,N,0,6,0,NORMAL,DACHSHUND,BLUE
06-08-11,STRAY,OTC,CAT,S,0,6,0,NORMAL,DOMESTIC SH,ORG TABBY
06-08-11,PUBLIC AST,QUARANTINE,DOG,S,0,6,0,NORMAL,LABRADOR RETR,TAN
06-08-11,STRAY,FIELD,DOG,N,1,6,4,NORMAL,GREAT DANE,BLACK
06-08-11,STRAY,OTC,DOG,N,1,7,15,NORMAL,CHIHUAHUA SH,TAN
06-08-11,STRAY,OTC,DOG,N,1,8,0,NORMAL,CHIHUAHUA SH,TAN
06-08-11,STRAY,OTC,DOG,N,1,10,1,NORMAL,JACK RUSS TERR,WHITE
06-08-11,STRAY,FIELD,DOG,N,1,11,0,NORMAL,LABRADOR RETR,YELLOW
06-08-11,STRAY,EMERG CLC,DOG,S,1,0,0,INJURED,BORDER COLLIE,BLACK
06-08-11,PUBLIC AST,EMERGENCY,CAT,M,1,0,0,OTHER,DOMESTIC SH,BRN TABBY
06-08-11,STRAY,FIELD,DOG,N,1,0,0,NORMAL,SCHNAUZER MIN,BLACK
06-08-11,STRAY,OTC,CAT,S,1,0,0,NORMAL,DOMESTIC SH,CALICO
06-08-11,STRAY,OTC,DOG,S,1,0,0,INJURED,CHIHUAHUA SH,RED
06-08-11,STRAY,FIELD,DOG,S,1,0,0,NORMAL,GERM SHEPHERD,TAN
06-08-11,STRAY,OTC,DOG,F,1,1,18,NORMAL,AMER BULLDOG,WHITE
06-08-11,OWNER SUR,OTC,DOG,N,1,2,0,NORMAL,DACHSHUND,BROWN
06-08-11,OWNER SUR,RETURN,DOG,N,2,7,21,NORMAL,STAFFORDSHIRE,BR BRINDLE
06-08-11,OWNER SUR,RETURN,DOG,S,2,7,25,SICK,LABRADOR RETR,TAN
06-08-11,OWNER SUR,OTC,DOG,S,2,8,0,NORMAL,PIT BULL,CHOCOLATE
06-08-11,STRAY,FIELD,DOG,N,2,0,0,NORMAL,PIT BULL,RED
06-08-11,STRAY,FIELD,DOG,S,2,0,0,OTHER,PIT BULL,BLUE
06-08-11,STRAY,FIELD,DOG,S,2,6,0,NORMAL,BOXER,BROWN
06-08-11,PUBLIC AST,QUARANTINE,DOG,S,4,0,1,INJURED,RHOD RIDGEBACK,BROWN
06-08-11,STRAY,OTC,DOG,N,4,6,1,NORMAL,AUST CATTLE DOG,BLUE MERLE
06-08-11,OWNER SUR,OTC,CAT,N,5,7,24,NORMAL,SIAMESE,LYNX PT
06-08-11,STRAY,OTC,DOG,S,5,0,1,NORMAL,POMERANIAN,SABLE
06-08-11,STRAY,OTC,DOG,S,5,0,1,NORMAL,GERM SHEPHERD,SABLE
06-08-11,OWNER SUR,OTC,DOG,S,5,2,29,NORMAL,CHIHUAHUA LH,WHITE
06-08-11,STRAY,OTC,DOG,S,6,0,1,NORMAL,MIN PINSCHER,BLACK
06-08-11,OWNER SUR,OTC,DOG,N,7,8,13,NORMAL,GERM SHEPHERD,BROWN
06-08-11,PUBLIC AST,QUARANTINE,CAT,S,7,0,3,NORMAL,DOMESTIC SH,GRAY
06-08-11,STRAY,OTC,DOG,S,8,0,2,NORMAL,AUST CATTLE DOG,WHITE
06-08-11,OWNER SUR,OTC,DOG,S,8,2,26,NORMAL,LABRADOR RETR,BLACK
06-08-11,PUBLIC AST,QUARANTINE,CAT,S,9,0,2,NORMAL,DOMESTIC SH,BLACK
06-08-11,OWNER SUR,OTC,CAT,S,10,0,2,NORMAL,DOMESTIC SH,ORG TABBY
06-08-11,PUBLIC AST,QUARANTINE,DOG,M,12,0,1,NORMAL,GERM SHEPHERD,BLACK
06-08-11,OWNER SUR,OTC,DOG,S,15,0,3,AGED,DALMATIAN,WHITE
06-09-11,STRAY,OTC,CAT,N,0,1,15,NORMAL,DOMESTIC SH,BLACK
06-09-11,STRAY,OTC,CAT,N,0,1,15,NORMAL,DOMESTIC SH,ORG TABBY
06-09-11,STRAY,OTC,CAT,S,0,1,18,NORMAL,DOMESTIC SH,BLUE
06-09-11,STRAY,OTC,CAT,S,0,1,18,NORMAL,DOMESTIC SH,BLUE
06-09-11,STRAY,OTC,CAT,S,0,1,18,NORMAL,DOMESTIC SH,BRN TABBY
06-09-11,STRAY,OTC,CAT,N,0,1,22,NORMAL,DOMESTIC SH,BLACK
06-09-11,STRAY,OTC,CAT,N,0,1,22,NORMAL,DOMESTIC SH,WHITE
06-09-11,STRAY,OTC,CAT,N,0,1,22,NORMAL,DOMESTIC SH,BRN TABBY
06-09-11,STRAY,OTC,CAT,N,0,1,22,NORMAL,DOMESTIC SH,BLUE TABBY
06-09-11,STRAY,OTC,CAT,M,0,1,1,NORMAL,DOMESTIC SH,BLACK
06-09-11,STRAY,OTC,CAT,S,0,1,1,NORMAL,BRITISH SH,SLVR TABBY
06-09-11,STRAY,OTC,CAT,S,0,1,1,NORMAL,BRITISH SH,BLK SMOKE
06-09-11,STRAY,OTC,CAT,N,0,1,1,NORMAL,BRITISH SH,BLUE TABBY
06-09-11,OWNER SUR,OTC,CAT,N,0,1,1,NORMAL,DOMESTIC SH,ORG TABBY
06-09-11,OWNER SUR,OTC,CAT,N,0,1,1,NORMAL,DOMESTIC SH,ORG TABBY
06-09-11,OWNER SUR,OTC,CAT,F,0,1,1,NORMAL,DOMESTIC SH,CALICO
06-09-11,OWNER SUR,OTC,CAT,N,0,1,1,NORMAL,DOMESTIC SH,WHITE
06-09-11,OWNER SUR,OTC,CAT,N,0,1,1,NORMAL,DOMESTIC SH,WHITE
06-09-11,OWNER SUR,OTC,CAT,S,0,1,1,NORMAL,DOMESTIC MH,TORTIE
06-09-11,STRAY,OTC,CAT,S,0,1,1,NORMAL,SIAMESE,SEAL PT
06-09-11,STRAY,OTC,CAT,N,0,1,1,NORMAL,SIAMESE,SEAL PT
06-09-11,STRAY,OTC,CAT,S,0,2,16,INJURED,DOMESTIC SH,BRN TABBY
06-09-11,STRAY,OTC,CAT,F,0,2,16,INJURED,DOMESTIC SH,BLACK
06-09-11,STRAY,OTC,CAT,S,0,2,16,NORMAL,DOMESTIC SH,ORG TABBY
06-09-11,STRAY,OTC,CAT,N,0,2,16,INJURED,DOMESTIC SH,ORG TABBY
06-09-11,STRAY,OTC,CAT,N,0,2,16,NORMAL,DOMESTIC SH,ORG TABBY
06-09-11,STRAY,OTC,CAT,N,0,2,23,NORMAL,DOMESTIC SH,BLACK
06-09-11,STRAY,OTC,CAT,S,0,2,0,NORMAL,DOMESTIC SH,BLACK
06-09-11,STRAY,OTC,CAT,N,0,2,0,NORMAL,DOMESTIC SH,ORG TABBY
06-09-11,STRAY,FIELD,DOG,N,0,2,0,OTHER,LABRADOR RETR,WHITE
06-09-11,STRAY,FIELD,DOG,S,0,2,0,OTHER,LABRADOR RETR,BROWN
06-09-11,STRAY,OTC,DOG,S,0,3,15,SICK,BOXER,BR BRINDLE
06-09-11,STRAY,OTC,DOG,M,0,3,15,NORMAL,GERM SHEPHERD,BLACK
06-09-11,STRAY,FOUND IN,DOG,M,0,3,2,NORMAL,PLOTT HOUND,BLACK
06-09-11,STRAY,FIELD,DOG,S,1,8,0,NORMAL,BEAGLE,WHITE
06-09-11,STRAY,OTC,CAT,F,1,8,0,FERAL,DOMESTIC LH,BLUE
06-09-11,STRAY,OTC,DOG,N,1,9,23,NORMAL,LABRADOR RETR,BLACK
06-09-11,STRAY,FIELD,DOG,N,2,0,29,NORMAL,AMERICAN STAFF,WHITE
06-09-11,STRAY,FIELD,DOG,N,1,0,0,NORMAL,BEAGLE,BROWN
06-09-11,STRAY,FIELD,DOG,N,1,0,0,NORMAL,LABRADOR RETR,CHOCOLATE
06-09-11,STRAY,OTC,DOG,S,1,6,0,NORMAL,SIBERIAN HUSKY,BLACK
06-09-11,PUBLIC AST,SURGERY,DOG,S,2,9,19,NORMAL,LABRADOR RETR,WHITE
06-09-11,STRAY,OTC,CAT,N,2,10,23,NORMAL,DOMESTIC SH,BRN TABBY
06-09-11,PUBLIC AST,QUARANTINE,DOG,M,3,0,27,NORMAL,LABRADOR RETR,CHOCOLATE
06-09-11,STRAY,OTC,DOG,N,2,0,0,NORMAL,PLOTT HOUND,BR BRINDLE
06-09-11,AST AGENCY,OWNER DIED,DOG,N,2,0,0,NORMAL,DACHSHUND,BLACK
06-09-11,STRAY,OTC,CAT,N,2,0,0,NORMAL,DOMESTIC SH,CRM TABBY
06-09-11,STRAY,FIELD,DOG,F,2,0,0,NORMAL,PIT BULL,TAN
06-09-11,STRAY,OTC,CAT,S,2,0,0,NORMAL,DOMESTIC SH,BRN TABBY
06-09-11,PUBLIC AST,QUARANTINE,DOG,S,2,0,1,NORMAL,GERM SHEPHERD,TAN
06-09-11,STRAY,FIELD,DOG,N,3,11,2,NORMAL,CHIHUAHUA SH,BROWN
06-09-11,STRAY,FIELD,DOG,N,3,0,0,NORMAL,CHIHUAHUA SH,BROWN
06-09-11,STRAY,OTC,DOG,N,3,0,0,NORMAL,STAFFORDSHIRE,WHITE
06-09-11,STRAY,FIELD,DOG,N,3,6,1,NORMAL,BOXER,RED
06-09-11,STRAY,OTC,CAT,N,5,0,1,NORMAL,DOMESTIC LH,BLUE TABBY
06-09-11,STRAY,OTC,DOG,N,5,0,1,NORMAL,BORDER COLLIE,BLACK
06-09-11,STRAY,OTC,DOG,N,6,11,18,NORMAL,WELSH CORGI CAR,BLUE MERLE
06-09-11,OWNER SUR,OTC,CAT,S,7,0,1,NORMAL,BOMBAY,BLACK
06-09-11,PUBLIC AST,QUARANTINE,DOG,N,7,0,2,NORMAL,BEAGLE,BLACK
06-09-11,PUBLIC AST,QUARANTINE,DOG,M,9,0,2,NORMAL,LABRADOR RETR,CHOCOLATE
06-09-11,STRAY,FIELD,CAT,F,12,0,0,SICK,DOMESTIC SH,BRN TABBY
06-09-11,AST AGENCY,OWNER DIED,DOG,N,12,3,24,AGED,DACHSHUND,BROWN
06-10-11,STRAY,OTC,CAT,M,0,2,0,INJURED,DOMESTIC SH,BRN TABBY
06-10-11,OWNER SUR,OTC,CAT,N,0,1,8,NORMAL,DOMESTIC SH,BLUE TABBY
06-10-11,STRAY,OTC,CAT,N,0,2,23,NORMAL,DOMESTIC SH,BLACK
06-10-11,STRAY,OTC,CAT,S,0,2,23,NORMAL,DOMESTIC SH,TORTIE
06-10-11,STRAY,OTC,CAT,S,0,2,23,NORMAL,DOMESTIC SH,BLACK
06-10-11,STRAY,OTC,CAT,S,0,2,23,NORMAL,DOMESTIC SH,CRM TABBY
06-10-11,STRAY,OTC,CAT,S,0,2,23,NORMAL,DOMESTIC SH,CRM TABBY
06-10-11,OWNER SUR,OTC,CAT,S,0,2,0,NORMAL,DOMESTIC SH,BRN TABBY
06-10-11,OWNER SUR,OTC,CAT,N,0,2,0,NORMAL,DOMESTIC SH,BRN TABBY
06-10-11,OWNER SUR,OTC,CAT,S,0,2,0,NORMAL,DOMESTIC SH,BLUE TABBY
06-10-11,PUBLIC AST,EMERGENCY,DOG,S,0,2,0,SICK,LABRADOR RETR,BROWN
06-10-11,OWNER SUR,OTC,CAT,S,0,3,15,NORMAL,DOMESTIC LH,BLACK
06-10-11,OWNER SUR,OTC,CAT,S,0,3,15,NORMAL,DOMESTIC LH,BLK SMOKE
06-10-11,OWNER SUR,OTC,CAT,N,0,3,15,NORMAL,DOMESTIC SH,CRM TABBY
06-10-11,OWNER SUR,OTC,CAT,S,0,3,15,NORMAL,DOMESTIC SH,BRN TABBY
06-10-11,OWNER SUR,OTC,CAT,N,0,3,29,NORMAL,DOMESTIC SH,BLACK
06-10-11,STRAY,FIELD,DOG,S,0,4,16,NORMAL,PIT BULL,TAN
06-10-11,STRAY,OTC,DOG,N,1,8,0,NORMAL,CHIHUAHUA SH,TAN
06-10-11,STRAY,OTC,DOG,N,1,8,0,NORMAL,CHIHUAHUA SH,BLACK
06-10-11,STRAY,FIELD,DOG,N,1,0,0,NORMAL,CHIHUAHUA SH,TAN
06-10-11,STRAY,FIELD,CAT,F,1,0,0,INJURED,DOMESTIC SH,BLACK
06-10-11,STRAY,OTC,CAT,F,1,0,0,NORMAL,DOMESTIC SH,BRN TABBY
06-10-11,OWNER SUR,OTC,CAT,S,1,6,0,NORMAL,DOMESTIC LH,BLACK
06-10-11,STRAY,FIELD,DOG,S,1,6,0,NORMAL,AKITA,TAN
06-10-11,STRAY,FIELD,DOG,S,2,0,0,NORMAL,CHIHUAHUA LH,CREAM
06-10-11,OWNER SUR,OTC,CAT,S,2,6,0,NORMAL,DOMESTIC SH,ORG TABBY
06-10-11,OWNER SUR,OTC,DOG,S,3,0,0,NORMAL,PIT BULL,BR BRINDLE
06-10-11,STRAY,FIELD,DOG,M,3,0,0,NORMAL,PIT BULL,BROWN
06-10-11,STRAY,OTC,DOG,M,3,0,0,NORMAL,LABRADOR RETR,BROWN
06-10-11,STRAY,OTC,DOG,S,3,0,0,NORMAL,PIT BULL,FAWN
06-10-11,OWNER SUR,OTC,DOG,M,3,6,1,NORMAL,BOXER,TRICOLOR
06-10-11,STRAY,OTC,CAT,S,4,8,7,NORMAL,DOMESTIC SH,BRN TABBY
06-10-11,OWNER SUR,OTC,DOG,S,5,0,1,NORMAL,POINTER,BLACK
06-10-11,OWNER SUR,OTC,CAT,N,5,0,1,NORMAL,SIAMESE,CREAM
06-10-11,STRAY,OTC,DOG,N,6,0,1,SICK,LABRADOR RETR,BLACK
06-10-11,STRAY,FIELD,DOG,N,15,6,28,NORMAL,BASSET HOUND,BLACK
06-11-11,STRAY,OTC,CAT,S,0,1,15,NURSING,DOMESTIC SH,BLUE TABBY
06-11-11,STRAY,OTC,CAT,N,0,1,15,NURSING,DOMESTIC SH,BLUE
06-11-11,STRAY,OTC,CAT,S,0,1,15,NURSING,DOMESTIC SH,BRN TABBY
06-11-11,STRAY,OTC,CAT,S,0,1,15,NURSING,DOMESTIC SH,BLACK
06-11-11,STRAY,OTC,CAT,N,0,1,1,NORMAL,DOMESTIC SH,BLUE
06-11-11,STRAY,OTC,CAT,N,0,1,1,NORMAL,DOMESTIC SH,BLUE
06-11-11,STRAY,OTC,CAT,F,0,1,7,NORMAL,DOMESTIC SH,BLACK
06-11-11,STRAY,OTC,CAT,N,0,1,8,NORMAL,SIAMESE,LILAC PT
06-11-11,STRAY,OTC,CAT,N,0,1,9,NORMAL,DOMESTIC SH,WHITE
06-11-11,STRAY,OTC,CAT,N,0,2,16,NORMAL,DOMESTIC SH,BLACK
06-11-11,STRAY,OTC,CAT,S,0,2,16,NORMAL,SIAMESE,SEAL PT
06-11-11,STRAY,OTC,CAT,N,0,2,22,NORMAL,DOMESTIC SH,BLUE
06-11-11,OWNER SUR,OTC,DOG,S,0,2,0,NORMAL,COLLIE SMOOTH,TRICOLOR
06-11-11,OWNER SUR,OTC,DOG,N,0,2,0,NORMAL,COLLIE SMOOTH,WHITE
06-11-11,OWNER SUR,OTC,DOG,N,0,2,0,NORMAL,COLLIE SMOOTH,TRICOLOR
06-11-11,OWNER SUR,OTC,DOG,N,0,2,0,NORMAL,COLLIE SMOOTH,TRICOLOR
06-11-11,OWNER SUR,OTC,CAT,M,0,2,12,NORMAL,DOMESTIC SH,WHITE
06-11-11,OWNER SUR,OTC,CAT,S,0,3,15,NORMAL,DOMESTIC SH,BLACK
06-11-11,OWNER SUR,OTC,CAT,N,0,3,15,NORMAL,DOMESTIC SH,BLACK
06-11-11,OWNER SUR,OTC,CAT,S,0,3,15,NORMAL,DOMESTIC SH,BLACK
06-11-11,OWNER SUR,OTC,CAT,S,0,3,15,NORMAL,DOMESTIC SH,BLACK
06-11-11,STRAY,OTC,DOG,S,0,3,1,NORMAL,AUST SHEPHERD,BLACK
06-11-11,STRAY,OTC,DOG,F,0,4,29,SICK,AUST CATTLE DOG,BROWN
06-11-11,STRAY,OTC,CAT,N,0,4,5,NORMAL,DOMESTIC SH,ORG TABBY
06-11-11,STRAY,OTC,DOG,N,0,5,14,NORMAL,GERM SHEPHERD,BLACK
06-11-11,PUBLIC AST,SURGERY,CAT,S,0,5,17,NORMAL,DOMESTIC SH,BLACK
06-11-11,STRAY,OTC,DOG,N,0,5,21,NORMAL,PIT BULL,FAWN
06-11-11,STRAY,OTC,DOG,S,0,5,26,NORMAL,LABRADOR RETR,TAN
06-11-11,STRAY,OTC,DOG,S,0,6,0,NORMAL,PIT BULL,BLACK
06-11-11,PUBLIC AST,INVESTIGAT,DOG,F,1,8,29,NORMAL,PIT BULL,WHITE
06-11-11,STRAY,OTC,DOG,N,1,8,0,NORMAL,GERM SHEPHERD,SABLE
06-11-11,STRAY,OTC,CAT,S,1,8,0,INJURED,DOMESTIC SH,BRN TABBY
06-11-11,STRAY,FIELD,DOG,N,1,0,0,SICK,PIT BULL,WHITE
06-11-11,OWNER SUR,OTC,DOG,N,1,4,24,NORMAL,JACK RUSS TERR,WHITE
06-11-11,PUBLIC AST,QUARANTINE,DOG,N,1,6,0,NORMAL,CHIHUAHUA SH,TRICOLOR
06-11-11,STRAY,OTC,DOG,N,1,6,0,NORMAL,GERM SH POINT,BLACK
06-11-11,OWNER SUR,OTC,CAT,S,2,0,0,NORMAL,DOMESTIC SH,BRN TABBY
06-11-11,STRAY,OTC,CAT,S,2,0,0,NORMAL,DOMESTIC SH,BLUE
06-11-11,STRAY,OTC,CAT,N,2,0,0,NORMAL,DOMESTIC SH,GRAY TABBY
06-11-11,STRAY,OTC,CAT,N,2,0,0,NORMAL,DOMESTIC SH,WHITE
06-11-11,STRAY,OTC,CAT,S,2,0,0,NORMAL,DOMESTIC MH,WHITE
06-11-11,STRAY,OTC,DOG,N,2,0,0,NORMAL,PIT BULL,BROWN
06-11-11,STRAY,OTC,CAT,N,2,0,0,NORMAL,DOMESTIC SH,ORG TABBY
06-11-11,STRAY,OTC,DOG,S,2,1,21,NORMAL,BOXER,BROWN
06-11-11,STRAY,OTC,CAT,S,2,6,0,NORMAL,DOMESTIC SH,BLUE
06-11-11,OWNER SUR,OTC,CAT,N,3,0,0,NORMAL,MAINE COON,BRN TABBY
06-11-11,OWNER SUR,OTC,DOG,N,3,0,0,NORMAL,LABRADOR RETR,YELLOW
06-11-11,OWNER SUR,OTC,CAT,S,3,0,0,NORMAL,DOMESTIC SH,BLACK
06-11-11,STRAY,OTC,DOG,F,3,2,26,NORMAL,GERM SHEPHERD,BROWN
06-11-11,STRAY,OTC,DOG,N,4,0,1,NORMAL,AUST CATTLE DOG,BLACK
06-11-11,PUBLIC AST,QUARANTINE,DOG,S,4,0,1,NORMAL,PIT BULL,WHITE
06-11-11,OWNER SUR,OTC,DOG,N,6,10,26,NORMAL,ROTTWEILER,TRICOLOR
06-11-11,PUBLIC AST,INVESTIGAT,DOG,S,8,0,2,SICK,LABRADOR RETR,GOLD
06-11-11,STRAY,OTC,DOG,N,12,0,3,NORMAL,LABRADOR RETR,YELLOW
06-11-11,EUTH REQ,OTC OWNED,DOG,F,15,0,3,SICK,BOXER,RED
06-12-11,BORN IN,SHELTER,DOG,N,0,0,0,NURSING,GERM SHEPHERD,BLACK
06-12-11,BORN IN,SHELTER,DOG,N,0,0,0,NURSING,GERM SHEPHERD,BLACK
06-12-11,BORN IN,SHELTER,DOG,S,0,0,0,NURSING,GERM SHEPHERD,BLACK
06-12-11,BORN IN,SHELTER,DOG,S,0,0,0,NURSING,GERM SHEPHERD,SABLE
06-12-11,BORN IN,SHELTER,DOG,U,0,0,0,NURSING,GERM SHEPHERD,SABLE
06-12-11,BORN IN,SHELTER,DOG,S,0,0,0,NURSING,GERM SHEPHERD,SABLE
06-12-11,STRAY,OTC,CAT,N,0,1,15,NORMAL,DOMESTIC SH,BRN TABBY
06-12-11,STRAY,OTC,CAT,N,0,2,0,NORMAL,DOMESTIC SH,BRN TABBY
06-12-11,STRAY,OTC,CAT,N,0,2,0,NORMAL,DOMESTIC SH,BRN TABBY
06-12-11,STRAY,OTC,CAT,S,0,2,0,NORMAL,DOMESTIC SH,BRN TABBY
06-12-11,STRAY,FIELD,DOG,N,0,2,11,NORMAL,POINTER,LIVER
06-12-11,OWNER SUR,OTC,DOG,S,0,3,1,NORMAL,BOXER,BR BRINDLE
06-12-11,STRAY,FIELD,DOG,N,0,4,29,INJURED,CHIHUAHUA SH,CHOCOLATE
06-12-11,PUBLIC AST,OIJ,DOG,F,1,7,29,NORMAL,PIT BULL,BLACK
06-12-11,STRAY,FIELD,DOG,S,1,10,1,NORMAL,AUST KELPIE,BLACK
06-12-11,STRAY,OTC,DOG,S,1,10,1,NORMAL,DALMATIAN,WHITE
06-12-11,OWNER SUR,QUARANTINE,CAT,S,2,0,21,NORMAL,DOMESTIC MH,TORBIE
06-12-11,STRAY,FIELD,CAT,M,1,0,0,SICK,DOMESTIC SH,ORG TABBY
06-12-11,STRAY,FIELD,DOG,F,1,2,0,NORMAL,PIT BULL,WHITE
06-12-11,OWNER SUR,OTC,DOG,S,1,4,2,NORMAL,LABRADOR RETR,SABLE
06-12-11,STRAY,FIELD,DOG,M,2,0,0,INJURED,TIBETAN SPAN,BROWN
06-12-11,STRAY,OTC,DOG,S,2,0,0,NORMAL,BORDER COLLIE,BLACK
06-12-11,STRAY,OTC,CAT,F,2,2,0,NORMAL,DOMESTIC SH,BRN TABBY
06-12-11,OWNER SUR,OTC,DOG,N,3,0,0,NORMAL,PIT BULL,BR BRINDLE
06-12-11,PUBLIC AST,QUARANTINE,DOG,N,3,0,0,NORMAL,PIT BULL,BLACK
06-12-11,OWNER SUR,OTC,CAT,S,4,0,1,NORMAL,DOMESTIC SH,BLACK
06-12-11,OWNER SUR,OTC,CAT,S,5,0,1,NORMAL,DOMESTIC SH,CALICO
06-12-11,PUBLIC AST,QUARANTINE,DOG,N,5,0,2,NORMAL,DACHSHUND,BLACK
06-12-11,OWNER SUR,OTC,CAT,S,5,6,1,NORMAL,DOMESTIC SH,TORBIE
06-12-11,OWNER SUR,OTC,CAT,N,6,0,1,NORMAL,DOMESTIC LH,BLACK
06-12-11,STRAY,OTC,DOG,N,9,0,2,NORMAL,SCHNAUZER MIN,SILVER
06-12-11,STRAY,OTC,DOG,N,9,0,2,NORMAL,SCHNAUZER MIN,SILVER
06-12-11,OWNER SUR,OTC,DOG,N,9,0,2,NORMAL,GERM SHEPHERD,CREAM
06-12-11,STRAY,OTC,CAT,N,13,0,27,NORMAL,DOMESTIC SH,ORG TABBY
06-12-11,STRAY,FIELD,DOG,N,15,0,0,INJURED,DACHSHUND,BLACK
06-12-11,OWNER SUR,OTC,DOG,S,18,0,4,AGED,BICHON FRISE,WHITE
06/13/2011,STRAY,FIELD,CAT,U,0,0,3,INJURED,DOMESTIC SH,BLACK
06/13/2011,STRAY,FIELD,CAT,U,0,0,3,INJURED,DOMESTIC SH,BLACK
06/13/2011,STRAY,FIELD,CAT,S,0,0,3,INJURED,DOMESTIC LH,BLACK
06/13/2011,STRAY,OTC,CAT,S,0,1,28,NORMAL,DOMESTIC SH,TORBIE
06/13/2011,STRAY,OTC,CAT,S,0,1,28,NORMAL,DOMESTIC SH,BLACK
06/13/2011,STRAY,OTC,CAT,N,0,2,0,NORMAL,DOMESTIC SH,BRN TABBY
06/13/2011,STRAY,OTC,CAT,N,0,2,0,NORMAL,DOMESTIC SH,BRN TABBY
06/13/2011,STRAY,OTC,CAT,N,0,2,0,NORMAL,DOMESTIC SH,BRN TABBY
06/13/2011,STRAY,OTC,CAT,N,0,2,0,NORMAL,DOMESTIC SH,BRN TABBY
06/13/2011,OWNER SUR,OTC,CAT,S,0,2,0,NORMAL,DOMESTIC SH,ORG TABBY
06/13/2011,OWNER SUR,OTC,CAT,N,0,2,0,NORMAL,DOMESTIC SH,ORG TABBY
06/13/2011,OWNER SUR,OTC,CAT,N,0,2,0,NORMAL,DOMESTIC SH,ORG TABBY
06/13/2011,OWNER SUR,OTC,CAT,N,0,2,0,NORMAL,DOMESTIC SH,ORG TABBY
06/13/2011,OWNER SUR,OTC,CAT,S,0,2,0,NORMAL,DOMESTIC SH,ORG TABBY
06/13/2011,OWNER SUR,OTC,CAT,N,0,2,0,NORMAL,DOMESTIC SH,BRN TABBY
06/13/2011,STRAY,OTC,CAT,S,0,1,1,NORMAL,SIAMESE,SEAL PT
06/13/2011,STRAY,OTC,CAT,S,0,1,1,NORMAL,DOMESTIC SH,BRN TABBY
06/13/2011,STRAY,OTC,CAT,N,0,1,1,NORMAL,DOMESTIC SH,ORG TABBY
06/13/2011,STRAY,OTC,CAT,M,0,1,1,NORMAL,DOMESTIC SH,CREAM
06/13/2011,STRAY,OTC,CAT,S,0,2,28,NORMAL,DOMESTIC SH,BLUE
06/13/2011,STRAY,OTC,DOG,F,0,2,0,SICK,PIT BULL,BLACK
06/13/2011,STRAY,OTC,CAT,S,0,2,0,NORMAL,DOMESTIC SH,TORBIE
06/13/2011,STRAY,OTC,CAT,N,0,2,0,NORMAL,DOMESTIC SH,BRN TABBY
06/13/2011,STRAY,OTC,CAT,S,0,2,6,NORMAL,DOMESTIC SH,BRN TABBY
06/13/2011,STRAY,OTC,CAT,N,0,2,6,NORMAL,DOMESTIC SH,BLACK
06/13/2011,STRAY,OTC,CAT,S,0,2,7,NORMAL,DOMESTIC SH,BLACK
06/13/2011,STRAY,OTC,CAT,S,0,2,7,NORMAL,SIAMESE,SEAL PT
06/13/2011,STRAY,OTC,CAT,S,0,2,13,NORMAL,DOMESTIC SH,TORBIE
06/13/2011,STRAY,FIELD,DOG,S,0,4,16,NORMAL,AUST SHEPHERD,WHITE
06/13/2011,STRAY,FIELD,DOG,N,0,4,28,NORMAL,PLOTT HOUND,BR BRINDLE
06/13/2011,STRAY,OTC,CAT,U,0,4,29,NORMAL,DOMESTIC SH,BLUE
06/13/2011,STRAY,OTC,DOG,S,0,4,29,NORMAL,PIT BULL,BR BRINDLE
06/13/2011,STRAY,FIELD,DOG,N,0,4,6,NORMAL,LABRADOR RETR,BLACK
06/13/2011,OWNER SUR,OTC,DOG,S,0,6,23,NORMAL,GERM SHEPHERD,WHITE
06/13/2011,STRAY,FIELD,DOG,N,0,6,0,NORMAL,BELG TERVUREN,BROWN
06/13/2011,OWNER SUR,FIELD,DOG,S,1,10,1,INJURED,LABRADOR RETR,BROWN
06/13/2011,STRAY,FIELD,CAT,N,1,0,0,INJURED,DOMESTIC SH,FLAME PT
06/13/2011,STRAY,OTC,CAT,M,1,0,0,NORMAL,DOMESTIC SH,BRN TABBY
06/13/2011,STRAY,OTC,DOG,S,1,0,0,NORMAL,PIT BULL,BLACK
06/13/2011,STRAY,OTC,CAT,S,1,0,0,PREGNANT,DOMESTIC SH,SLVR TABBY
06/13/2011,PUBLIC AST,QUARANTINE,DOG,S,1,0,2,NORMAL,MASTIFF,BR BRINDLE
06/13/2011,STRAY,OTC,DOG,S,1,5,14,NORMAL,BULLDOG,TRICOLOR
06/13/2011,STRAY,OTC,CAT,S,1,6,28,NORMAL,DOMESTIC SH,BRN TABBY
06/13/2011,OWNER SUR,OTC,DOG,N,2,0,0,NORMAL,CHIHUAHUA LH,WHITE
06/13/2011,STRAY,OTC,CAT,S,2,0,0,NORMAL,DOMESTIC SH,BRN TABBY
06/13/2011,STRAY,OTC,CAT,S,2,0,0,NORMAL,DOMESTIC SH,LYNX PT
06/13/2011,STRAY,FIELD,DOG,S,2,2,24,NORMAL,STAFFORDSHIRE,TAN
06/13/2011,STRAY,OTC,CAT,S,3,6,2,NORMAL,DOMESTIC SH,CRM TABBY
06/13/2011,STRAY,OTC,DOG,N,3,0,0,NORMAL,AUST CATTLE DOG,BLACK
06/13/2011,STRAY,FIELD,DOG,M,3,2,24,NORMAL,ROTTWEILER,BLACK
06/13/2011,OWNER SUR,OTC,DOG,N,5,0,1,NORMAL,CHIHUAHUA SH,BLACK
06/13/2011,OWNER SUR,OTC,CAT,S,5,0,1,NORMAL,DOMESTIC SH,CALICO PT
06/13/2011,OWNER SUR,OTC,DOG,S,6,10,4,NORMAL,PIT BULL,BROWN
06/13/2011,STRAY,FIELD,DOG,N,8,0,2,AGED,LABRADOR RETR,YELLOW
06/13/2011,STRAY,FIELD,DOG,N,9,6,12,INJURED,LABRADOR RETR,YELLOW
06/14/2011,OWNER SUR,FIELD,CAT,S,0,0,0,NORMAL,DOMESTIC SH,CALICO
06/14/2011,OWNER SUR,FIELD,CAT,N,0,0,0,NORMAL,DOMESTIC SH,WHITE
06/14/2011,OWNER SUR,FIELD,CAT,N,0,0,0,NORMAL,DOMESTIC SH,BLUE
06/14/2011,OWNER SUR,FIELD,CAT,N,0,0,0,NORMAL,DOMESTIC SH,WHITE
06/14/2011,OWNER SUR,FIELD,CAT,N,0,0,0,NORMAL,DOMESTIC SH,BLUE TABBY
06/14/2011,STRAY,OTC,CAT,U,0,0,3,NURSING,DOMESTIC SH,BRN TABBY
06/14/2011,STRAY,OTC,CAT,U,0,0,3,NURSING,DOMESTIC SH,BLUE TABBY
06/14/2011,OWNER SUR,OTC,CAT,N,0,1,7,NORMAL,DOMESTIC MH,BLACK
06/14/2011,OWNER SUR,OTC,CAT,N,0,1,7,NORMAL,DOMESTIC MH,GRAY TABBY
06/14/2011,OWNER SUR,OTC,CAT,N,0,1,7,NORMAL,DOMESTIC MH,GRAY TABBY
06/14/2011,OWNER SUR,OTC,CAT,N,0,1,11,NORMAL,DOMESTIC SH,BLACK
06/14/2011,STRAY,OTC,CAT,F,0,2,23,INJURED,DOMESTIC LH,BLUE
06/14/2011,OWNER SUR,OTC,CAT,S,0,2,25,NORMAL,DOMESTIC SH,BLACK
06/14/2011,OWNER SUR,OTC,CAT,S,0,2,0,NORMAL,DOMESTIC SH,BLACK
06/14/2011,OWNER SUR,OTC,CAT,F,0,2,0,NORMAL,DOMESTIC SH,BLACK
06/14/2011,OWNER SUR,OTC,CAT,N,0,2,0,NORMAL,DOMESTIC SH,BLACK
06/14/2011,OWNER SUR,OTC,CAT,N,0,2,0,NORMAL,DOMESTIC SH,BLACK
06/14/2011,OWNER SUR,OTC,DOG,N,0,2,0,NORMAL,WELSH CORGI CAR,TAN
06/14/2011,OWNER SUR,OTC,CAT,S,0,3,15,NORMAL,DOMESTIC SH,TORTIE
06/14/2011,OWNER SUR,OTC,CAT,S,0,3,15,NORMAL,DOMESTIC SH,TORTIE
06/14/2011,STRAY,OTC,DOG,N,0,3,15,NORMAL,PIT BULL,BLUE
06/14/2011,STRAY,OTC,CAT,N,0,3,15,INJURED,DOMESTIC SH,BLK TABBY
06/14/2011,OWNER SUR,OTC,CAT,S,0,3,3,NORMAL,DOMESTIC SH,TORTIE
06/14/2011,OWNER SUR,OTC,CAT,S,0,3,3,NORMAL,DOMESTIC SH,TORTIE
06/14/2011,OWNER SUR,FIELD,DOG,S,0,4,13,NORMAL,REDBONE HOUND,RED
06/14/2011,STRAY,OTC,CAT,S,1,8,0,NORMAL,DOMESTIC SH,ORG TABBY
06/14/2011,STRAY,OTC,CAT,S,1,8,0,NORMAL,SNOWSHOE,SEAL PT
06/14/2011,OWNER SUR,OTC,DOG,S,1,9,0,FERAL,CHOW CHOW,BROWN
06/14/2011,PUBLIC AST,QUARANTINE,DOG,N,1,11,0,NORMAL,PIT BULL,BR BRINDLE
06/14/2011,STRAY,OTC,CAT,S,1,0,0,NORMAL,DOMESTIC SH,BRN TABBY
06/14/2011,STRAY,OTC,CAT,N,1,0,0,NORMAL,DOMESTIC SH,BLACK
06/14/2011,OWNER SUR,FIELD,CAT,S,1,0,0,NORMAL,DOMESTIC MH,BLUE TABBY
06/14/2011,PUBLIC AST,QUARANTINE,CAT,S,1,0,0,NORMAL,DOMESTIC SH,CALICO
06/14/2011,OWNER SUR,OTC,DOG,F,1,0,0,NORMAL,PIT BULL,BLACK
06/14/2011,STRAY,OTC,CAT,S,1,0,0,NORMAL,DOMESTIC SH,BRN TABBY
06/14/2011,PUBLIC AST,INVESTIGAT,DOG,N,1,3,24,SICK,POINTER,WHITE
06/14/2011,OWNER SUR,OTC,DOG,N,1,6,23,NORMAL,ITAL GREYHOUND,FAWN
06/14/2011,STRAY,OTC,CAT,N,1,6,0,NORMAL,DOMESTIC SH,BLACK
06/14/2011,STRAY,OTC,CAT,N,1,6,0,NORMAL,DOMESTIC SH,BRN TABBY
06/14/2011,STRAY,OTC,DOG,S,2,9,1,NORMAL,BULLMASTIFF,BROWN
06/14/2011,OWNER SUR,OTC,CAT,S,2,0,0,NORMAL,DOMESTIC SH,BLACK
06/14/2011,OWNER SUR,OTC,CAT,S,2,0,0,NORMAL,BALINESE,SEAL PT
06/14/2011,STRAY,FIELD,CAT,M,2,0,0,INJURED,DOMESTIC SH,BRN TABBY
06/14/2011,STRAY,OTC,CAT,N,2,4,10,NORMAL,RUSSIAN BLUE,BLUE
06/14/2011,STRAY,OTC,CAT,N,3,11,14,NORMAL,DOMESTIC SH,ORG TABBY
06/14/2011,STRAY,FIELD,DOG,S,3,0,0,NORMAL,GERM SHEPHERD,RED
06/14/2011,STRAY,OTC,DOG,S,3,0,0,NORMAL,LHASA APSO,TAN
06/14/2011,OWNER SUR,OTC,DOG,S,3,4,6,NORMAL,SCHNAUZER MIN,GRAY
06/14/2011,OWNER SUR,FIELD,DOG,S,4,0,3,NORMAL,GERM SHEPHERD,BLACK
06/14/2011,STRAY,FIELD,DOG,N,5,9,27,NORMAL,POODLE MIN,WHITE
06/14/2011,OWNER SUR,OTC,CAT,N,6,10,11,NORMAL,DOMESTIC SH,ORG TABBY
06/14/2011,STRAY,OTC,DOG,S,7,0,1,INJURED,ALASKAN HUSKY,BLACK
06/14/2011,STRAY,FIELD,DOG,S,8,0,2,NORMAL,CHIHUAHUA SH,WHITE
06/14/2011,STRAY,FIELD,DOG,N,8,0,2,NORMAL,CHIHUAHUA SH,WHITE
06/14/2011,OWNER SUR,OTC,DOG,S,9,0,2,NORMAL,FOX TERR SMOOTH,RED TICK
06/14/2011,PUBLIC AST,QUARANTINE,DOG,N,9,0,4,NORMAL,AMER BULLDOG,WHITE
06/14/2011,STRAY,OTC,DOG,S,11,0,2,NORMAL,LABRADOR RETR,TAN
06/14/2011,STRAY,OTC,DOG,N,12,0,3,AGED,POODLE MIN,WHITE
06/15/2011,PUBLIC AST,QUARANTINE,DOG,S,0,0,9,NORMAL,ENG SPRNGR SPAN,BLACK
06/15/2011,PUBLIC AST,QUARANTINE,DOG,S,0,0,9,NORMAL,ENG SPRNGR SPAN,WHITE
06/15/2011,PUBLIC AST,QUARANTINE,DOG,S,0,0,9,NORMAL,ENG SPRNGR SPAN,WHITE
06/15/2011,PUBLIC AST,QUARANTINE,DOG,S,0,0,9,NORMAL,ENG SPRNGR SPAN,WHITE
06/15/2011,PUBLIC AST,QUARANTINE,DOG,N,0,0,9,NORMAL,ENG SPRNGR SPAN,WHITE
06/15/2011,PUBLIC AST,QUARANTINE,DOG,N,0,0,9,NORMAL,ENG SPRNGR SPAN,WHITE
06/15/2011,STRAY,OTC,CAT,S,0,1,16,NORMAL,DOMESTIC SH,WHITE
06/15/2011,STRAY,OTC,CAT,N,0,1,16,NORMAL,DOMESTIC SH,WHITE
06/15/2011,STRAY,OTC,CAT,M,0,1,22,NORMAL,DOMESTIC SH,BLACK
06/15/2011,STRAY,OTC,CAT,M,0,1,22,NORMAL,DOMESTIC SH,BRN TABBY
06/15/2011,STRAY,OTC,CAT,S,0,1,22,NORMAL,DOMESTIC SH,BRN TABBY
06/15/2011,STRAY,OTC,DOG,N,0,2,0,NORMAL,GERM SHEPHERD,BLACK
06/15/2011,STRAY,OTC,DOG,S,0,2,0,NORMAL,GERM SHEPHERD,BLACK
06/15/2011,STRAY,OTC,DOG,N,0,1,1,NORMAL,GERM SHEPHERD,BLACK
06/15/2011,STRAY,OTC,DOG,S,0,1,1,NORMAL,GERM SHEPHERD,BROWN
06/15/2011,STRAY,OTC,DOG,N,0,1,1,NORMAL,GERM SHEPHERD,BROWN
06/15/2011,STRAY,OTC,DOG,S,0,1,1,NORMAL,GERM SHEPHERD,BLACK
06/15/2011,STRAY,OTC,CAT,N,0,1,6,NORMAL,DOMESTIC MH,BRN TABBY
06/15/2011,STRAY,OTC,CAT,N,0,1,6,NORMAL,DOMESTIC MH,ORG TABBY
06/15/2011,STRAY,OTC,CAT,N,0,1,6,NORMAL,DOMESTIC MH,ORG TABBY
06/15/2011,STRAY,OTC,DOG,S,0,1,6,NORMAL,GERM SHEPHERD,TAN
06/15/2011,STRAY,OTC,DOG,S,0,1,6,NORMAL,GERM SHEPHERD,BLACK
06/15/2011,STRAY,OTC,CAT,F,0,2,16,NORMAL,DOMESTIC SH,CALICO
06/15/2011,STRAY,OTC,CAT,S,0,2,0,NORMAL,DOMESTIC SH,CALICO
06/15/2011,STRAY,FIELD,DOG,N,0,2,0,NORMAL,GERM SHEPHERD,BLACK
06/15/2011,STRAY,OTC,DOG,S,0,2,0,NORMAL,LABRADOR RETR,BLACK
06/15/2011,STRAY,OTC,DOG,N,0,2,0,NORMAL,LABRADOR RETR,BLACK
06/15/2011,STRAY,OTC,CAT,S,0,2,0,NORMAL,DOMESTIC SH,BLACK
06/15/2011,STRAY,OTC,CAT,N,0,2,1,NORMAL,DOMESTIC SH,BLACK
06/15/2011,STRAY,OTC,CAT,N,0,2,7,NORMAL,DOMESTIC SH,WHITE
06/15/2011,STRAY,OTC,CAT,N,0,3,1,NORMAL,DOMESTIC SH,WHITE
06/15/2011,PUBLIC AST,QUARANTINE,CAT,S,0,4,14,NORMAL,DOMESTIC SH,BRN TABBY
06/15/2011,STRAY,OTC,DOG,N,1,6,5,NORMAL,GERM SHEPHERD,BLACK
06/15/2011,STRAY,FIELD,DOG,S,1,10,1,NORMAL,CHIHUAHUA SH,TAN
06/15/2011,OWNER SUR,RETURN,CAT,N,2,0,16,NORMAL,DOMESTIC SH,BLUE
06/15/2011,STRAY,OTC,CAT,S,1,0,0,NORMAL,DOMESTIC SH,BRN TABBY
06/15/2011,OWNER SUR,OTC,DOG,S,1,0,0,SICK,LABRADOR RETR,BLACK
06/15/2011,OWNER SUR,OTC,DOG,S,2,7,15,NORMAL,SCHNAUZER STAND,BROWN
06/15/2011,STRAY,OTC,DOG,N,2,9,15,NORMAL,GERM SHEPHERD,BLACK
06/15/2011,PUBLIC AST,INVESTIGAT,DOG,S,2,0,0,NORMAL,BORDER COLLIE,TAN
06/15/2011,PUBLIC AST,QUARANTINE,DOG,S,2,0,0,NORMAL,ENG SPRNGR SPAN,WHITE
06/15/2011,AST AGENCY,OWNER DIED,DOG,S,2,1,5,NORMAL,ROTTWEILER,BLACK
06/15/2011,STRAY,OTC,DOG,N,3,0,0,NORMAL,ENG BULLDOG,BROWN
06/15/2011,STRAY,OTC,DOG,S,3,0,0,NORMAL,RHOD RIDGEBACK,BROWN
06/15/2011,OWNER SUR,OTC,CAT,S,3,0,0,NORMAL,SIAMESE,CHOCOLATE
06/15/2011,PUBLIC AST,QUARANTINE,DOG,M,4,0,1,NORMAL,LABRADOR RETR,YELLOW
06/15/2011,STRAY,OTC,CAT,N,4,0,1,NORMAL,DOMESTIC SH,CRM TABBY
06/15/2011,OWNER SUR,QUARANTINE,DOG,S,5,0,1,NORMAL,CHOW CHOW,TAN
06/15/2011,PUBLIC AST,QUARANTINE,DOG,M,5,0,2,NORMAL,BORDER COLLIE,BLACK
06/15/2011,OWNER SUR,OTC,CAT,N,6,0,1,NORMAL,DOMESTIC SH,BLACK
06/15/2011,OWNER SUR,OTC,CAT,N,7,0,1,NORMAL,DOMESTIC SH,BLACK
06/15/2011,STRAY,FIELD,DOG,M,7,0,1,NORMAL,GERM SHEPHERD,BLACK
06/15/2011,STRAY,OTC,CAT,F,12,0,3,AGED,DOMESTIC LH,BRN TABBY
06/15/2011,STRAY,OTC,DOG,N,14,6,4,NORMAL,SHIBA INU,BR BRINDLE
06/15/2011,EUTH REQ,OTC OWNED,DOG,S,15,0,3,AGED,SIBERIAN HUSKY,WHITE
06/16/2011,STRAY,OTC,CAT,S,0,1,1,NORMAL,DOMESTIC LH,WHITE
06/16/2011,STRAY,OTC,CAT,S,0,1,1,NORMAL,SIAMESE,LILAC PT
06/16/2011,STRAY,OTC,CAT,S,0,1,1,NORMAL,DOMESTIC LH,CALICO
06/16/2011,STRAY,OTC,CAT,N,0,1,1,NORMAL,DOMESTIC LH,BLUE TABBY
06/16/2011,STRAY,FIELD,CAT,N,0,1,3,OTHER,DOMESTIC SH,BRN TABBY
06/16/2011,STRAY,OTC,CAT,F,0,2,16,NORMAL,DOMESTIC LH,BLUE TABBY
06/16/2011,STRAY,OTC,CAT,F,0,2,16,NORMAL,DOMESTIC SH,BRN TABBY
06/16/2011,STRAY,OTC,CAT,F,0,2,16,NORMAL,DOMESTIC SH,BRN TABBY
06/16/2011,STRAY,OTC,CAT,M,0,2,16,NORMAL,DOMESTIC SH,BRN TABBY
06/16/2011,STRAY,OTC,CAT,M,0,2,16,NORMAL,SIAMESE,LYNX PT
06/16/2011,STRAY,OTC,CAT,S,0,2,26,NORMAL,SIAMESE,LYNX PT
06/16/2011,STRAY,OTC,CAT,S,0,2,0,NORMAL,DOMESTIC LH,BLUE TABBY
06/16/2011,STRAY,OTC,CAT,N,0,2,0,NORMAL,DOMESTIC SH,BRN TABBY
06/16/2011,STRAY,OTC,CAT,N,0,2,10,NORMAL,DOMESTIC SH,BRN TABBY
06/16/2011,STRAY,OTC,CAT,N,0,3,18,NORMAL,DOMESTIC SH,BLACK
06/16/2011,STRAY,OTC,CAT,S,0,3,22,NORMAL,DOMESTIC SH,BLACK
06/16/2011,STRAY,OTC,CAT,S,0,3,1,NORMAL,DOMESTIC SH,BLUE TABBY
06/16/2011,OWNER SUR,OTC,DOG,N,0,3,1,NORMAL,LABRADOR RETR,BLACK
06/16/2011,STRAY,FIELD,CAT,N,0,3,12,INJURED,DOMESTIC SH,BRN TABBY
06/16/2011,OWNER SUR,OTC,DOG,F,0,4,29,SICK,ROTTWEILER,BLACK
06/16/2011,STRAY,FIELD,DOG,N,0,4,29,NORMAL,PIT BULL,BLACK
06/16/2011,STRAY,OTC,DOG,S,0,5,26,NORMAL,STAFFORDSHIRE,BLACK
06/16/2011,STRAY,OTC,DOG,S,0,6,14,NORMAL,SC WHEAT TERR,WHITE
06/16/2011,STRAY,FIELD,DOG,N,2,0,27,NORMAL,TOY FOX TERRIER,BROWN
06/16/2011,PUBLIC AST,QUARANTINE,DOG,N,2,6,1,NORMAL,AKITA,BROWN
06/16/2011,STRAY,OTC,CAT,N,2,0,0,NORMAL,DOMESTIC SH,BLUE
06/16/2011,STRAY,EMERG CLC,CAT,S,2,0,0,NORMAL,DOMESTIC MH,BLUE
06/16/2011,STRAY,OTC,CAT,S,2,0,0,NORMAL,DOMESTIC MH,TORBIE
06/16/2011,STRAY,OTC,CAT,S,2,0,0,NORMAL,SIAMESE,LYNX PT
06/16/2011,STRAY,OTC,CAT,N,2,0,0,NORMAL,DOMESTIC SH,SLVR TABBY
06/16/2011,STRAY,FIELD,DOG,S,2,0,0,NORMAL,LABRADOR RETR,RED
06/16/2011,STRAY,OTC,DOG,M,3,0,0,NORMAL,JACK RUSS TERR,TAN
06/16/2011,OWNER SUR,OTC,CAT,N,3,0,0,NORMAL,PERSIAN,CREAM
06/16/2011,OWNER SUR,OTC,DOG,N,3,0,0,NORMAL,PUG,BLACK
06/16/2011,OWNER SUR,OTC,CAT,S,4,0,1,NORMAL,DOMESTIC SH,BLUE TABBY
06/16/2011,STRAY,OTC,CAT,S,4,0,1,NORMAL,DOMESTIC SH,BLUE TABBY
06/16/2011,OWNER SUR,RETURN,CAT,S,4,0,6,NORMAL,MANX,BLUE
06/16/2011,PUBLIC AST,QUARANTINE,DOG,N,5,8,13,NORMAL,SCHNAUZER MIN,WHITE
06/16/2011,OWNER SUR,OTC,CAT,S,5,0,1,NORMAL,DOMESTIC SH,BLUE TABBY
06/16/2011,STRAY,OTC,DOG,N,5,0,1,NORMAL,SCHNAUZER MIN,SILVER
06/16/2011,STRAY,OTC,DOG,S,5,0,1,NORMAL,SCHNAUZER MIN,WHITE
06/16/2011,OWNER SUR,OTC,CAT,S,5,0,1,NORMAL,DOMESTIC SH,BLACK
06/16/2011,OWNER SUR,OTC,CAT,N,5,0,1,NORMAL,SIAMESE,LYNX PT
06/16/2011,OWNER SUR,OTC,CAT,N,5,0,1,NORMAL,DOMESTIC SH,BRN TABBY
06/16/2011,STRAY,OTC,DOG,N,6,0,1,NORMAL,GREAT PYRENEES,WHITE
06/16/2011,OWNER SUR,OTC,DOG,S,7,0,1,NORMAL,LABRADOR RETR,BLACK
06/16/2011,STRAY,OTC,DOG,S,10,0,23,NORMAL,SHIH TZU,CREAM
06/16/2011,STRAY,OTC,DOG,S,13,0,3,NORMAL,ENG SPRNGR SPAN,LIVER
06/16/2011,EUTH REQ,OTC OWNED,DOG,N,14,0,3,AGED,AUST CATTLE DOG,BLACK
06/17/2011,STRAY,OTC,CAT,S,0,0,2,NURSING,DOMESTIC SH,BLACK
06/17/2011,STRAY,OTC,CAT,N,0,0,2,NURSING,DOMESTIC SH,BLACK
06/17/2011,STRAY,OTC,CAT,N,0,0,2,NURSING,DOMESTIC SH,BLACK
06/17/2011,STRAY,OTC,CAT,M,0,0,2,NURSING,DOMESTIC SH,BLUE
06/17/2011,OWNER SUR,OTC,CAT,N,0,1,1,NORMAL,DOMESTIC SH,BRN TABBY
06/17/2011,OWNER SUR,OTC,CAT,N,0,1,1,NORMAL,DOMESTIC SH,BLACK
06/17/2011,OWNER SUR,OTC,CAT,S,0,1,1,NORMAL,DOMESTIC SH,ORG TABBY
06/17/2011,STRAY,FIELD,CAT,S,0,1,7,INJURED,DOMESTIC SH,BLUE TABBY
06/17/2011,STRAY,OTC,CAT,F,0,1,8,NORMAL,DOMESTIC SH,BLUE TABBY
06/17/2011,STRAY,OTC,CAT,M,0,1,8,NORMAL,DOMESTIC SH,BRN TABBY
06/17/2011,STRAY,OTC,CAT,N,0,3,0,NORMAL,DOMESTIC SH,BLACK
06/17/2011,STRAY,OTC,CAT,S,0,2,0,NORMAL,DOMESTIC LH,WHITE
06/17/2011,STRAY,OTC,CAT,S,0,3,18,NORMAL,DOMESTIC MH,BLACK
06/17/2011,STRAY,OTC,DOG,S,0,3,18,NORMAL,AUST CATTLE DOG,BLACK
06/17/2011,STRAY,OTC,DOG,S,0,3,18,NORMAL,AUST CATTLE DOG,TRICOLOR
06/17/2011,OWNER SUR,OTC,CAT,N,0,3,22,NORMAL,DOMESTIC SH,ORG TABBY
06/17/2011,OWNER SUR,OTC,CAT,N,0,3,22,NORMAL,DOMESTIC SH,ORG TABBY
06/17/2011,STRAY,FIELD,CAT,F,0,4,15,INJURED,DOMESTIC SH,BLACK
06/17/2011,STRAY,OTC,DOG,N,0,5,14,NORMAL,DACHSHUND LH,CREAM
06/17/2011,STRAY,FIELD,DOG,N,0,5,14,SICK,GERM SH POINT,TRICOLOR
06/17/2011,STRAY,OTC,DOG,S,0,6,0,NORMAL,BLACK/TAN HOUND,BLACK
06/17/2011,STRAY,FIELD,DOG,S,1,7,11,NORMAL,PIT BULL,TAN
06/17/2011,STRAY,FIELD,DOG,N,1,8,0,NORMAL,AUST CATTLE DOG,TAN
06/17/2011,STRAY,OTC,DOG,S,1,9,0,NORMAL,LABRADOR RETR,BUFF
06/17/2011,STRAY,OTC,DOG,N,1,10,1,NORMAL,PIT BULL,BR BRINDLE
06/17/2011,OWNER SUR,OTC,DOG,S,1,1,16,NORMAL,LABRADOR RETR,BLACK
06/17/2011,OWNER SUR,OTC,DOG,S,1,1,23,NORMAL,BOXER,Y BRINDLE
06/17/2011,STRAY,OTC,CAT,S,1,4,27,NORMAL,DOMESTIC SH,BLUE TABBY
06/17/2011,STRAY,OTC,CAT,S,2,0,0,NORMAL,DOMESTIC SH,BRN TABBY
06/17/2011,STRAY,OTC,CAT,S,3,0,0,NORMAL,DOMESTIC SH,BLACK
06/17/2011,STRAY,OTC,CAT,S,3,0,0,NURSING,DOMESTIC SH,BLACK
06/17/2011,STRAY,FIELD,DOG,N,3,6,1,NORMAL,CAVALIER SPAN,WHITE
06/17/2011,OWNER SUR,OTC,DOG,N,4,0,1,SICK,BOSTON TERRIER,BROWN
06/17/2011,PUBLIC AST,QUARANTINE,DOG,N,4,0,1,NORMAL,ROTTWEILER,BLACK
06/17/2011,STRAY,FIELD,DOG,S,4,2,1,NORMAL,PIT BULL,BLUE
06/17/2011,OWNER SUR,OTC,DOG,N,5,8,28,NORMAL,PUG,CREAM
06/17/2011,OWNER SUR,OTC,CAT,N,6,0,1,NORMAL,DOMESTIC LH,BRN TABBY
06/17/2011,STRAY,OTC,CAT,F,8,0,24,NORMAL,DOMESTIC MH,BLUE
06/17/2011,STRAY,OTC,DOG,N,9,0,2,NORMAL,YORKSHIRE TERR,GRAY
06/17/2011,OWNER SUR,OTC,CAT,M,13,0,3,NORMAL,DOMESTIC MH,ORG TABBY
06/17/2011,STRAY,OTC,DOG,S,14,8,18,NORMAL,CHIHUAHUA SH,CREAM
06/17/2011,STRAY,FIELD,CAT,N,15,11,5,INJURED,DOMESTIC SH,BLUE
06/17/2011,STRAY,OTC,CAT,S,15,4,28,NORMAL,BRITISH SH,BRN TABBY
06/18/2011,OWNER SUR,OTC,CAT,N,0,0,3,NURSING,DOMESTIC SH,BLACK
06/18/2011,OWNER SUR,OTC,CAT,M,0,0,3,NURSING,DOMESTIC SH,BLACK
06/18/2011,OWNER SUR,OTC,CAT,N,0,0,3,NURSING,DOMESTIC SH,BLACK
06/18/2011,OWNER SUR,OTC,CAT,N,0,0,3,NURSING,DOMESTIC SH,BLACK
06/18/2011,OWNER SUR,OTC,CAT,S,0,0,3,NURSING,DOMESTIC SH,BRN TABBY
06/18/2011,OWNER SUR,OTC,CAT,F,0,0,3,NURSING,DOMESTIC SH,BRN TABBY
06/18/2011,OWNER SUR,OTC,CAT,M,0,0,3,NURSING,DOMESTIC SH,BRN TABBY
06/18/2011,OWNER SUR,OTC,CAT,F,0,0,3,NURSING,DOMESTIC SH,TORBIE
06/18/2011,OWNER SUR,OTC,CAT,S,0,0,3,NURSING,DOMESTIC SH,TORBIE
06/18/2011,STRAY,OTC,CAT,S,0,1,15,NURSING,DOMESTIC SH,WHITE
06/18/2011,STRAY,OTC,CAT,S,0,1,15,NURSING,DOMESTIC SH,BRN TABBY
06/18/2011,STRAY,OTC,DOG,S,0,3,15,SICK,AMER BULLDOG,BLACK
06/18/2011,OWNER SUR,FIELD,DOG,N,0,3,1,NORMAL,GERM SHEPHERD,BLACK
06/18/2011,STRAY,OTC,CAT,S,0,3,1,NORMAL,DOMESTIC MH,CALICO
06/18/2011,STRAY,OTC,CAT,S,0,3,1,NORMAL,DOMESTIC MH,BLACK
06/18/2011,OWNER SUR,OTC,DOG,S,0,3,8,NORMAL,AUST SHEPHERD,BLACK
06/18/2011,OWNER SUR,FIELD,DOG,S,0,4,14,NORMAL,LABRADOR RETR,BUFF
06/18/2011,STRAY,OTC,DOG,S,1,10,22,NORMAL,PIT BULL,WHITE
06/18/2011,STRAY,OTC,DOG,N,1,10,1,NORMAL,MIN PINSCHER,BLACK
06/18/2011,OWNER SUR,OTC,CAT,S,1,0,0,NURSING,DOMESTIC SH,BRN TABBY
06/18/2011,OWNER SUR,FIELD,DOG,M,1,0,0,NORMAL,LABRADOR RETR,BLACK
06/18/2011,STRAY,OTC,DOG,N,1,0,0,NORMAL,POODLE MIN,APRICOT
06/18/2011,OWNER SUR,OTC,CAT,S,1,6,0,NORMAL,DOMESTIC SH,CALICO
06/18/2011,STRAY,OTC,DOG,N,3,0,11,NORMAL,GERM SHEPHERD,TAN
06/18/2011,STRAY,FIELD,DOG,M,3,0,0,NORMAL,RHOD RIDGEBACK,BROWN
06/18/2011,OWNER SUR,FIELD,DOG,F,2,0,0,NORMAL,LABRADOR RETR,YELLOW
06/18/2011,STRAY,OTC,DOG,N,2,0,0,NORMAL,DOGUE DE BORDX,RED
06/18/2011,OWNER SUR,OTC,CAT,S,2,0,0,NORMAL,DOMESTIC SH,TORBIE
06/18/2011,STRAY,OTC,DOG,N,2,0,0,NORMAL,PIT BULL,TAN
06/18/2011,STRAY,FIELD,DOG,M,4,0,0,NORMAL,AKITA,BLACK
06/18/2011,OWNER SUR,OTC,CAT,S,3,0,0,NORMAL,DOMESTIC SH,TORTIE
06/18/2011,OWNER SUR,OTC,DOG,S,3,0,0,NORMAL,DACHSHUND,TAN
06/18/2011,OWNER SUR,OTC,DOG,M,3,0,0,NORMAL,PUG,BLACK
06/18/2011,PUBLIC AST,QUARANTINE,DOG,N,3,0,3,NORMAL,AUST CATTLE DOG,BLUE TICK
06/18/2011,STRAY,FIELD,DOG,N,3,6,26,NORMAL,AKITA,WHITE
06/18/2011,PUBLIC AST,QUARANTINE,DOG,S,5,0,29,NORMAL,AUST CATTLE DOG,RED
06/18/2011,STRAY,OTC,CAT,S,4,0,1,NORMAL,DOMESTIC SH,BLUE TABBY
06/18/2011,STRAY,OTC,DOG,F,6,0,29,NORMAL,AMERICAN STAFF,BR BRINDLE
06/18/2011,PUBLIC AST,QUARANTINE,CAT,M,5,0,2,NORMAL,DOMESTIC SH,GRAY
06/18/2011,OWNER SUR,OTC,CAT,F,6,0,1,NORMAL,DOMESTIC SH,TORTIE
06/18/2011,OWNER SUR,OTC,CAT,S,6,0,1,NORMAL,DOMESTIC SH,TORBIE
06/18/2011,OWNER SUR,OTC,CAT,S,6,0,1,NORMAL,DOMESTIC SH,TORTIE
06/18/2011,STRAY,OTC,DOG,S,8,0,29,NORMAL,AMERICAN STAFF,RED
06/18/2011,STRAY,OTC,DOG,S,7,0,1,NORMAL,BOXER,BR BRINDLE
06/18/2011,STRAY,OTC,CAT,N,8,0,2,NORMAL,DOMESTIC LH,CRM TABBY
06/18/2011,OWNER SUR,OTC,CAT,S,8,0,2,NORMAL,DOMESTIC SH,BLACK
06/18/2011,OWNER SUR,OTC,CAT,N,8,0,2,NORMAL,DOMESTIC SH,BLACK
06/18/2011,OWNER SUR,OTC,DOG,N,8,5,18,INJURED,POMERANIAN,RED
06/18/2011,OWNER SUR,OTC,DOG,N,9,0,2,NORMAL,CHOW CHOW,BLACK
06/18/2011,PUBLIC AST,QUARANTINE,DOG,N,9,0,3,NORMAL,BASENJI,RED
06/18/2011,OWNER SUR,OTC,DOG,S,14,0,3,NORMAL,BOSTON TERRIER,BLACK
06/19/2011,STRAY,OTC,CAT,M,0,1,15,NORMAL,DOMESTIC SH,BLACK
06/19/2011,STRAY,OTC,CAT,N,0,1,15,NORMAL,DOMESTIC SH,BLACK
06/19/2011,STRAY,FIELD,CAT,S,0,2,0,NORMAL,DOMESTIC SH,BLACK
06/19/2011,STRAY,OTC,CAT,N,0,1,8,SICK,DOMESTIC SH,BLK SMOKE
06/19/2011,STRAY,OTC,CAT,N,0,1,8,SICK,DOMESTIC SH,BLUE
06/19/2011,STRAY,OTC,CAT,F,0,1,8,SICK,DOMESTIC SH,BLUE
06/19/2011,STRAY,OTC,CAT,S,0,1,8,SICK,DOMESTIC SH,BLK SMOKE
06/19/2011,STRAY,FIELD,CAT,S,0,1,8,NORMAL,SIAMESE,CALICO PT
06/19/2011,STRAY,OTC,CAT,S,0,2,16,NORMAL,DOMESTIC SH,ORG TABBY
06/19/2011,STRAY,OTC,CAT,S,0,2,16,NORMAL,DOMESTIC SH,ORG TABBY
06/19/2011,STRAY,OTC,CAT,S,0,2,16,NORMAL,DOMESTIC SH,TORBIE
06/19/2011,STRAY,EMERG CLC,CAT,N,0,2,0,INJURED,DOMESTIC SH,BRN TABBY
06/19/2011,STRAY,OTC,CAT,N,0,3,18,NORMAL,DOMESTIC SH,BLACK
06/19/2011,STRAY,OTC,CAT,N,0,4,16,NORMAL,DOMESTIC SH,BRN TABBY
06/19/2011,PUBLIC AST,QUARANTINE,DOG,F,0,4,29,SICK,ALASKAN HUSKY,GRAY
06/19/2011,STRAY,OTC,CAT,N,0,4,13,NORMAL,DOMESTIC SH,ORG TABBY
06/19/2011,STRAY,FIELD,DOG,S,1,8,0,NORMAL,CATAHOULA,TAN
06/19/2011,STRAY,OTC,DOG,S,1,11,16,NORMAL,CAROLINA DOG,RED
06/19/2011,STRAY,OTC,DOG,S,1,11,16,NORMAL,PIT BULL,BROWN
06/19/2011,STRAY,OTC,DOG,S,1,6,25,NORMAL,JACK RUSS TERR,WHITE
06/19/2011,STRAY,OTC,DOG,S,1,6,0,NORMAL,POMERANIAN,RED
06/19/2011,OWNER SUR,FIELD,DOG,S,1,6,0,NORMAL,CHIHUAHUA SH,WHITE
06/19/2011,OWNER SUR,FIELD,DOG,N,1,6,0,NORMAL,CHIHUAHUA SH,WHITE
06/19/2011,OWNER SUR,FIELD,DOG,N,1,6,0,NORMAL,CHIHUAHUA SH,WHITE
06/19/2011,OWNER SUR,OTC,DOG,S,3,0,26,NORMAL,LABRADOR RETR,CHOCOLATE
06/19/2011,STRAY,OTC,DOG,N,2,0,0,NORMAL,PIT BULL,RED
06/19/2011,PUBLIC AST,QUARANTINE,DOG,S,2,4,18,NORMAL,PIT BULL,WHITE
06/19/2011,PUBLIC AST,QUARANTINE,DOG,M,3,0,0,NORMAL,ROTTWEILER,BLACK
06/19/2011,STRAY,FIELD,DOG,M,3,0,0,NORMAL,PIT BULL,WHITE
06/19/2011,PUBLIC AST,QUARANTINE,DOG,S,3,0,2,NORMAL,CHIHUAHUA SH,WHITE
06/19/2011,STRAY,OTC,DOG,N,5,0,27,NORMAL,WELSH CORGI CAR,BROWN
06/19/2011,STRAY,FIELD,DOG,S,7,1,8,NORMAL,AUST CATTLE DOG,BLUE TICK
06/19/2011,STRAY,FIELD,DOG,F,11,0,1,INJURED,MALTESE,TAN
06/19/2011,STRAY,OTC,DOG,N,12,0,3,NORMAL,POODLE TOY,WHITE
06/19/2011,EUTH REQ,NO SUBTYPE,DOG,S,12,0,3,SICK,DACHSHUND,BLACK
06/20/2011,STRAY,EMERG CLC,CAT,M,0,1,15,NURSING,DOMESTIC SH,WHITE
06/20/2011,STRAY,EMERG CLC,CAT,M,0,1,15,NURSING,DOMESTIC SH,WHITE
06/20/2011,STRAY,EMERG CLC,CAT,F,0,1,15,NURSING,DOMESTIC SH,ORG TABBY
06/20/2011,STRAY,EMERG CLC,CAT,N,0,1,15,NURSING,DOMESTIC SH,BRN TABBY
06/20/2011,STRAY,OTC,CAT,S,0,1,22,NORMAL,DOMESTIC SH,BLACK
06/20/2011,STRAY,OTC,CAT,S,0,1,22,NORMAL,DOMESTIC SH,BLACK
06/20/2011,STRAY,OTC,CAT,N,0,1,22,NORMAL,DOMESTIC SH,BLACK
06/20/2011,STRAY,OTC,CAT,S,0,1,22,NORMAL,DOMESTIC SH,BLACK
06/20/2011,STRAY,OTC,CAT,S,0,1,22,NORMAL,DOMESTIC SH,BLACK
06/20/2011,STRAY,OTC,CAT,N,0,1,22,NORMAL,DOMESTIC SH,BLACK
06/20/2011,STRAY,OTC,CAT,N,0,1,22,NORMAL,DOMESTIC SH,BLACK
06/20/2011,OWNER SUR,OTC,CAT,S,0,1,22,NORMAL,DOMESTIC SH,BRN TABBY
06/20/2011,OWNER SUR,OTC,CAT,S,0,1,22,NORMAL,DOMESTIC SH,BRN TABBY
06/20/2011,OWNER SUR,OTC,CAT,N,0,1,22,NORMAL,DOMESTIC SH,BRN TABBY
06/20/2011,OWNER SUR,OTC,CAT,S,0,1,22,NORMAL,DOMESTIC SH,BLACK
06/20/2011,OWNER SUR,OTC,CAT,S,0,1,22,NORMAL,DOMESTIC SH,BLACK
06/20/2011,OWNER SUR,OTC,CAT,S,0,1,22,NORMAL,DOMESTIC SH,BLUE
06/20/2011,STRAY,OTC,CAT,S,0,1,1,NORMAL,DOMESTIC SH,BRN TABBY
06/20/2011,STRAY,OTC,CAT,S,0,1,1,NORMAL,DOMESTIC SH,BLACK
06/20/2011,STRAY,OTC,CAT,S,0,1,8,NORMAL,DOMESTIC SH,BRN TABBY
06/20/2011,STRAY,OTC,CAT,S,0,2,16,NORMAL,DOMESTIC SH,BRN TABBY
06/20/2011,OWNER SUR,OTC,CAT,S,0,2,0,NORMAL,DOMESTIC SH,BRN TABBY
06/20/2011,OWNER SUR,OTC,CAT,N,0,2,0,NORMAL,DOMESTIC SH,BRN TABBY
06/20/2011,OWNER SUR,OTC,CAT,N,0,2,0,NORMAL,DOMESTIC SH,BLACK
06/20/2011,OWNER SUR,OTC,CAT,S,0,2,0,NORMAL,DOMESTIC LH,TORBIE
06/20/2011,OWNER SUR,OTC,CAT,S,0,2,0,NORMAL,DOMESTIC LH,TORBIE
06/20/2011,OWNER SUR,OTC,CAT,S,0,2,0,NORMAL,DOMESTIC SH,WHITE
06/20/2011,OWNER SUR,OTC,CAT,S,0,2,0,NORMAL,DOMESTIC SH,WHITE
06/20/2011,OWNER SUR,OTC,CAT,S,0,2,7,NORMAL,SIAMESE,LYNX PT
06/20/2011,OWNER SUR,OTC,CAT,N,0,2,7,NORMAL,SIAMESE,LYNX PT
06/20/2011,OWNER SUR,OTC,CAT,N,0,3,15,NORMAL,DOMESTIC SH,BLACK
06/20/2011,OWNER SUR,OTC,CAT,N,0,3,15,NORMAL,DOMESTIC SH,BLACK
06/20/2011,OWNER SUR,OTC,CAT,F,0,3,15,NORMAL,DOMESTIC LH,CALICO
06/20/2011,OWNER SUR,OTC,CAT,S,0,3,15,NORMAL,DOMESTIC LH,TORTIE
06/20/2011,OWNER SUR,OTC,CAT,N,0,3,21,NORMAL,SIAMESE,LYNX PT
06/20/2011,STRAY,OTC,CAT,N,0,3,22,NORMAL,DOMESTIC SH,ORG TABBY
06/20/2011,STRAY,OTC,DOG,S,0,3,22,NORMAL,BLUETICK HOUND,BLUE TICK
06/20/2011,STRAY,OTC,CAT,S,0,3,22,NORMAL,DOMESTIC SH,TORBIE
06/20/2011,STRAY,OTC,CAT,S,0,3,26,NORMAL,DOMESTIC SH,BRN TABBY
06/20/2011,OWNER SUR,OTC,CAT,N,0,3,0,NORMAL,SIAMESE,LYNX PT
06/20/2011,OWNER SUR,OTC,CAT,N,0,3,0,NORMAL,SIAMESE,WHITE
06/20/2011,STRAY,FIELD,DOG,S,0,6,0,NORMAL,ANATOL SHEPHERD,TAN
06/20/2011,STRAY,OTC,DOG,S,0,6,14,NORMAL,AM PIT BULL TER,WHITE
06/20/2011,OWNER SUR,OTC,DOG,N,1,10,1,NORMAL,POINTER,BLACK
06/20/2011,STRAY,OTC,CAT,S,2,0,27,NORMAL,DOMESTIC SH,BRN TABBY
06/20/2011,STRAY,OTC,CAT,M,2,0,0,INJURED,DOMESTIC SH,BUFF
06/20/2011,STRAY,FIELD,DOG,S,1,0,0,NORMAL,CATAHOULA,BROWN
06/20/2011,STRAY,FIELD,DOG,N,1,0,0,NORMAL,AMER BULLDOG,BUFF
06/20/2011,STRAY,OTC,DOG,N,1,1,15,NORMAL,AM PIT BULL TER,WHITE
06/20/2011,OWNER SUR,OTC,CAT,S,1,1,6,SICK,DOMESTIC SH,BRN TABBY
06/20/2011,STRAY,OTC,DOG,N,1,2,28,NORMAL,AMER ESKIMO,WHITE
06/20/2011,STRAY,FIELD,DOG,S,1,2,0,NORMAL,GERM SHEPHERD,BROWN
06/20/2011,PUBLIC AST,QUARANTINE,DOG,N,1,2,2,NORMAL,CHIHUAHUA SH,BROWN
06/20/2011,STRAY,OTC,CAT,N,1,6,29,NORMAL,DOMESTIC SH,BRN TABBY
06/20/2011,STRAY,OTC,CAT,N,1,6,0,NORMAL,DOMESTIC SH,ORG TABBY
06/20/2011,STRAY,FIELD,DOG,S,1,6,0,NORMAL,POODLE MIN,BLACK
06/20/2011,PUBLIC AST,QUARANTINE,DOG,M,2,6,2,NORMAL,LABRADOR RETR,GRAY
06/20/2011,STRAY,OTC,DOG,S,2,0,0,NORMAL,BOXER,WHITE
06/20/2011,OWNER SUR,OTC,DOG,S,2,0,0,NORMAL,AUST KELPIE,BLACK
06/20/2011,STRAY,FIELD,DOG,M,2,0,0,INJURED,GREAT PYRENEES,WHITE
06/20/2011,OWNER SUR,OTC,CAT,S,2,0,0,NORMAL,DOMESTIC SH,BRN TABBY
06/20/2011,STRAY,FIELD,DOG,S,2,0,0,NORMAL,CHIHUAHUA SH,TAN
06/20/2011,PUBLIC AST,QUARANTINE,DOG,S,2,0,13,NORMAL,BORDER COLLIE,BLACK
06/20/2011,STRAY,EMERG CLC,CAT,S,2,3,1,INJURED,DOMESTIC SH,CALICO
06/20/2011,OWNER SUR,FIELD,DOG,N,2,5,27,NORMAL,CHIHUAHUA SH,TAN
06/20/2011,STRAY,FIELD,DOG,S,2,6,14,NORMAL,AMER BULLDOG,WHITE
06/20/2011,STRAY,FIELD,DOG,N,3,6,20,NORMAL,FLAT COAT RETR,BLACK
06/20/2011,STRAY,OTC,CAT,S,3,6,1,NORMAL,DOMESTIC SH,TORTIE
06/20/2011,STRAY,OTC,CAT,N,4,0,1,NORMAL,DOMESTIC SH,BLACK
06/20/2011,STRAY,FIELD,DOG,N,4,0,1,NORMAL,ROTTWEILER,BLACK
06/20/2011,STRAY,OTC,DOG,N,5,0,1,NORMAL,POODLE MIN,WHITE
06/20/2011,PUBLIC AST,QUARANTINE,DOG,S,6,8,13,NORMAL,PARSON RUSS TER,BROWN
06/20/2011,PUBLIC AST,QUARANTINE,DOG,F,6,1,7,NORMAL,GERM SHEPHERD,CREAM
06/20/2011,PUBLIC AST,QUARANTINE,DOG,N,7,3,14,NORMAL,NEWFOUNDLAND,BLACK
06/20/2011,STRAY,OTC,DOG,N,8,0,2,NORMAL,BEAGLE,TRICOLOR
06/20/2011,STRAY,OTC,DOG,F,8,0,2,NORMAL,MANCHESTER TERR,BLACK
06/20/2011,STRAY,OTC,DOG,M,8,0,3,NORMAL,LABRADOR RETR,YELLOW
06/20/2011,OWNER SUR,OTC,CAT,S,9,0,2,NORMAL,DOMESTIC SH,ORG TABBY
06/20/2011,STRAY,OTC,DOG,S,10,7,29,NORMAL,LABRADOR RETR,CHOCOLATE
06/20/2011,STRAY,OTC,DOG,M,10,0,2,INJURED,CHIHUAHUA SH,TAN
06/21/2011,STRAY,OTC,DOG,M,0,0,-2,NORMAL,POMERANIAN,BROWN
06/21/2011,STRAY,OTC,DOG,S,0,0,7,NORMAL,POMERANIAN,GOLD
06/21/2011,STRAY,OTC,DOG,S,0,0,7,NORMAL,POMERANIAN,BROWN
06/21/2011,STRAY,OTC,DOG,N,0,0,7,INJURED,LABRADOR RETR,BLACK
06/21/2011,STRAY,OTC,CAT,S,0,1,15,NORMAL,DOMESTIC SH,BRN TABBY
06/21/2011,STRAY,OTC,CAT,N,0,1,15,NORMAL,DOMESTIC SH,BRN TABBY
06/21/2011,STRAY,OTC,CAT,N,0,1,15,NORMAL,DOMESTIC SH,WHITE
06/21/2011,STRAY,OTC,DOG,N,0,1,22,NURSING,PIT BULL,BROWN
06/21/2011,STRAY,OTC,DOG,M,0,1,22,NURSING,PIT BULL,BROWN
06/21/2011,STRAY,OTC,CAT,S,0,1,1,NORMAL,DOMESTIC SH,TORTIE
06/21/2011,STRAY,OTC,CAT,S,0,1,1,NORMAL,DOMESTIC SH,BLUE PT
06/21/2011,STRAY,OTC,CAT,S,0,1,1,NORMAL,DOMESTIC SH,BLUE PT
06/21/2011,STRAY,OTC,CAT,S,0,1,1,NORMAL,DOMESTIC SH,ORG TABBY
06/21/2011,STRAY,OTC,CAT,N,0,1,7,NORMAL,DOMESTIC MH,BLK SMOKE
06/21/2011,STRAY,EMERG CLC,CAT,N,0,2,20,INJURED,DOMESTIC SH,BLUE
06/21/2011,OWNER SUR,OTC,CAT,S,0,2,23,NORMAL,DOMESTIC SH,TORTIE
06/21/2011,OWNER SUR,OTC,CAT,S,0,2,23,NORMAL,DOMESTIC SH,BRN TABBY
06/21/2011,STRAY,FIELD,DOG,S,0,2,23,NORMAL,AUST CATTLE DOG,BRN MERLE
06/21/2011,STRAY,OTC,CAT,N,0,2,23,NORMAL,DOMESTIC MH,BLACK
06/21/2011,STRAY,OTC,CAT,N,0,2,23,NORMAL,DOMESTIC LH,BRN TABBY
06/21/2011,PUBLIC AST,QUARANTINE,CAT,U,0,3,0,NORMAL,DOMESTIC SH,GRAY TABBY
06/21/2011,STRAY,OTC,DOG,S,0,2,0,NORMAL,LABRADOR RETR,BLACK
06/21/2011,OWNER SUR,OTC,CAT,N,0,2,0,NORMAL,DOMESTIC SH,BRN TABBY
06/21/2011,OWNER SUR,OTC,CAT,N,0,2,0,NORMAL,DOMESTIC SH,BRN TABBY
06/21/2011,OWNER SUR,OTC,CAT,N,0,2,0,NORMAL,DOMESTIC SH,ORG TABBY
06/21/2011,STRAY,OTC,DOG,S,0,2,0,NORMAL,GERM SHEPHERD,BROWN
06/21/2011,STRAY,OTC,CAT,N,0,2,7,NORMAL,DOMESTIC SH,BLACK
06/21/2011,OWNER SUR,OTC,CAT,N,0,3,15,NORMAL,DOMESTIC SH,BLACK
06/21/2011,OWNER SUR,OTC,CAT,S,0,3,15,NORMAL,DOMESTIC SH,BLACK
06/21/2011,OWNER SUR,OTC,CAT,S,0,3,15,NORMAL,DOMESTIC SH,BLACK
06/21/2011,OWNER SUR,OTC,CAT,N,0,3,15,NORMAL,DOMESTIC SH,BLACK
06/21/2011,PUBLIC AST,QUARANTINE,DOG,N,0,6,0,NORMAL,LABRADOR RETR,BLACK
06/21/2011,STRAY,OTC,CAT,S,0,6,16,NORMAL,DOMESTIC MH,BRN TABBY
06/21/2011,STRAY,OTC,DOG,N,1,8,0,NORMAL,POMERANIAN,TAN
06/21/2011,PUBLIC AST,QUARANTINE,CAT,S,1,8,0,NORMAL,DOMESTIC SH,ORG TABBY
06/21/2011,STRAY,OTC,DOG,S,1,9,0,NORMAL,STAFFORDSHIRE,CHOCOLATE
06/21/2011,STRAY,OTC,CAT,N,1,0,0,NORMAL,DOMESTIC SH,BLUE TABBY
06/21/2011,OWNER SUR,OTC,DOG,N,1,6,0,NORMAL,RAT TERRIER,TRICOLOR
06/21/2011,STRAY,OTC,CAT,S,1,6,0,NORMAL,DOMESTIC MH,BRN TABBY
06/21/2011,OWNER SUR,OTC,DOG,M,1,6,0,NORMAL,DOBERMAN PINSCH,BLACK
06/21/2011,OWNER SUR,OTC,DOG,S,2,11,13,NORMAL,CATAHOULA,BR BRINDLE
06/21/2011,STRAY,FIELD,DOG,N,3,0,24,NORMAL,GREAT PYRENEES,WHITE
06/21/2011,STRAY,FIELD,DOG,N,2,0,0,NORMAL,LABRADOR RETR,BLACK
06/21/2011,STRAY,OTC,DOG,N,2,0,0,NORMAL,LABRADOR RETR,BLACK
06/21/2011,STRAY,OTC,DOG,N,2,0,0,NORMAL,AKITA,TAN
06/21/2011,STRAY,OTC,DOG,S,2,0,0,NORMAL,CHIHUAHUA SH,RED
06/21/2011,STRAY,FIELD,DOG,N,2,1,1,NORMAL,PIT BULL,BLACK
06/21/2011,STRAY,FIELD,DOG,S,2,1,1,NORMAL,BOXER,BROWN
06/21/2011,PUBLIC AST,QUARANTINE,DOG,S,2,5,7,NORMAL,PIT BULL,BLACK
06/21/2011,OWNER SUR,OTC,DOG,N,3,7,17,NORMAL,CHIHUAHUA SH,BLACK
06/21/2011,STRAY,FIELD,CAT,F,4,0,0,NORMAL,DOMESTIC MH,BRN TABBY
06/21/2011,STRAY,OTC,DOG,S,3,0,0,NORMAL,LABRADOR RETR,TAN
06/21/2011,OWNER SUR,OTC,DOG,S,3,0,0,NORMAL,POODLE TOY,BLACK
06/21/2011,STRAY,OTC,DOG,N,3,0,0,NORMAL,AUST CATTLE DOG,WHITE
06/21/2011,STRAY,OTC,DOG,N,3,0,0,NORMAL,DOBERMAN PINSCH,BLACK
06/21/2011,PUBLIC AST,QUARANTINE,DOG,M,3,0,0,NORMAL,LABRADOR RETR,BLACK
06/21/2011,STRAY,FIELD,DOG,M,4,0,1,SICK,BLACK/TAN HOUND,BLACK
06/21/2011,OWNER SUR,OTC,DOG,N,4,5,1,NORMAL,PUG,FAWN
06/21/2011,OWNER SUR,OTC,DOG,S,5,11,12,NORMAL,CHIHUAHUA SH,WHITE
06/21/2011,STRAY,OTC,DOG,N,6,0,13,NORMAL,LABRADOR RETR,BLACK
06/21/2011,OWNER SUR,OTC,DOG,N,6,11,12,NORMAL,BORDER COLLIE,WHITE
06/21/2011,STRAY,OTC,DOG,N,8,0,2,NORMAL,POMERANIAN,TAN
06/21/2011,STRAY,FIELD,DOG,N,9,0,2,NORMAL,GERM SHEPHERD,BLACK
06/22/2011,STRAY,FIELD,CAT,N,0,1,16,NORMAL,DOMESTIC SH,BRN TABBY
06/22/2011,STRAY,FIELD,CAT,U,0,1,16,NORMAL,DOMESTIC SH,BRN TABBY
06/22/2011,STRAY,OTC,CAT,S,0,1,29,NORMAL,DOMESTIC SH,TORBIE
06/22/2011,OWNER SUR,OTC,CAT,S,0,2,21,NORMAL,DOMESTIC SH,CALICO
06/22/2011,STRAY,OTC,DOG,S,0,2,0,NORMAL,LABRADOR RETR,RED
06/22/2011,STRAY,OTC,DOG,S,0,2,0,NORMAL,LABRADOR RETR,TAN
06/22/2011,STRAY,OTC,CAT,S,0,3,15,NORMAL,DOMESTIC SH,BLUE
06/22/2011,STRAY,OTC,DOG,N,0,3,15,NORMAL,BLACK/TAN HOUND,BLACK
06/22/2011,STRAY,OTC,DOG,N,0,3,15,NORMAL,LABRADOR RETR,BLACK
06/22/2011,STRAY,OTC,DOG,N,0,3,16,NORMAL,BASSET HOUND,TRICOLOR
06/22/2011,OWNER SUR,OTC,CAT,N,0,3,1,NORMAL,DOMESTIC SH,ORG TABBY
06/22/2011,OWNER SUR,OTC,CAT,N,0,3,1,NORMAL,DOMESTIC SH,ORG TABBY
06/22/2011,STRAY,EMERG CLC,DOG,N,0,4,26,NORMAL,GREAT DANE,BLACK
06/22/2011,PUBLIC AST,OIJ,DOG,N,0,5,9,NORMAL,LABRADOR RETR,CREAM
06/22/2011,OWNER SUR,OTC,DOG,M,0,6,0,INJURED,PIT BULL,WHITE
06/22/2011,STRAY,OTC,CAT,S,1,10,1,NORMAL,DOMESTIC SH,BLUE
06/22/2011,STRAY,OTC,DOG,S,1,11,5,NORMAL,LABRADOR RETR,RED
06/22/2011,STRAY,OTC,DOG,S,1,0,0,NORMAL,LABRADOR RETR,BLACK
06/22/2011,STRAY,OTC,DOG,N,1,0,0,NORMAL,CHIHUAHUA SH,TAN
06/22/2011,STRAY,OTC,DOG,N,1,0,0,INJURED,PBGV,WHITE
06/22/2011,OWNER SUR,OTC,DOG,S,1,0,0,NORMAL,PIT BULL,WHITE
06/22/2011,STRAY,OTC,DOG,S,1,0,0,NORMAL,GERM SHEPHERD,BLACK
06/22/2011,OWNER SUR,RETURN,DOG,N,1,1,16,NORMAL,CHIHUAHUA SH,BROWN
06/22/2011,OWNER SUR,OTC,CAT,S,1,1,8,NORMAL,DOMESTIC SH,BRN TABBY
06/22/2011,STRAY,FIELD,DOG,N,1,4,16,NORMAL,LABRADOR RETR,BLACK
06/22/2011,OWNER SUR,OTC,DOG,S,1,5,3,NORMAL,BEAGLE,TAN
06/22/2011,STRAY,FIELD,DOG,S,1,6,0,NORMAL,PIT BULL,BLACK
06/22/2011,STRAY,FIELD,DOG,N,2,0,0,NORMAL,CHIHUAHUA SH,WHITE
06/22/2011,STRAY,FIELD,DOG,S,2,0,0,NORMAL,GERM SHEPHERD,BLACK
06/22/2011,STRAY,OTC,CAT,N,2,0,0,NORMAL,DOMESTIC SH,BRN TABBY
06/22/2011,STRAY,FIELD,DOG,N,2,0,0,NORMAL,BOXER,BROWN
06/22/2011,STRAY,OTC,DOG,S,2,0,0,NORMAL,AUST TERRIER,BLACK
06/22/2011,STRAY,OTC,CAT,S,2,0,0,NORMAL,DOMESTIC SH,CALICO
06/22/2011,OWNER SUR,RETURN,DOG,N,2,1,25,NORMAL,PIT BULL,BR BRINDLE
06/22/2011,STRAY,FIELD,DOG,N,3,0,0,NORMAL,BORDER COLLIE,BLACK
06/22/2011,STRAY,FIELD,DOG,N,3,0,0,NORMAL,BORDER COLLIE,BLACK
06/22/2011,STRAY,OTC,DOG,N,3,0,0,NORMAL,CHIHUAHUA LH,RED MERLE
06/22/2011,OWNER SUR,OTC,DOG,N,3,1,20,NORMAL,AUST CATTLE DOG,BLACK
06/22/2011,STRAY,FIELD,DOG,N,3,1,13,NORMAL,GERM SHEPHERD,BLACK
06/22/2011,STRAY,OTC,DOG,M,4,0,1,NORMAL,ALASK MALAMUTE,SABLE
06/22/2011,STRAY,OTC,DOG,S,4,0,1,NORMAL,CHIHUAHUA SH,RED
06/22/2011,OWNER SUR,OTC,DOG,F,4,0,1,NORMAL,BOXER,TAN
06/22/2011,STRAY,FIELD,DOG,N,6,0,21,NORMAL,BORDER COLLIE,BLACK
06/22/2011,OWNER SUR,OTC,DOG,S,5,0,1,NORMAL,POODLE MIN,GOLD
06/22/2011,OWNER SUR,OTC,DOG,S,6,0,1,NORMAL,LABRADOR RETR,BLACK
06/22/2011,STRAY,OTC,CAT,S,6,0,1,NORMAL,JAVANESE,BLACK
06/22/2011,STRAY,OTC,DOG,M,6,0,1,NORMAL,ENG POINTER,WHITE
06/22/2011,STRAY,OTC,CAT,S,7,0,1,NORMAL,DOMESTIC LH,CALICO
06/22/2011,OWNER SUR,RETURN,CAT,N,7,1,17,NORMAL,PERSIAN,BLACK
06/22/2011,STRAY,OTC,DOG,N,8,0,2,NORMAL,LABRADOR RETR,BLACK
06/22/2011,STRAY,FIELD,DOG,F,8,0,2,NORMAL,CHIHUAHUA SH,WHITE
06/22/2011,STRAY,OTC,DOG,S,9,11,28,NORMAL,GERM SHEPHERD,BLACK
06/22/2011,STRAY,OTC,DOG,S,10,0,2,NORMAL,BORDER COLLIE,BLACK
06/22/2011,PUBLIC AST,OWNER DIED,CAT,S,10,0,2,NORMAL,DOMESTIC SH,BLUE CREAM
06/23/2011,STRAY,OTC,CAT,S,0,1,15,NORMAL,DOMESTIC SH,BLACK
06/23/2011,STRAY,OTC,CAT,S,0,1,15,NORMAL,DOMESTIC SH,BLACK
06/23/2011,STRAY,OTC,CAT,F,0,1,15,NORMAL,DOMESTIC SH,BLACK
06/23/2011,STRAY,OTC,CAT,S,0,1,15,NORMAL,DOMESTIC SH,BLACK
06/23/2011,STRAY,OTC,CAT,N,0,1,15,NORMAL,DOMESTIC SH,BLACK
06/23/2011,STRAY,OTC,CAT,N,0,1,15,NORMAL,DOMESTIC SH,BLACK
06/23/2011,STRAY,OTC,CAT,N,0,1,15,NORMAL,DOMESTIC SH,BLACK
06/23/2011,STRAY,EMERG CLC,CAT,N,0,1,22,NORMAL,DOMESTIC SH,BLACK
06/23/2011,STRAY,EMERG CLC,CAT,N,0,1,22,NORMAL,DOMESTIC SH,BLACK
06/23/2011,STRAY,EMERG CLC,CAT,N,0,1,22,NORMAL,DOMESTIC SH,BLACK
06/23/2011,STRAY,OTC,CAT,S,0,1,22,NURSING,SIAMESE,SEAL PT
06/23/2011,STRAY,OTC,CAT,N,0,1,22,NURSING,SIAMESE,SEAL PT
06/23/2011,STRAY,OTC,CAT,S,0,1,22,NURSING,DOMESTIC SH,BLACK
06/23/2011,PUBLIC AST,INVESTIGAT,DOG,S,0,1,1,NORMAL,PIT BULL,WHITE
06/23/2011,PUBLIC AST,INVESTIGAT,DOG,F,0,1,1,NORMAL,PIT BULL,WHITE
06/23/2011,PUBLIC AST,INVESTIGAT,DOG,S,0,1,1,NORMAL,PIT BULL,BLACK
06/23/2011,PUBLIC AST,INVESTIGAT,DOG,F,0,1,1,NORMAL,PIT BULL,BLACK
06/23/2011,PUBLIC AST,INVESTIGAT,DOG,S,0,1,1,NORMAL,PIT BULL,BLACK
06/23/2011,PUBLIC AST,INVESTIGAT,DOG,N,0,1,1,NORMAL,PIT BULL,BROWN
06/23/2011,PUBLIC AST,INVESTIGAT,DOG,S,0,1,1,NORMAL,PIT BULL,BROWN
06/23/2011,PUBLIC AST,INVESTIGAT,DOG,M,0,1,1,NORMAL,PIT BULL,WHITE
06/23/2011,PUBLIC AST,INVESTIGAT,DOG,N,0,1,1,NORMAL,PIT BULL,BLACK
06/23/2011,OWNER SUR,OTC,CAT,S,0,1,8,NORMAL,DOMESTIC MH,BLACK
06/23/2011,OWNER SUR,OTC,CAT,N,0,1,8,NORMAL,DOMESTIC SH,BRN TABBY
06/23/2011,OWNER SUR,OTC,CAT,N,0,1,8,NORMAL,DOMESTIC SH,CRM TABBY
06/23/2011,STRAY,OTC,CAT,S,0,2,16,NORMAL,DOMESTIC SH,BLACK
06/23/2011,STRAY,OTC,CAT,N,0,2,16,SICK,DOMESTIC SH,BLACK
06/23/2011,OWNER SUR,RETURN,CAT,N,0,2,10,NORMAL,DOMESTIC LH,BLACK
06/23/2011,OWNER SUR,OTC,DOG,N,0,2,11,NORMAL,CHOW CHOW,RED
06/23/2011,STRAY,FIELD,CAT,M,0,3,15,INJURED,DOMESTIC SH,BRN TABBY
06/23/2011,STRAY,OTC,DOG,N,0,3,15,NORMAL,PUG,TAN
06/23/2011,STRAY,OTC,DOG,N,0,3,15,NORMAL,POINTER,BROWN
06/23/2011,STRAY,OTC,DOG,S,0,4,16,NORMAL,BELG MALINOIS,TAN
06/23/2011,OWNER SUR,OTC,DOG,S,0,4,23,NORMAL,CHOW CHOW,SABLE
06/23/2011,OWNER SUR,OTC,DOG,N,0,4,23,NORMAL,CHOW CHOW,BLACK
06/23/2011,OWNER SUR,OTC,CAT,N,0,4,29,NORMAL,DOMESTIC SH,BLUE TABBY
06/23/2011,STRAY,OTC,CAT,S,0,4,29,NORMAL,DOMESTIC SH,BLACK
06/23/2011,STRAY,OTC,CAT,S,0,4,29,NORMAL,DOMESTIC SH,BRN TABBY
06/23/2011,OWNER SUR,OTC,DOG,S,0,4,1,NORMAL,LABRADOR RETR,BROWN
06/23/2011,STRAY,OTC,DOG,S,0,5,11,NORMAL,AUST SHEPHERD,CHOCOLATE
06/23/2011,OWNER SUR,OTC,DOG,F,1,9,0,NORMAL,LABRADOR RETR,YELLOW
06/23/2011,STRAY,OTC,DOG,S,1,8,0,NORMAL,PIT BULL,BLUE
06/23/2011,PUBLIC AST,INVESTIGAT,DOG,S,1,8,0,NORMAL,PIT BULL,BLUE
06/23/2011,PUBLIC AST,INVESTIGAT,DOG,N,1,9,14,NORMAL,PIT BULL,BLACK
06/23/2011,STRAY,OTC,CAT,S,2,0,18,NORMAL,DOMESTIC SH,BRN TABBY
06/23/2011,STRAY,FIELD,DOG,N,1,0,0,NORMAL,BASENJI,TAN
06/23/2011,STRAY,OTC,DOG,N,1,0,0,NORMAL,GREAT PYRENEES,WHITE
06/23/2011,OWNER SUR,OTC,DOG,S,1,0,0,NORMAL,LABRADOR RETR,RED
06/23/2011,PUBLIC AST,QUARANTINE,DOG,S,1,0,1,NORMAL,PIT BULL,BLACK
06/23/2011,OWNER SUR,OTC,DOG,N,1,3,12,NORMAL,LABRADOR RETR,RED
06/23/2011,STRAY,OTC,DOG,S,1,6,0,NORMAL,GREAT PYRENEES,WHITE
06/23/2011,STRAY,FIELD,DOG,N,3,0,29,NORMAL,BRUSS GRIFFON,BUFF
06/23/2011,PUBLIC AST,INVESTIGAT,DOG,M,2,0,0,NORMAL,PIT BULL,TAN
06/23/2011,STRAY,OTC,CAT,S,2,0,0,NORMAL,DOMESTIC SH,BLUE TABBY
06/23/2011,STRAY,OTC,DOG,M,2,0,0,NORMAL,CHIHUAHUA SH,BUFF
06/23/2011,STRAY,OTC,DOG,N,2,0,0,NORMAL,SCHNAUZER MIN,BLACK
06/23/2011,STRAY,OTC,CAT,S,2,0,0,NORMAL,DOMESTIC SH,BLUE
06/23/2011,PUBLIC AST,QUARANTINE,DOG,N,2,2,19,NORMAL,PIT BULL,WHITE
06/23/2011,OWNER SUR,OTC,DOG,N,4,0,17,NORMAL,BLOODHOUND,BROWN
06/23/2011,STRAY,OTC,CAT,N,3,0,0,FERAL,DOMESTIC SH,ORG TABBY
06/23/2011,STRAY,OTC,CAT,S,3,0,0,NORMAL,DOMESTIC SH,BRN TABBY
06/23/2011,STRAY,OTC,DOG,N,3,0,0,NORMAL,DACHSHUND,BLACK
06/23/2011,STRAY,FIELD,DOG,S,4,10,17,INJURED,PIT BULL,BLUE
06/23/2011,PUBLIC AST,QUARANTINE,DOG,M,5,0,23,NORMAL,PIT BULL,BR BRINDLE
06/23/2011,STRAY,OTC,DOG,M,5,0,24,NORMAL,LABRADOR RETR,YELLOW
06/23/2011,STRAY,OTC,CAT,N,4,0,1,INJURED,DOMESTIC MH,BRN TABBY
06/23/2011,STRAY,OTC,DOG,S,5,0,1,NORMAL,BOXER,BR BRINDLE
06/23/2011,PUBLIC AST,QUARANTINE,CAT,M,5,0,7,NORMAL,DOMESTIC SH,GRAY
06/23/2011,PUBLIC AST,QUARANTINE,CAT,S,5,5,0,NORMAL,DOMESTIC SH,BRN TABBY
06/23/2011,STRAY,OTC,DOG,S,7,0,1,NURSING,PIT BULL,BLUE
06/23/2011,STRAY,OTC,CAT,F,13,0,3,AGED,DOMESTIC SH,BLUE TABBY
06/24/2011,STRAY,OTC,CAT,S,0,1,15,NORMAL,DOMESTIC SH,BLUE
06/24/2011,STRAY,OTC,CAT,S,0,1,15,NORMAL,DOMESTIC SH,BLUE
06/24/2011,STRAY,OTC,CAT,M,0,1,15,NORMAL,DOMESTIC SH,BRN TABBY
06/24/2011,STRAY,OTC,CAT,N,0,1,15,NORMAL,DOMESTIC SH,BRN TABBY
06/24/2011,STRAY,OTC,CAT,S,0,1,15,NORMAL,DOMESTIC SH,BRN TABBY
06/24/2011,OWNER SUR,OTC,CAT,S,0,1,8,NORMAL,DOMESTIC SH,BLUE
06/24/2011,OWNER SUR,OTC,CAT,S,0,1,8,NORMAL,DOMESTIC SH,BLUE
06/24/2011,OWNER SUR,OTC,CAT,S,0,2,0,NORMAL,SIAMESE,BLUE PT
06/24/2011,OWNER SUR,OTC,CAT,N,0,2,0,NORMAL,SNOWSHOE,BLUE PT
06/24/2011,OWNER SUR,OTC,CAT,N,0,2,0,NORMAL,SIAMESE,LYNX PT
06/24/2011,OWNER SUR,OTC,CAT,S,0,2,0,NORMAL,DOMESTIC SH,BLUE
06/24/2011,STRAY,FIELD,CAT,N,0,2,0,SICK,DOMESTIC SH,ORG TABBY
06/24/2011,OWNER SUR,OTC,CAT,S,0,2,7,NORMAL,DOMESTIC SH,CALICO
06/24/2011,OWNER SUR,OTC,CAT,S,0,2,7,NORMAL,DOMESTIC SH,CALICO
06/24/2011,OWNER SUR,OTC,CAT,N,0,2,7,NORMAL,DOMESTIC SH,BRN TABBY
06/24/2011,OWNER SUR,OTC,CAT,N,0,2,7,NORMAL,DOMESTIC SH,BRN TABBY
06/24/2011,OWNER SUR,OTC,CAT,S,0,2,7,NORMAL,DOMESTIC SH,BLACK
06/24/2011,OWNER SUR,OTC,CAT,S,0,2,7,NORMAL,DOMESTIC SH,WHITE
06/24/2011,OWNER SUR,OTC,CAT,S,0,2,7,NORMAL,DOMESTIC SH,BLACK
06/24/2011,OWNER SUR,OTC,CAT,S,0,2,7,NORMAL,DOMESTIC SH,CALICO
06/24/2011,STRAY,OTC,DOG,S,0,3,29,NORMAL,BOXER,BROWN
06/24/2011,STRAY,OTC,CAT,N,0,3,7,NORMAL,DOMESTIC SH,BRN TABBY
06/24/2011,OWNER SUR,OTC,CAT,N,0,4,29,NORMAL,DOMESTIC SH,ORG TABBY
06/24/2011,OWNER SUR,OTC,CAT,N,0,4,29,NORMAL,DOMESTIC SH,BLACK
06/24/2011,OWNER SUR,OTC,CAT,S,0,4,29,NORMAL,DOMESTIC SH,BRN TABBY
06/24/2011,OWNER SUR,OTC,CAT,S,0,4,29,NORMAL,DOMESTIC SH,TORBIE
06/24/2011,OWNER SUR,OTC,DOG,N,1,7,15,NORMAL,BORDER COLLIE,BLACK
06/24/2011,OWNER SUR,OTC,CAT,S,1,9,0,NORMAL,DOMESTIC SH,BLK SMOKE
06/24/2011,STRAY,FIELD,DOG,F,1,10,1,NORMAL,BORDER TERRIER,TAN
06/24/2011,STRAY,FIELD,DOG,N,1,0,0,NORMAL,CAIRN TERRIER,TAN
06/24/2011,STRAY,FIELD,DOG,F,1,0,0,NORMAL,YORKSHIRE TERR,BROWN
06/24/2011,OWNER SUR,OTC,DOG,N,1,6,0,NORMAL,AUST SHEPHERD,BROWN
06/24/2011,STRAY,FIELD,DOG,F,1,6,0,NORMAL,CHIHUAHUA SH,WHITE
06/24/2011,STRAY,OTC,DOG,S,2,0,0,NORMAL,BORDER TERRIER,BUFF
06/24/2011,OWNER SUR,OTC,CAT,S,2,0,0,NORMAL,DOMESTIC SH,BLACK
06/24/2011,STRAY,FIELD,DOG,S,2,1,4,NORMAL,BOXER,BROWN
06/24/2011,OWNER SUR,OTC,CAT,N,4,0,28,NORMAL,DOMESTIC SH,BLUE
06/24/2011,STRAY,OTC,DOG,S,3,0,0,NORMAL,CHIHUAHUA SH,WHITE
06/24/2011,STRAY,OTC,DOG,N,3,0,0,NORMAL,CHIHUAHUA SH,WHITE
06/24/2011,STRAY,FIELD,DOG,S,3,0,0,INJURED,AUST SHEPHERD,TRICOLOR
06/24/2011,STRAY,FIELD,DOG,N,4,1,8,NORMAL,BOSTON TERRIER,WHITE
06/24/2011,STRAY,FIELD,DOG,N,4,2,15,NORMAL,GREAT PYRENEES,WHITE
06/24/2011,STRAY,OTC,DOG,S,6,0,23,NORMAL,SIBERIAN HUSKY,RED
06/24/2011,PUBLIC AST,QUARANTINE,DOG,S,8,0,2,NORMAL,AMERICAN STAFF,TAN
06/24/2011,STRAY,OTC,DOG,N,10,0,1,NORMAL,NORW ELKHOUND,BLACK
06/24/2011,STRAY,OTC,DOG,N,10,0,2,NORMAL,JACK RUSS TERR,WHITE
06/24/2011,STRAY,OTC,DOG,N,12,0,3,NORMAL,POMERANIAN,BLACK
06/25/2011,OWNER SUR,OTC,CAT,N,0,2,0,NORMAL,DOMESTIC SH,BLACK
06/25/2011,STRAY,OTC,CAT,F,0,1,1,NORMAL,DOMESTIC SH,BRN TABBY
06/25/2011,STRAY,OTC,CAT,N,0,1,1,NORMAL,DOMESTIC SH,BLACK
06/25/2011,STRAY,OTC,CAT,N,0,1,1,NORMAL,DOMESTIC SH,CRM TABBY
06/25/2011,STRAY,OTC,CAT,S,0,1,6,NORMAL,DOMESTIC LH,BLUE
06/25/2011,STRAY,OTC,CAT,F,0,1,8,NORMAL,DOMESTIC SH,TORBIE
06/25/2011,STRAY,FIELD,DOG,N,0,1,8,NORMAL,CHIHUAHUA SH,BLACK
06/25/2011,STRAY,OTC,DOG,S,0,1,8,NORMAL,SCHNAUZER STAND,BLACK
06/25/2011,STRAY,OTC,DOG,N,0,1,8,NORMAL,SCHNAUZER MIN,BLACK
06/25/2011,STRAY,OTC,DOG,N,0,1,8,NORMAL,BORDER COLLIE,TAN
06/25/2011,STRAY,OTC,DOG,F,0,1,8,NORMAL,BORDER COLLIE,CHOCOLATE
06/25/2011,STRAY,OTC,DOG,S,0,1,8,NORMAL,BORDER COLLIE,BROWN
06/25/2011,STRAY,OTC,DOG,S,0,1,8,NORMAL,BORDER COLLIE,BROWN
06/25/2011,STRAY,OTC,DOG,N,0,1,8,NORMAL,BORDER COLLIE,BROWN
06/25/2011,STRAY,OTC,DOG,S,0,1,8,NORMAL,BORDER COLLIE,BROWN
06/25/2011,OWNER SUR,OTC,CAT,N,0,1,9,NORMAL,DOMESTIC SH,ORG TABBY
06/25/2011,STRAY,OTC,CAT,S,0,1,14,NORMAL,DOMESTIC SH,ORG TABBY
06/25/2011,PUBLIC AST,QUARANTINE,CAT,N,0,2,16,NORMAL,DOMESTIC SH,BRN TABBY
06/25/2011,STRAY,OTC,CAT,N,0,2,16,NORMAL,DOMESTIC SH,WHITE
06/25/2011,OWNER SUR,OTC,DOG,N,0,2,16,NORMAL,PUG,BLACK
06/25/2011,OWNER SUR,OTC,DOG,S,0,2,16,NORMAL,PUG,TAN
06/25/2011,OWNER SUR,OTC,DOG,N,0,2,16,NORMAL,PUG,TAN
06/25/2011,OWNER SUR,OTC,DOG,S,0,2,16,NORMAL,PUG,FAWN
06/25/2011,OWNER SUR,OTC,DOG,S,0,2,16,NORMAL,PUG,FAWN
06/25/2011,OWNER SUR,OTC,DOG,F,0,2,16,NORMAL,PUG,FAWN
06/25/2011,OWNER SUR,OTC,DOG,S,0,2,16,NORMAL,PUG,FAWN
06/25/2011,OWNER SUR,OTC,DOG,S,0,2,16,NORMAL,PUG,FAWN
06/25/2011,OWNER SUR,OTC,DOG,N,0,2,16,NORMAL,PUG,FAWN
06/25/2011,OWNER SUR,OTC,DOG,N,0,2,16,NORMAL,PUG,FAWN
06/25/2011,OWNER SUR,OTC,CAT,S,0,2,0,NORMAL,DOMESTIC SH,BLACK
06/25/2011,OWNER SUR,OTC,CAT,N,0,2,0,NORMAL,ORIENTAL SH,WHITE
06/25/2011,OWNER SUR,OTC,CAT,N,0,2,0,NORMAL,DOMESTIC SH,WHITE
06/25/2011,OWNER SUR,OTC,CAT,N,0,2,0,NORMAL,DOMESTIC SH,BLUE TABBY
06/25/2011,OWNER SUR,OTC,CAT,F,0,2,5,NORMAL,DOMESTIC SH,TORTIE
06/25/2011,OWNER SUR,OTC,CAT,F,0,2,5,NORMAL,DOMESTIC SH,BLACK
06/25/2011,OWNER SUR,OTC,CAT,M,0,2,5,NORMAL,DOMESTIC SH,ORG TABBY
06/25/2011,OWNER SUR,OTC,CAT,S,0,2,13,NORMAL,DOMESTIC SH,BRN TABBY
06/25/2011,OWNER SUR,OTC,CAT,S,0,2,13,NORMAL,DOMESTIC SH,CALICO
06/25/2011,OWNER SUR,OTC,CAT,N,0,3,15,NORMAL,DOMESTIC SH,ORG TABBY
06/25/2011,STRAY,OTC,DOG,S,0,3,15,NORMAL,AUST CATTLE DOG,BLACK
06/25/2011,STRAY,OTC,CAT,M,0,3,1,NORMAL,DOMESTIC SH,BRN TABBY
06/25/2011,STRAY,OTC,DOG,N,0,3,1,NORMAL,GREAT DANE,BLACK
06/25/2011,STRAY,OTC,CAT,S,0,3,1,NORMAL,DOMESTIC SH,CALICO
06/25/2011,OWNER SUR,OTC,DOG,N,0,3,10,SICK,LABRADOR RETR,BLACK
06/25/2011,OWNER SUR,OTC,DOG,S,0,5,3,NORMAL,AUST CATTLE DOG,TRICOLOR
06/25/2011,STRAY,OTC,DOG,S,0,6,14,NORMAL,AUST CATTLE DOG,BLUE TICK
06/25/2011,STRAY,OTC,DOG,S,0,6,20,NORMAL,CHINESE SHARPEI,FAWN
06/25/2011,OWNER SUR,OTC,DOG,S,1,9,3,NORMAL,LABRADOR RETR,WHITE
06/25/2011,OWNER SUR,OTC,DOG,N,1,10,28,NORMAL,POINTER,WHITE
06/25/2011,STRAY,OTC,DOG,N,1,10,1,NORMAL,RAT TERRIER,TRICOLOR
06/25/2011,STRAY,FIELD,DOG,N,1,0,0,NORMAL,POODLE MIN,APRICOT
06/25/2011,STRAY,OTC,DOG,S,1,0,0,NORMAL,BORDER TERRIER,WHITE
06/25/2011,STRAY,OTC,DOG,S,1,0,0,NORMAL,BEAGLE,TRICOLOR
06/25/2011,STRAY,FIELD,DOG,N,1,0,0,INJURED,CHIHUAHUA SH,TAN
06/25/2011,PUBLIC AST,QUARANTINE,DOG,N,1,6,0,NORMAL,LABRADOR RETR,BLACK
06/25/2011,OWNER SUR,OTC,DOG,N,1,6,0,NORMAL,GERM SHEPHERD,BLACK
06/25/2011,STRAY,FIELD,CAT,U,2,0,0,INJURED,DOMESTIC LH,BLACK
06/25/2011,STRAY,OTC,DOG,S,2,0,0,NORMAL,PEKINGESE,TAN
06/25/2011,STRAY,OTC,DOG,N,2,0,0,NORMAL,SIBERIAN HUSKY,WHITE
06/25/2011,STRAY,OTC,CAT,N,2,0,0,NORMAL,MANX,WHITE
06/25/2011,STRAY,FIELD,DOG,N,2,0,0,NORMAL,AMERICAN STAFF,WHITE
06/25/2011,STRAY,FIELD,DOG,M,2,0,0,NORMAL,CHIHUAHUA SH,TAN
06/25/2011,STRAY,FIELD,DOG,M,2,0,0,NORMAL,CHIHUAHUA SH,BUFF
06/25/2011,STRAY,OTC,DOG,N,2,1,7,NORMAL,REDBONE HOUND,RED
06/25/2011,STRAY,FIELD,DOG,F,3,0,0,NORMAL,GREAT PYRENEES,WHITE
06/25/2011,STRAY,OTC,CAT,S,3,0,0,NORMAL,DOMESTIC SH,BLUE
06/25/2011,PUBLIC AST,QUARANTINE,CAT,N,6,0,20,NORMAL,DOMESTIC SH,ORG TABBY
06/25/2011,STRAY,OTC,CAT,N,6,0,27,NORMAL,DOMESTIC SH,ORG TABBY
06/25/2011,STRAY,FIELD,DOG,M,5,0,0,NORMAL,ROTTWEILER,BLACK
06/25/2011,STRAY,OTC,DOG,N,5,0,1,NORMAL,RAT TERRIER,TRICOLOR
06/25/2011,OWNER SUR,OTC,DOG,N,8,3,12,NORMAL,DACHSHUND,RED
06/25/2011,OWNER SUR,OTC,CAT,S,10,0,19,NORMAL,DOMESTIC SH,BLUE TABBY
06/25/2011,OWNER SUR,OTC,CAT,S,10,0,24,NORMAL,DOMESTIC SH,BLUE TABBY
06/26/2011,STRAY,FIELD,CAT,S,0,2,23,INJURED,DOMESTIC SH,BLACK
06/26/2011,OWNER SUR,OTC,CAT,N,0,2,0,NORMAL,DOMESTIC LH,BLACK
06/26/2011,OWNER SUR,OTC,CAT,S,0,2,0,NORMAL,DOMESTIC LH,BLACK
06/26/2011,OWNER SUR,OTC,CAT,S,0,2,0,NORMAL,DOMESTIC SH,BLACK
06/26/2011,OWNER SUR,OTC,CAT,S,0,2,0,NORMAL,DOMESTIC SH,BRN TABBY
06/26/2011,STRAY,OTC,CAT,N,0,2,0,NORMAL,SIAMESE,BLUE PT
06/26/2011,STRAY,OTC,CAT,S,0,2,0,NORMAL,SIAMESE,BLUE PT
06/26/2011,STRAY,OTC,CAT,S,0,3,24,NORMAL,DOMESTIC SH,BLACK
06/26/2011,PUBLIC AST,QUARANTINE,DOG,S,0,4,29,NORMAL,PIT BULL,BROWN
06/26/2011,OWNER SUR,OTC,DOG,N,1,8,2,NORMAL,GERM SHEPHERD,SABLE
06/26/2011,STRAY,OTC,CAT,N,1,9,0,NORMAL,ORIENTAL SH,WHITE
06/26/2011,STRAY,OTC,CAT,N,1,9,0,NORMAL,ORIENTAL SH,BLACK
06/26/2011,STRAY,OTC,CAT,F,1,9,0,NORMAL,DOMESTIC SH,CALICO
06/26/2011,STRAY,OTC,CAT,S,1,0,0,NORMAL,DOMESTIC SH,BRN TABBY
06/26/2011,PUBLIC AST,QUARANTINE,DOG,S,1,1,9,NORMAL,POODLE MIN,TAN
06/26/2011,OWNER SUR,OTC,DOG,S,1,3,29,NORMAL,PLOTT HOUND,BR BRINDLE
06/26/2011,PUBLIC AST,QUARANTINE,DOG,N,2,6,7,NORMAL,CHIHUAHUA SH,WHITE
06/26/2011,STRAY,OTC,CAT,N,3,0,27,NORMAL,DOMESTIC SH,ORG TABBY
06/26/2011,PUBLIC AST,QUARANTINE,CAT,S,3,0,0,NORMAL,DOMESTIC LH,WHITE
06/26/2011,STRAY,OTC,DOG,N,3,0,0,NORMAL,PUG,FAWN
06/26/2011,STRAY,OTC,CAT,N,2,0,0,NORMAL,DOMESTIC SH,ORG TABBY
06/26/2011,STRAY,OTC,CAT,N,2,0,0,NORMAL,DOMESTIC SH,ORG TABBY
06/26/2011,STRAY,OTC,CAT,N,2,0,0,NORMAL,DOMESTIC SH,CRM TABBY
06/26/2011,OWNER SUR,OTC,DOG,N,2,0,0,NORMAL,PUG,BROWN
06/26/2011,STRAY,OTC,CAT,S,4,0,21,NORMAL,DOMESTIC SH,TORTIE
06/26/2011,OWNER SUR,RETURN,DOG,S,3,1,1,NORMAL,CAROLINA DOG,WHITE
06/26/2011,OWNER SUR,OTC,DOG,S,4,0,1,NORMAL,GERM SHEPHERD,BLACK
06/26/2011,STRAY,OTC,DOG,N,4,0,1,NORMAL,AMERICAN STAFF,BLUE
06/26/2011,PUBLIC AST,QUARANTINE,DOG,N,5,9,9,NORMAL,POODLE MIN,WHITE
06/26/2011,STRAY,OTC,CAT,S,5,0,1,NORMAL,DOMESTIC SH,CALICO
06/26/2011,OWNER SUR,OTC,CAT,S,9,0,2,NORMAL,DOMESTIC SH,LYNX PT
06/26/2011,STRAY,OTC,CAT,S,10,0,2,NORMAL,DOMESTIC SH,WHITE
06/26/2011,STRAY,OTC,CAT,N,12,0,3,NORMAL,DOMESTIC SH,BRN TABBY
06/26/2011,EUTH REQ,NO SUBTYPE,DOG,M,14,0,3,SICK,PIT BULL,WHITE
06/27/2011,STRAY,OTC,CAT,S,0,1,28,NORMAL,DOMESTIC SH,BLACK
06/27/2011,STRAY,EMERG CLC,CAT,N,0,1,1,INJURED,DOMESTIC SH,CRM TABBY
06/27/2011,STRAY,OTC,DOG,N,0,1,1,NORMAL,PIT BULL,CHOCOLATE
06/27/2011,STRAY,OTC,CAT,S,0,2,16,NORMAL,DOMESTIC SH,BRN TABBY
06/27/2011,PUBLIC AST,QUARANTINE,CAT,M,0,2,0,NORMAL,DOMESTIC SH,BLUE
06/27/2011,OWNER SUR,OTC,DOG,S,0,3,15,INJURED,GERM SHEPHERD,BROWN
06/27/2011,STRAY,OTC,DOG,S,0,3,19,NORMAL,GERM SHEPHERD,BLACK
06/27/2011,STRAY,OTC,DOG,S,0,3,19,NORMAL,GERM SHEPHERD,TRICOLOR
06/27/2011,STRAY,OTC,DOG,S,1,8,0,NORMAL,AUST CATTLE DOG,WHITE
06/27/2011,STRAY,OTC,DOG,S,1,10,1,NORMAL,GERM SHEPHERD,BROWN
06/27/2011,STRAY,OTC,DOG,M,1,10,1,NORMAL,PIT BULL,TAN
06/27/2011,STRAY,FIELD,DOG,N,1,0,0,NORMAL,PLOTT HOUND,BR BRINDLE
06/27/2011,STRAY,OTC,DOG,S,1,0,0,NORMAL,OTTERHOUND,TAN
06/27/2011,STRAY,FIELD,DOG,N,1,0,2,NORMAL,SIBERIAN HUSKY,TAN
06/27/2011,OWNER SUR,FIELD,DOG,S,1,5,3,SICK,PIT BULL,BR BRINDLE
06/27/2011,PUBLIC AST,QUARANTINE,CAT,S,3,0,29,NORMAL,DOMESTIC LH,BRN TABBY
06/27/2011,STRAY,OTC,DOG,S,2,0,0,NORMAL,MALTESE,WHITE
06/27/2011,STRAY,FIELD,DOG,N,2,0,0,SICK,PIT BULL,BLACK
06/27/2011,PUBLIC AST,QUARANTINE,DOG,S,2,3,28,NORMAL,PIT BULL,BROWN
06/27/2011,OWNER SUR,OTC,DOG,N,3,7,10,NORMAL,LABRADOR RETR,BLACK
06/27/2011,STRAY,OTC,CAT,F,3,0,0,NORMAL,MAINE COON,BRN TABBY
06/27/2011,STRAY,OTC,DOG,S,3,0,0,NORMAL,BLUE LACY,BLUE
06/27/2011,STRAY,FIELD,DOG,N,3,0,0,NORMAL,CHIHUAHUA SH,WHITE
06/27/2011,STRAY,OTC,CAT,S,3,1,15,NORMAL,DOMESTIC MH,CALICO
06/27/2011,PUBLIC AST,QUARANTINE,DOG,N,3,3,28,NORMAL,AMER BULLDOG,TAN
06/27/2011,STRAY,OTC,DOG,F,4,0,1,INJURED,CHIHUAHUA SH,BLACK
06/27/2011,PUBLIC AST,INVESTIGAT,DOG,F,4,0,1,SICK,RAT TERRIER,WHITE
06/27/2011,EUTH REQ,OTC OWNED,DOG,N,4,0,1,NORMAL,AMER BULLDOG,BLUE
06/27/2011,STRAY,FIELD,DOG,N,5,0,1,NORMAL,SCHNAUZER MIN,GRAY
06/27/2011,STRAY,FIELD,DOG,S,6,9,24,NORMAL,PIT BULL,BLUE
06/27/2011,STRAY,OTC,CAT,N,7,0,1,INJURED,DOMESTIC SH,BLACK
06/27/2011,STRAY,FIELD,DOG,N,8,0,2,NORMAL,CHIHUAHUA SH,CREAM
06/27/2011,STRAY,FIELD,DOG,S,8,0,2,NORMAL,BERNESE MTN DOG,BLACK
06/27/2011,STRAY,FIELD,DOG,N,9,0,2,NORMAL,AMER ESKIMO,CREAM
06/27/2011,STRAY,OTC,DOG,S,13,0,3,NORMAL,LABRADOR RETR,BLACK
06/27/2011,PUBLIC AST,QUARANTINE,CAT,S,13,0,6,NORMAL,DOMESTIC LH,CALICO
06/27/2011,OWNER SUR,FIELD,CAT,U,NO AGE,INJURED,DOMESTIC SH,BLACK,,
06/28/2011,STRAY,FIELD,DOG,N,0,1,22,NORMAL,GERM SHEPHERD,BROWN
06/28/2011,STRAY,FIELD,DOG,S,0,1,22,NORMAL,GERM SHEPHERD,BROWN
06/28/2011,STRAY,FIELD,DOG,S,0,1,22,NORMAL,GERM SHEPHERD,BROWN
06/28/2011,STRAY,FIELD,DOG,N,0,1,22,NORMAL,GERM SHEPHERD,BROWN
06/28/2011,STRAY,FIELD,DOG,S,0,1,22,NORMAL,GERM SHEPHERD,BROWN
06/28/2011,STRAY,FIELD,DOG,N,0,1,22,NORMAL,GERM SHEPHERD,BROWN
06/28/2011,STRAY,FIELD,DOG,N,0,1,22,NORMAL,GERM SHEPHERD,BROWN
06/28/2011,STRAY,FIELD,DOG,N,0,1,22,NORMAL,GERM SHEPHERD,BROWN
06/28/2011,STRAY,EMERG CLC,CAT,N,0,1,1,SICK,DOMESTIC SH,BRN TABBY
06/28/2011,OWNER SUR,OTC,DOG,M,0,1,8,NORMAL,BOSTON TERRIER,BR BRINDLE
06/28/2011,OWNER SUR,OTC,DOG,F,0,1,8,NORMAL,BOSTON TERRIER,BR BRINDLE
06/28/2011,STRAY,FIELD,CAT,F,0,2,15,INJURED,DOMESTIC SH,WHITE
06/28/2011,OWNER SUR,OTC,CAT,S,0,2,27,NORMAL,DOMESTIC MH,BRN TABBY
06/28/2011,OWNER SUR,OTC,CAT,S,0,2,0,NORMAL,DOMESTIC LH,BRN TABBY
06/28/2011,OWNER SUR,OTC,CAT,S,0,2,0,NORMAL,DOMESTIC SH,BRN TABBY
06/28/2011,OWNER SUR,OTC,CAT,S,0,2,0,NORMAL,DOMESTIC SH,BLACK
06/28/2011,STRAY,OTC,DOG,S,0,2,7,NORMAL,SC WHEAT TERR,SABLE
06/28/2011,STRAY,OTC,CAT,N,0,2,11,NORMAL,DOMESTIC LH,BLK SMOKE
06/28/2011,STRAY,OTC,CAT,S,0,3,16,NORMAL,DOMESTIC SH,BLUE TABBY
06/28/2011,STRAY,OTC,CAT,S,0,3,16,NORMAL,DOMESTIC SH,WHITE
06/28/2011,STRAY,OTC,CAT,S,0,3,17,NORMAL,DOMESTIC MH,BLUE TABBY
06/28/2011,STRAY,FIELD,DOG,S,0,3,18,NORMAL,LABRADOR RETR,BROWN
06/28/2011,STRAY,FIELD,CAT,U,0,3,1,INJURED,DOMESTIC SH,GRAY
06/28/2011,STRAY,OTC,DOG,S,0,4,29,NORMAL,BOXER,BLACK
06/28/2011,STRAY,EMERG CLC,DOG,N,0,6,0,INJURED,GREAT DANE,BLACK
06/28/2011,OWNER SUR,OTC,DOG,S,1,8,0,NORMAL,CHIHUAHUA SH,TAN
06/28/2011,STRAY,FIELD,DOG,N,1,9,27,NORMAL,GERM SHEPHERD,BLACK
06/28/2011,PUBLIC AST,OIJ,DOG,S,1,9,0,NORMAL,CATAHOULA,BR BRINDLE
06/28/2011,STRAY,OTC,DOG,N,1,0,0,NORMAL,WEST HIGHLAND,WHITE
06/28/2011,STRAY,OTC,CAT,N,1,0,0,NORMAL,DOMESTIC SH,BRN TABBY
06/28/2011,OWNER SUR,OTC,DOG,N,1,0,0,SICK,CHIHUAHUA SH,CHOCOLATE
06/28/2011,STRAY,OTC,DOG,N,1,2,5,NORMAL,AMER ESKIMO,WHITE
06/28/2011,STRAY,FIELD,DOG,N,1,6,0,NORMAL,CATAHOULA,BROWN
06/28/2011,STRAY,FIELD,DOG,S,1,6,0,NORMAL,BOXER,RED
06/28/2011,OWNER SUR,OTC,DOG,N,2,8,0,NORMAL,CHIHUAHUA SH,TAN
06/28/2011,STRAY,OTC,DOG,N,2,9,28,NORMAL,GERM SHEPHERD,BLACK
06/28/2011,STRAY,FIELD,DOG,N,2,0,0,NORMAL,RHOD RIDGEBACK,BROWN
06/28/2011,STRAY,FIELD,DOG,N,2,0,0,NORMAL,RHOD RIDGEBACK,BROWN
06/28/2011,STRAY,FIELD,DOG,S,2,0,0,NORMAL,GERM SHEPHERD,BROWN
06/28/2011,STRAY,EMERG CLC,CAT,M,2,0,0,SICK,DOMESTIC SH,BRN TABBY
06/28/2011,OWNER SUR,RETURN,DOG,S,2,3,7,NORMAL,LABRADOR RETR,BLACK
06/28/2011,STRAY,FIELD,DOG,M,4,0,28,NORMAL,BULLMASTIFF,BROWN
06/28/2011,OWNER SUR,RETURN,CAT,N,3,1,6,NORMAL,DOMESTIC LH,BLACK
06/28/2011,OWNER SUR,OTC,DOG,S,4,0,1,NORMAL,CHIHUAHUA SH,BROWN
06/28/2011,OWNER SUR,OTC,DOG,S,4,0,1,NORMAL,CHIHUAHUA SH,TAN
06/28/2011,OWNER SUR,OTC,DOG,N,4,0,1,NORMAL,CHIHUAHUA SH,BROWN
06/28/2011,STRAY,OTC,DOG,S,5,0,1,OTHER,DACHSHUND,WHITE
06/28/2011,STRAY,OTC,CAT,N,6,0,0,NORMAL,BRITISH SH,CRM TABBY
06/28/2011,STRAY,FIELD,DOG,S,8,0,28,NORMAL,BOXER,BR BRINDLE
06/28/2011,STRAY,OTC,CAT,S,8,0,1,NORMAL,DOMESTIC SH,BLACK
06/28/2011,STRAY,FIELD,DOG,F,8,0,2,NORMAL,PIT BULL,WHITE
06/28/2011,OWNER SUR,OTC,CAT,F,10,0,2,NORMAL,DOMESTIC SH,BRN TABBY
06/28/2011,PUBLIC AST,QUARANTINE,CAT,N,10,0,4,INJURED,DOMESTIC SH,CRM TABBY
06/28/2011,STRAY,FIELD,CAT,F,12,0,3,SICK,DOMESTIC SH,CALICO
06/29/2011,STRAY,OTC,CAT,N,0,1,5,NORMAL,DOMESTIC SH,BLACK
06/29/2011,STRAY,OTC,CAT,S,0,1,5,NORMAL,DOMESTIC SH,CALICO
06/29/2011,STRAY,OTC,CAT,N,0,1,8,NORMAL,DOMESTIC SH,BLACK
06/29/2011,STRAY,OTC,CAT,N,0,1,8,NORMAL,DOMESTIC SH,BLACK
06/29/2011,STRAY,OTC,CAT,S,0,1,8,NORMAL,DOMESTIC SH,TORTIE
06/29/2011,OWNER SUR,OTC,CAT,N,0,1,8,NORMAL,DOMESTIC SH,BLUE
06/29/2011,STRAY,OTC,CAT,M,0,1,8,SICK,DOMESTIC SH,BLK TABBY
06/29/2011,STRAY,FIELD,DOG,N,0,3,15,SICK,BLACK/TAN HOUND,BLACK
06/29/2011,STRAY,FIELD,DOG,S,0,3,15,NORMAL,PLOTT HOUND,BR BRINDLE
06/29/2011,STRAY,OTC,DOG,N,0,3,24,NORMAL,ANATOL SHEPHERD,TAN
06/29/2011,OWNER SUR,OTC,CAT,N,0,4,16,NORMAL,DOMESTIC SH,SEAL PT
06/29/2011,OWNER SUR,OTC,CAT,S,0,4,16,NORMAL,DOMESTIC SH,SEAL PT
06/29/2011,STRAY,FIELD,DOG,F,0,5,14,NORMAL,AUST CATTLE DOG,BLUE TICK
06/29/2011,STRAY,OTC,DOG,M,0,6,27,NORMAL,CHOW CHOW,RED
06/29/2011,PUBLIC AST,QUARANTINE,DOG,M,1,7,1,NORMAL,PIT BULL,BROWN
06/29/2011,PUBLIC AST,QUARANTINE,DOG,M,1,7,1,NORMAL,PIT BULL,BROWN
06/29/2011,OWNER SUR,OTC,DOG,S,1,9,2,NORMAL,GERM SHEPHERD,BLACK
06/29/2011,STRAY,FIELD,DOG,N,1,10,1,NORMAL,GERM SH POINT,BROWN
06/29/2011,STRAY,FIELD,DOG,S,1,10,1,NORMAL,PIT BULL,BLUE
06/29/2011,STRAY,OTC,DOG,S,1,0,0,NORMAL,STAFFORDSHIRE,BR BRINDLE
06/29/2011,OWNER SUR,OTC,DOG,S,1,4,17,NORMAL,LABRADOR RETR,BLACK
06/29/2011,STRAY,FIELD,DOG,N,1,6,0,NORMAL,GERM SHEPHERD,TAN
06/29/2011,OWNER SUR,OTC,DOG,N,1,6,0,NORMAL,AUST CATTLE DOG,RED
06/29/2011,STRAY,FIELD,DOG,N,2,0,0,NORMAL,PIT BULL,BLUE
06/29/2011,STRAY,OTC,DOG,N,2,1,8,NORMAL,AUST CATTLE DOG,BLUE TICK
06/29/2011,STRAY,FIELD,DOG,N,4,0,1,NORMAL,LHASA APSO,BLACK
06/29/2011,PUBLIC AST,QUARANTINE,DOG,M,4,0,1,NORMAL,SHIH TZU,WHITE
06/29/2011,STRAY,OTC,DOG,S,5,2,26,NORMAL,LABRADOR RETR,BLACK
06/29/2011,STRAY,OTC,CAT,S,6,0,1,NORMAL,DOMESTIC LH,BLUE CREAM
06/29/2011,STRAY,OTC,DOG,N,6,5,23,NORMAL,PIT BULL,BLACK
06/29/2011,OWNER SUR,OTC,DOG,N,7,0,1,NORMAL,CHESA BAY RETR,BROWN
06/29/2011,EUTH REQ,NO SUBTYPE,DOG,M,8,0,2,SICK,BOXER,BROWN
06/29/2011,STRAY,FIELD,DOG,M,9,1,12,SICK,ROTTWEILER,BLACK
06/29/2011,STRAY,FIELD,DOG,S,20,0,5,AGED,CHIHUAHUA SH,TAN
06/30/2011,STRAY,OTC,CAT,N,0,1,22,NORMAL,DOMESTIC SH,ORG TABBY
06/30/2011,STRAY,OTC,CAT,N,0,1,22,NORMAL,DOMESTIC SH,BLACK
06/30/2011,OWNER SUR,OTC,CAT,S,0,2,0,NORMAL,DOMESTIC SH,CALICO
06/30/2011,OWNER SUR,OTC,CAT,S,0,2,0,NORMAL,DOMESTIC SH,CALICO
06/30/2011,STRAY,OTC,CAT,N,0,3,15,NORMAL,DOMESTIC MH,ORG TABBY
06/30/2011,STRAY,OTC,CAT,N,0,3,15,NORMAL,DOMESTIC MH,ORG TABBY
06/30/2011,STRAY,OTC,CAT,N,0,3,15,NORMAL,DOMESTIC MH,BLACK
06/30/2011,STRAY,OTC,CAT,S,0,3,16,NORMAL,DOMESTIC SH,BRN TABBY
06/30/2011,STRAY,FIELD,DOG,S,0,4,14,NORMAL,CHIHUAHUA SH,BROWN
06/30/2011,STRAY,OTC,CAT,S,0,4,16,NORMAL,SIAMESE,LYNX PT
06/30/2011,STRAY,OTC,DOG,N,0,6,0,NORMAL,CHINESE SHARPEI,BLUE
06/30/2011,OWNER SUR,OTC,DOG,N,0,6,21,NORMAL,CHIHUAHUA LH,TAN
06/30/2011,STRAY,OTC,DOG,N,1,0,0,NORMAL,BASENJI,RED
06/30/2011,STRAY,OTC,DOG,N,1,0,0,NORMAL,LABRADOR RETR,BLACK
06/30/2011,OWNER SUR,OTC,DOG,S,1,0,0,NORMAL,JACK RUSS TERR,WHITE
06/30/2011,STRAY,OTC,DOG,N,1,0,0,NORMAL,CHIHUAHUA SH,RED
06/30/2011,STRAY,OTC,DOG,N,1,0,0,NORMAL,BORDER COLLIE,BLACK
06/30/2011,STRAY,OTC,CAT,N,1,0,0,NORMAL,SIAMESE,LYNX PT
06/30/2011,STRAY,OIJ,DOG,N,1,6,0,NORMAL,LABRADOR RETR,BLACK
06/30/2011,STRAY,OTC,DOG,S,1,6,0,NORMAL,LABRADOR RETR,BLACK
06/30/2011,PUBLIC AST,QUARANTINE,DOG,N,1,6,0,NORMAL,LHASA APSO,BLACK
06/30/2011,OWNER SUR,OTC,CAT,S,2,0,0,NORMAL,DOMESTIC SH,BRN TABBY
06/30/2011,OWNER SUR,OTC,DOG,N,2,6,0,NORMAL,STAFFORDSHIRE,RED
06/30/2011,STRAY,FIELD,DOG,N,2,6,0,NORMAL,GERM SHEPHERD,BLACK
06/30/2011,PUBLIC AST,QUARANTINE,DOG,N,2,6,1,NORMAL,PIT BULL,BROWN
06/30/2011,OWNER SUR,OTC,CAT,S,3,0,0,NORMAL,DOMESTIC SH,BRN TABBY
06/30/2011,STRAY,EMERG CLC,DOG,F,3,0,0,NORMAL,CAIRN TERRIER,CREAM
06/30/2011,STRAY,FIELD,CAT,M,3,0,0,INJURED,DOMESTIC SH,BLACK
06/30/2011,STRAY,OIJ,DOG,S,5,10,5,NORMAL,PIT BULL,BLACK
06/30/2011,OWNER SUR,OTC,DOG,S,5,0,1,NORMAL,PIT BULL,RED
06/30/2011,OWNER SUR,OTC,DOG,N,6,11,8,OTHER,BOXER,BLACK
06/30/2011,OWNER SUR,RETURN,DOG,N,6,5,16,NORMAL,GERM SHEPHERD,SABLE
06/30/2011,STRAY,OTC,DOG,N,7,1,10,NORMAL,COCKER SPAN,BROWN
06/30/2011,OWNER SUR,OTC,DOG,N,8,0,2,NORMAL,RAT TERRIER,BLACK
06/30/2011,OWNER SUR,OTC,DOG,S,9,11,1,NORMAL,GERM SHEPHERD,BLACK
06/30/2011,STRAY,FOUND IN,CAT,S,12,10,2,NORMAL,DOMESTIC SH,BRN TABBY
06/30/2011,OWNER SUR,OTC,CAT,S,12,0,3,NORMAL,DOMESTIC SH,BLACK
06/30/2011,EUTH REQ,NO SUBTYPE,DOG,M,13,0,3,SICK,BOSTON TERRIER,WHITE
07-01-11,STRAY,OTC,CAT,N,0,1,15,NURSING,DOMESTIC SH,BLACK
07-01-11,STRAY,OTC,CAT,S,0,1,15,NURSING,DOMESTIC SH,BLACK
07-01-11,STRAY,OTC,CAT,S,0,1,22,NURSING,DOMESTIC SH,BRN TABBY
07-01-11,STRAY,OTC,CAT,F,0,1,22,NORMAL,DOMESTIC SH,TORTIE
07-01-11,STRAY,OTC,CAT,N,0,2,15,NORMAL,DOMESTIC SH,WHITE
07-01-11,STRAY,OTC,CAT,N,0,2,15,NORMAL,DOMESTIC SH,WHITE
07-01-11,STRAY,OTC,CAT,M,0,2,15,INJURED,DOMESTIC SH,BRN TABBY
07-01-11,STRAY,OTC,CAT,N,0,2,0,SICK,DOMESTIC SH,ORG TABBY
07-01-11,STRAY,OTC,CAT,N,0,2,7,NORMAL,DOMESTIC SH,BRN TABBY
07-01-11,STRAY,FIELD,CAT,F,0,3,15,INJURED,DOMESTIC SH,TORTIE
07-01-11,STRAY,OTC,DOG,M,0,3,0,SICK,LABRADOR RETR,BROWN
07-01-11,STRAY,OTC,CAT,S,0,4,15,NORMAL,DOMESTIC SH,BLACK
07-01-11,STRAY,OTC,CAT,M,0,4,15,NORMAL,DOMESTIC MH,BLACK
07-01-11,OWNER SUR,OTC,CAT,S,0,4,15,NORMAL,DOMESTIC SH,TORTIE
07-01-11,OWNER SUR,OTC,CAT,N,0,4,15,NORMAL,DOMESTIC SH,BRN TABBY
07-01-11,OWNER SUR,OTC,CAT,S,0,4,15,NORMAL,DOMESTIC SH,BRN TABBY
07-01-11,STRAY,FIELD,DOG,S,0,5,22,NORMAL,CHIHUAHUA SH,BUFF
07-01-11,OWNER SUR,OTC,CAT,N,1,9,0,NORMAL,DOMESTIC MH,ORG TABBY
07-01-11,OWNER SUR,OTC,CAT,S,1,9,0,NORMAL,DOMESTIC SH,BRN TABBY
07-01-11,OWNER SUR,OTC,DOG,N,2,0,19,NORMAL,BOXER,TAN
07-01-11,STRAY,FIELD,DOG,M,1,3,0,NORMAL,LABRADOR RETR,BLACK
07-01-11,STRAY,OTC,DOG,S,1,6,29,NORMAL,AMERICAN STAFF,BR BRINDLE
07-01-11,STRAY,OTC,CAT,S,2,0,0,NORMAL,DOMESTIC SH,WHITE
07-01-11,STRAY,OTC,CAT,N,2,0,0,NORMAL,DOMESTIC SH,BLACK
07-01-11,STRAY,OTC,DOG,M,2,0,0,NORMAL,SCHNAUZER MIN,GRAY
07-01-11,STRAY,FIELD,DOG,N,2,0,0,OTHER,SHIH TZU,FAWN
07-01-11,STRAY,FIELD,DOG,N,2,0,0,NORMAL,LABRADOR RETR,BR BRINDLE
07-01-11,STRAY,OTC,CAT,S,2,0,0,NORMAL,DOMESTIC SH,BRN TABBY
07-01-11,STRAY,OTC,DOG,S,2,1,4,NORMAL,COLLIE SMOOTH,WHITE
07-01-11,STRAY,OTC,CAT,N,3,0,0,NORMAL,DOMESTIC SH,BRN TABBY
07-01-11,STRAY,OTC,DOG,N,3,0,0,NORMAL,CHIHUAHUA SH,TAN
07-01-11,OWNER SUR,OTC,CAT,M,3,6,0,INJURED,DOMESTIC SH,BLACK
07-01-11,STRAY,OTC,DOG,N,5,0,27,NORMAL,BLACK MOUTH CUR,TAN
07-01-11,STRAY,OTC,DOG,S,4,0,1,NORMAL,LABRADOR RETR,BLACK
07-01-11,OWNER SUR,OTC,DOG,N,4,0,1,NORMAL,MIN PINSCHER,CHOCOLATE
07-01-11,STRAY,OTC,CAT,N,4,0,1,NORMAL,DOMESTIC SH,BLACK
07-01-11,STRAY,OTC,DOG,N,5,0,1,NORMAL,POODLE MIN,WHITE
07-01-11,STRAY,OTC,CAT,N,5,0,1,NORMAL,DOMESTIC SH,BLACK
07-01-11,PUBLIC AST,QUARANTINE,DOG,N,6,8,19,NORMAL,LABRADOR RETR,BROWN
07-01-11,STRAY,OTC,DOG,S,6,0,1,NORMAL,AMER ESKIMO,WHITE
07-01-11,STRAY,OTC,DOG,S,8,0,2,NORMAL,JACK RUSS TERR,WHITE
07-01-11,PUBLIC AST,QUARANTINE,CAT,S,9,0,2,NORMAL,SIAMESE,CHOCOLATE
07-01-11,OWNER SUR,OTC,CAT,S,10,0,2,NORMAL,DOMESTIC SH,BLACK
07-02-11,STRAY,OTC,CAT,N,0,0,2,NURSING,DOMESTIC SH,BRN TABBY
07-02-11,STRAY,OTC,CAT,S,0,0,2,NURSING,DOMESTIC SH,BRN TABBY
07-02-11,STRAY,OTC,CAT,N,0,0,2,NURSING,DOMESTIC SH,BRN TABBY
07-02-11,STRAY,OTC,CAT,S,0,0,2,NURSING,DOMESTIC SH,BRN TABBY
07-02-11,STRAY,EMERG CLC,CAT,F,0,0,7,NORMAL,DOMESTIC SH,CALICO
07-02-11,STRAY,OTC,CAT,N,0,1,6,NORMAL,DOMESTIC SH,BLACK
07-02-11,STRAY,OTC,CAT,N,0,1,12,NORMAL,SNOWSHOE,BLUE PT
07-02-11,STRAY,OTC,CAT,S,0,1,12,NORMAL,RAGDOLL,BLUE PT
07-02-11,STRAY,OTC,CAT,N,0,2,15,NORMAL,DOMESTIC SH,BLACK
07-02-11,STRAY,OTC,CAT,S,0,2,15,NORMAL,DOMESTIC SH,BLACK
07-02-11,STRAY,OTC,CAT,S,0,2,19,NORMAL,DOMESTIC SH,BLUE TABBY
07-02-11,STRAY,OTC,CAT,S,0,3,0,NORMAL,DOMESTIC SH,BRN TABBY
07-02-11,STRAY,OTC,CAT,S,0,2,0,NORMAL,DOMESTIC SH,BLUE TABBY
07-02-11,OWNER SUR,OTC,CAT,S,0,2,0,NORMAL,DOMESTIC SH,BLACK
07-02-11,PUBLIC AST,QUARANTINE,CAT,S,0,2,8,NORMAL,DOMESTIC SH,BRN TABBY
07-02-11,OWNER SUR,OTC,CAT,N,0,3,15,NORMAL,DOMESTIC SH,BLACK
07-02-11,OWNER SUR,OTC,CAT,S,0,3,15,NORMAL,DOMESTIC SH,BLUE
07-02-11,OWNER SUR,OTC,CAT,N,0,3,15,NORMAL,DOMESTIC SH,BLACK
07-02-11,STRAY,FIELD,DOG,N,0,4,24,INJURED,PIT BULL,BLACK
07-02-11,STRAY,FIELD,DOG,S,0,4,26,NORMAL,LABRADOR RETR,TAN
07-02-11,STRAY,FIELD,DOG,N,0,5,29,NORMAL,GERM SHEPHERD,TAN
07-02-11,STRAY,OTC,DOG,S,0,5,29,OTHER,BEAGLE,BLACK
07-02-11,PUBLIC AST,QUARANTINE,DOG,S,0,5,29,NORMAL,PIT BULL,BLUE
07-02-11,STRAY,OTC,CAT,M,0,5,7,NORMAL,DOMESTIC SH,WHITE
07-02-11,STRAY,FIELD,DOG,N,0,6,29,NORMAL,BOXER,BR BRINDLE
07-02-11,STRAY,OTC,DOG,N,1,10,27,INJURED,POINTER,BLACK
07-02-11,STRAY,OTC,CAT,S,2,0,24,NORMAL,DOMESTIC SH,BRN TABBY
07-02-11,STRAY,OTC,DOG,N,1,0,0,SICK,CHIHUAHUA SH,TAN
07-02-11,STRAY,FIELD,DOG,S,1,0,0,NORMAL,PIT BULL,BLUE
07-02-11,STRAY,OTC,DOG,U,1,0,0,SICK,CHIHUAHUA SH,BROWN
07-02-11,OWNER SUR,OTC,DOG,N,1,0,0,NORMAL,CHOW CHOW,RED
07-02-11,OWNER SUR,OTC,DOG,N,1,0,0,NORMAL,PEKINGESE,TRICOLOR
07-02-11,PUBLIC AST,QUARANTINE,DOG,N,1,0,0,NORMAL,PIT BULL,TAN
07-02-11,STRAY,OTC,DOG,M,1,2,0,NORMAL,LABRADOR RETR,YELLOW
07-02-11,PUBLIC AST,INVESTIGAT,DOG,S,1,6,27,NORMAL,BOSTON TERRIER,BLACK
07-02-11,OWNER SUR,FIELD,DOG,S,1,6,29,OTHER,COCKER SPAN,BLACK
07-02-11,PUBLIC AST,INVESTIGAT,DOG,M,1,6,29,NORMAL,SCHNAUZER MIN,TRICOLOR
07-02-11,STRAY,OTC,CAT,S,1,6,29,NURSING,DOMESTIC SH,BRN TABBY
07-02-11,PUBLIC AST,QUARANTINE,DOG,N,1,6,29,NORMAL,CHIHUAHUA SH,BROWN
07-02-11,OWNER SUR,OTC,DOG,M,3,0,18,NORMAL,PIT BULL,RED
07-02-11,STRAY,OTC,CAT,S,2,0,0,NORMAL,DOMESTIC MH,BLUE
07-02-11,STRAY,FIELD,DOG,S,2,0,0,NORMAL,PIT BULL,RED
07-02-11,STRAY,OTC,CAT,N,2,0,0,NORMAL,DOMESTIC SH,BLUE
07-02-11,OWNER SUR,OTC,DOG,N,2,6,26,NORMAL,AMER BULLDOG,WHITE
07-02-11,OWNER SUR,OTC,DOG,S,2,6,29,NORMAL,LABRADOR RETR,BUFF
07-02-11,OWNER SUR,OTC,CAT,N,2,6,29,NORMAL,DOMESTIC SH,BLACK
07-02-11,OWNER SUR,OTC,DOG,S,3,0,0,NORMAL,WELSH CORGI CAR,RED
07-02-11,STRAY,OTC,DOG,S,3,0,0,NORMAL,LABRADOR RETR,BLACK
07-02-11,STRAY,OTC,DOG,S,3,0,0,NORMAL,LABRADOR RETR,BLACK
07-02-11,OWNER SUR,OTC,CAT,N,3,0,0,INJURED,DOMESTIC SH,BLUE
07-02-11,STRAY,OTC,DOG,F,3,0,0,NORMAL,YORKSHIRE TERR,SILVER
07-02-11,STRAY,OTC,DOG,N,3,0,0,NORMAL,PIT BULL,BR BRINDLE
07-02-11,STRAY,OTC,DOG,S,3,0,0,NORMAL,CHIHUAHUA SH,CHOCOLATE
07-02-11,OWNER SUR,OTC,CAT,N,3,0,0,NORMAL,SIAMESE,SEAL PT
07-02-11,OWNER SUR,OTC,CAT,N,3,1,27,NORMAL,DOMESTIC SH,BRN TABBY
07-02-11,OWNER SUR,OTC,CAT,N,3,1,3,NORMAL,DOMESTIC SH,BRN TABBY
07-02-11,OWNER SUR,OTC,CAT,S,3,1,4,NORMAL,DOMESTIC SH,CALICO
07-02-11,STRAY,FIELD,DOG,M,3,6,0,NORMAL,PIT BULL,BLUE
07-02-11,OWNER SUR,OTC,DOG,N,5,0,27,NORMAL,CHIHUAHUA SH,TAN
07-02-11,STRAY,OTC,DOG,S,4,0,1,NORMAL,GREAT PYRENEES,WHITE
07-02-11,STRAY,OTC,DOG,N,4,0,1,NORMAL,BLUE LACY,CHOCOLATE
07-02-11,OWNER SUR,OTC,DOG,N,4,6,0,NORMAL,LABRADOR RETR,CHOCOLATE
07-02-11,STRAY,FIELD,DOG,N,5,0,1,NORMAL,SIBERIAN HUSKY,CREAM
07-02-11,ABANDONED,NO SUBTYPE,CAT,S,5,0,1,NORMAL,DOMESTIC SH,WHITE
07-02-11,STRAY,OTC,CAT,N,5,0,1,NORMAL,SNOWSHOE,WHITE
07-02-11,STRAY,OTC,CAT,N,5,0,1,NORMAL,DOMESTIC SH,BLACK
07-02-11,ABANDONED,NO SUBTYPE,CAT,S,5,0,1,NORMAL,SNOWSHOE,SEAL PT
07-02-11,ABANDONED,NO SUBTYPE,CAT,N,5,0,1,NORMAL,DOMESTIC SH,WHITE
07-02-11,STRAY,OTC,DOG,S,5,0,1,NORMAL,SCHNAUZER MIN,BLACK
07-02-11,STRAY,FIELD,DOG,N,5,0,1,NORMAL,CHIHUAHUA SH,TAN
07-02-11,OWNER SUR,OTC,DOG,N,5,1,2,NORMAL,CHOW CHOW,RED
07-02-11,STRAY,OTC,CAT,N,6,0,1,SICK,DOMESTIC SH,ORG TABBY
07-02-11,STRAY,FIELD,DOG,S,6,0,1,NORMAL,CHIHUAHUA SH,CREAM
07-02-11,STRAY,FIELD,DOG,N,7,11,4,NORMAL,MIN PINSCHER,BLACK
07-02-11,STRAY,OTC,CAT,S,7,0,1,NORMAL,DOMESTIC SH,BLACK
07-02-11,STRAY,OTC,CAT,U,8,0,2,NORMAL,DOMESTIC SH,BLACK
07-02-11,STRAY,FIELD,DOG,S,8,0,2,NORMAL,POMERANIAN,BLACK
07-03-11,STRAY,OTC,CAT,M,0,0,2,NORMAL,DOMESTIC SH,ORANGE
07-03-11,STRAY,OTC,CAT,M,0,0,2,NORMAL,DOMESTIC SH,ORANGE
07-03-11,STRAY,OTC,CAT,F,0,0,2,NORMAL,DOMESTIC SH,BRN TABBY
07-03-11,STRAY,OTC,CAT,F,0,0,2,NORMAL,DOMESTIC SH,BLACK
07-03-11,STRAY,OTC,DOG,S,0,1,24,NORMAL,BOXER,BROWN
07-03-11,PUBLIC AST,QUARANTINE,DOG,M,0,1,7,NURSING,LABRADOR RETR,BROWN
07-03-11,PUBLIC AST,QUARANTINE,DOG,M,0,1,7,NURSING,LABRADOR RETR,BROWN
07-03-11,PUBLIC AST,QUARANTINE,DOG,M,0,1,7,NURSING,LABRADOR RETR,BROWN
07-03-11,STRAY,OTC,CAT,S,0,2,15,NORMAL,DOMESTIC SH,TORTIE
07-03-11,STRAY,OTC,CAT,N,0,2,0,NORMAL,DOMESTIC SH,ORG TABBY
07-03-11,STRAY,OTC,CAT,S,0,2,0,NORMAL,DOMESTIC SH,BRN TABBY
07-03-11,STRAY,OTC,DOG,N,0,3,15,NORMAL,POODLE MIN,CREAM
07-03-11,OWNER SUR,OTC,DOG,F,0,4,1,SICK,POODLE MIN,WHITE
07-03-11,PUBLIC AST,QUARANTINE,DOG,S,1,0,0,NORMAL,LABRADOR RETR,BROWN
07-03-11,PUBLIC AST,QUARANTINE,DOG,F,1,0,1,NURSING,PIT BULL,FAWN
07-03-11,OWNER SUR,OTC,DOG,S,2,8,10,NORMAL,PIT BULL,BROWN
07-03-11,STRAY,FIELD,CAT,S,2,0,0,INJURED,DOMESTIC SH,BLACK
07-03-11,STRAY,OTC,DOG,S,2,0,0,NORMAL,POODLE MIN,WHITE
07-03-11,STRAY,FIELD,DOG,S,2,0,0,NORMAL,STAFFORDSHIRE,TAN
07-03-11,OWNER SUR,OTC,DOG,N,2,6,29,NORMAL,LABRADOR RETR,BLACK
07-03-11,OWNER SUR,OTC,DOG,N,4,2,26,NORMAL,LABRADOR RETR,WHITE
07-03-11,STRAY,OTC,CAT,S,5,1,16,NORMAL,DOMESTIC SH,BLUE TABBY
07-03-11,PUBLIC AST,QUARANTINE,CAT,M,5,1,17,NORMAL,DOMESTIC SH,GRAY
07-03-11,STRAY,OTC,DOG,N,6,0,1,NORMAL,DALMATIAN,WHITE
07-03-11,STRAY,OTC,DOG,N,6,0,1,NORMAL,RAT TERRIER,RED
07-03-11,STRAY,OTC,DOG,N,6,6,0,NORMAL,WELSH CORGI CAR,BLACK
07-03-11,STRAY,OTC,DOG,N,7,0,1,NORMAL,BASSET HOUND,RED
07-03-11,STRAY,OTC,DOG,N,7,0,1,NORMAL,JACK RUSS TERR,WHITE
07-03-11,OWNER SUR,OTC,DOG,N,7,1,16,NORMAL,DUTCH SHEPHERD,BR BRINDLE
07-03-11,STRAY,OTC,DOG,N,8,0,2,NORMAL,LABRADOR RETR,YELLOW
07-03-11,STRAY,FIELD,DOG,S,12,4,7,NORMAL,AUST SHEPHERD,BR BRINDLE
07-03-11,EUTH REQ,NO SUBTYPE,DOG,M,14,0,3,INJURED,GERM SHEPHERD,BLACK
07-04-11,STRAY,OTC,CAT,S,0,1,7,NORMAL,DOMESTIC SH,WHITE
07-04-11,STRAY,OTC,CAT,N,0,1,7,NORMAL,DOMESTIC SH,WHITE
07-04-11,STRAY,OTC,CAT,S,0,1,7,NORMAL,DOMESTIC SH,BLUE
07-04-11,STRAY,OTC,CAT,S,0,1,7,NORMAL,DOMESTIC SH,BLACK
07-04-11,STRAY,OTC,DOG,N,0,2,15,NORMAL,PIT BULL,BR BRINDLE
07-04-11,STRAY,OTC,CAT,S,0,3,22,NORMAL,DOMESTIC SH,ORG TABBY
07-04-11,STRAY,OTC,CAT,N,0,3,22,NORMAL,DOMESTIC SH,ORG TABBY
07-04-11,STRAY,FIELD,DOG,F,0,4,8,SICK,PIT BULL,BLUE
07-04-11,STRAY,OTC,DOG,N,0,5,16,NORMAL,SCHNAUZER GIANT,BLACK
07-04-11,STRAY,OTC,CAT,N,0,5,16,FERAL,DOMESTIC SH,BRN TABBY
07-04-11,STRAY,OTC,CAT,S,0,5,16,NORMAL,DOMESTIC SH,BRN TABBY
07-04-11,PUBLIC AST,QUARANTINE,CAT,N,0,5,1,FERAL,DOMESTIC SH,ORG TABBY
07-04-11,STRAY,OTC,DOG,S,0,6,29,NORMAL,LABRADOR RETR,BLACK
07-04-11,STRAY,OTC,CAT,N,0,6,29,FERAL,DOMESTIC SH,ORG TABBY
07-04-11,STRAY,OTC,CAT,S,1,7,16,NORMAL,DOMESTIC SH,BLACK
07-04-11,STRAY,FIELD,DOG,M,1,9,0,NORMAL,PIT BULL,CHOCOLATE
07-04-11,STRAY,OTC,DOG,N,1,0,0,NORMAL,GERM SHEPHERD,BLACK
07-04-11,OWNER SUR,OTC,DOG,S,1,0,12,NORMAL,GERM SHEPHERD,BLACK
07-04-11,OWNER SUR,OTC,DOG,N,1,6,29,NORMAL,ROTTWEILER,BLACK
07-04-11,STRAY,EMERG CLC,CAT,S,1,6,29,NORMAL,DOMESTIC MH,BLACK
07-04-11,STRAY,FIELD,DOG,S,2,0,0,NORMAL,PIT BULL,CHOCOLATE
07-04-11,STRAY,OTC,CAT,N,2,0,0,NORMAL,DOMESTIC SH,WHITE
07-04-11,OWNER SUR,OTC,DOG,N,2,4,20,NORMAL,RHOD RIDGEBACK,BROWN
07-04-11,STRAY,OTC,DOG,N,3,0,0,NORMAL,BASENJI,BLACK
07-04-11,STRAY,FIELD,DOG,F,3,0,0,NORMAL,PIT BULL,BROWN
07-04-11,OWNER SUR,OTC,DOG,S,4,0,1,NORMAL,PIT BULL,RED
07-04-11,OWNER SUR,OTC,CAT,S,7,0,1,NORMAL,DOMESTIC SH,WHITE
07-04-11,STRAY,FIELD,DOG,N,7,3,26,NORMAL,LABRADOR RETR,CHOCOLATE
07-04-11,PUBLIC AST,QUARANTINE,DOG,N,14,10,1,NORMAL,CHOW CHOW,BLACK
07-05-11,STRAY,OTC,CAT,N,0,1,12,NORMAL,DOMESTIC SH,BLACK
07-05-11,STRAY,OTC,DOG,N,0,2,0,NORMAL,QUEENSLAND HEEL,BLACK
07-05-11,STRAY,OTC,DOG,S,0,2,0,NORMAL,BLACK/TAN HOUND,BLACK
07-05-11,STRAY,OTC,DOG,S,0,2,0,NORMAL,QUEENSLAND HEEL,WHITE
07-05-11,STRAY,OTC,DOG,S,0,2,0,NORMAL,BLACK/TAN HOUND,TRICOLOR
07-05-11,STRAY,OTC,DOG,N,0,2,0,NORMAL,BLACK/TAN HOUND,BLACK
07-05-11,STRAY,OTC,DOG,S,0,2,0,NORMAL,BLACK/TAN HOUND,BLACK
07-05-11,STRAY,OTC,DOG,N,0,2,0,NORMAL,BLUETICK HOUND,WHITE
07-05-11,STRAY,FIELD,DOG,S,0,5,29,SICK,GERM SHEPHERD,BROWN
07-05-11,STRAY,FIELD,DOG,N,0,6,29,NORMAL,GERM SH POINT,WHITE
07-05-11,OWNER SUR,OTC,DOG,S,1,8,0,SICK,GERM SH POINT,CHOCOLATE
07-05-11,STRAY,FIELD,DOG,S,1,11,0,SICK,CHIHUAHUA SH,WHITE
07-05-11,STRAY,OTC,DOG,S,1,11,0,NORMAL,PIT BULL,BROWN
07-05-11,STRAY,FIELD,DOG,F,1,0,0,NORMAL,PIT BULL,BROWN
07-05-11,OWNER SUR,OTC,DOG,N,1,0,0,NORMAL,ROTTWEILER,BLACK
07-05-11,STRAY,FIELD,DOG,N,1,0,0,NORMAL,RAT TERRIER,WHITE
07-05-11,STRAY,OTC,CAT,S,1,0,0,NORMAL,DOMESTIC SH,BLACK
07-05-11,STRAY,OTC,DOG,S,1,6,29,NORMAL,PEKINGESE,WHITE
07-05-11,PUBLIC AST,QUARANTINE,CAT,N,1,6,29,NORMAL,DOMESTIC SH,BLUE TABBY
07-05-11,OWNER SUR,OTC,DOG,N,2,0,0,NORMAL,LABRADOR RETR,BLACK
07-05-11,STRAY,OTC,DOG,N,2,0,0,NORMAL,CHIHUAHUA SH,WHITE
07-05-11,STRAY,OTC,DOG,N,2,2,21,NORMAL,LHASA APSO,WHITE
07-05-11,STRAY,OTC,DOG,S,3,0,0,NORMAL,STAFFORDSHIRE,BLUE
07-05-11,STRAY,OTC,DOG,F,3,0,0,NORMAL,SIBERIAN HUSKY,RED
07-05-11,STRAY,OTC,DOG,S,3,0,0,NORMAL,JACK RUSS TERR,BLACK
07-05-11,STRAY,FIELD,DOG,N,3,1,4,NORMAL,CHIHUAHUA SH,TAN
07-05-11,STRAY,FIELD,DOG,S,5,0,1,NORMAL,PIT BULL,BLUE
07-05-11,OWNER SUR,OTC,CAT,S,5,0,1,NORMAL,DOMESTIC SH,BRN TABBY
07-05-11,OWNER SUR,OTC,CAT,N,5,0,1,NORMAL,DOMESTIC SH,ORG TABBY
07-05-11,OWNER SUR,OTC,CAT,N,5,0,1,NORMAL,DOMESTIC SH,ORG TABBY
07-05-11,STRAY,OTC,DOG,M,5,0,1,NORMAL,ROTTWEILER,BLACK
07-05-11,OWNER SUR,OTC,CAT,S,9,0,21,NORMAL,DOMESTIC SH,TORTIE
07-05-11,STRAY,OTC,DOG,M,8,0,2,NORMAL,PIT BULL,CREAM
07-05-11,AST AGENCY,OWNER DIED,DOG,M,8,0,2,NORMAL,CHIHUAHUA SH,TAN
07-05-11,PUBLIC AST,OWNER DIED,DOG,F,8,0,2,NORMAL,PUG,TAN
07-05-11,PUBLIC AST,OWNER DIED,DOG,F,8,0,2,NORMAL,PUG,TAN
07-05-11,PUBLIC AST,OWNER DIED,DOG,M,8,0,2,NORMAL,PUG,TAN
07-05-11,OWNER SUR,OTC,CAT,N,10,0,18,NORMAL,DOMESTIC LH,BLACK
07-05-11,PUBLIC AST,QUARANTINE,CAT,S,13,0,14,NORMAL,DOMESTIC LH,CALICO
07-05-11,EUTH REQ,OTC OWNED,DOG,F,17,0,4,AGED,LABRADOR RETR,BLACK
07-06-11,STRAY,OTC,CAT,N,0,1,27,NORMAL,DOMESTIC MH,BLACK
07-06-11,STRAY,OTC,CAT,S,0,1,27,NORMAL,DOMESTIC MH,BLACK
07-06-11,STRAY,OTC,CAT,S,0,1,27,NORMAL,DOMESTIC MH,BLACK
07-06-11,STRAY,OTC,CAT,S,0,2,0,NORMAL,DOMESTIC MH,WHITE
07-06-11,STRAY,OTC,CAT,S,0,2,0,NORMAL,DOMESTIC MH,WHITE
07-06-11,STRAY,OTC,CAT,M,0,2,0,NORMAL,DOMESTIC SH,ORG TABBY
07-06-11,STRAY,OTC,CAT,F,0,2,0,NORMAL,DOMESTIC SH,ORG TABBY
07-06-11,OWNER SUR,OTC,DOG,N,0,1,4,NORMAL,POINTER,RED
07-06-11,OWNER SUR,OTC,CAT,N,0,1,7,NORMAL,DOMESTIC LH,ORG TABBY
07-06-11,OWNER SUR,OTC,CAT,N,0,1,7,NORMAL,DOMESTIC LH,ORG TABBY
07-06-11,OWNER SUR,OTC,CAT,N,0,1,7,NORMAL,DOMESTIC LH,ORG TABBY
07-06-11,OWNER SUR,OTC,DOG,M,0,1,10,NORMAL,GERM SHEPHERD,BROWN
07-06-11,OWNER SUR,OTC,DOG,S,0,1,10,NORMAL,GERM SHEPHERD,BROWN
07-06-11,OWNER SUR,OTC,DOG,M,0,1,10,NORMAL,GERM SHEPHERD,TAN
07-06-11,OWNER SUR,OTC,DOG,M,0,1,10,NORMAL,GERM SHEPHERD,SABLE
07-06-11,OWNER SUR,OTC,DOG,S,0,1,10,NORMAL,GERM SHEPHERD,BROWN
07-06-11,OWNER SUR,OTC,DOG,M,0,1,10,NORMAL,GERM SHEPHERD,BROWN
07-06-11,OWNER SUR,OTC,DOG,S,0,1,10,NORMAL,GERM SHEPHERD,TAN
07-06-11,OWNER SUR,OTC,DOG,S,0,1,13,NORMAL,GERM SHEPHERD,BROWN
07-06-11,STRAY,OTC,CAT,N,0,1,14,NORMAL,DOMESTIC SH,BLACK
07-06-11,STRAY,OTC,CAT,S,0,2,15,NORMAL,DOMESTIC SH,BLUE TABBY
07-06-11,STRAY,OTC,CAT,S,0,2,15,NORMAL,DOMESTIC SH,ORG TABBY
07-06-11,STRAY,OTC,CAT,S,0,2,25,NORMAL,DOMESTIC SH,TORTIE
07-06-11,STRAY,OTC,CAT,S,0,2,26,NORMAL,DOMESTIC SH,TORBIE
07-06-11,STRAY,OTC,DOG,N,0,2,0,NORMAL,LABRADOR RETR,BLACK
07-06-11,STRAY,OTC,DOG,N,0,2,0,NORMAL,GERM SH POINT,WHITE
07-06-11,OWNER SUR,OTC,CAT,N,0,2,0,NORMAL,DOMESTIC SH,BLACK
07-06-11,OWNER SUR,OTC,CAT,S,0,2,0,NORMAL,DOMESTIC SH,BLACK
07-06-11,OWNER SUR,OTC,CAT,N,0,2,0,NORMAL,DOMESTIC SH,BLACK
07-06-11,OWNER SUR,OTC,CAT,N,0,2,0,NORMAL,DOMESTIC SH,BLACK
07-06-11,OWNER SUR,OTC,CAT,S,0,2,0,NORMAL,DOMESTIC SH,BLACK
07-06-11,OWNER SUR,OTC,CAT,N,0,2,0,NORMAL,DOMESTIC SH,BLACK
07-06-11,OWNER SUR,RETURN,CAT,N,0,2,11,NORMAL,DOMESTIC SH,BLUE TABBY
07-06-11,OWNER SUR,OTC,CAT,S,0,3,17,NORMAL,DOMESTIC SH,BLACK
07-06-11,OWNER SUR,OTC,CAT,S,0,3,22,NORMAL,DOMESTIC SH,TORTIE
07-06-11,OWNER SUR,OTC,CAT,S,0,3,22,NORMAL,DOMESTIC SH,BLUE TABBY
07-06-11,OWNER SUR,OTC,CAT,S,0,3,22,NORMAL,JAPAN BOBTAIL,BLUE
07-06-11,OWNER SUR,OTC,CAT,S,0,3,22,NORMAL,JAPAN BOBTAIL,TORBIE
07-06-11,OWNER SUR,RETURN,DOG,S,0,3,22,NORMAL,PLOTT HOUND,BR BRINDLE
07-06-11,STRAY,FIELD,DOG,S,0,3,0,NORMAL,CHIHUAHUA SH,RED
07-06-11,OWNER SUR,OTC,CAT,N,0,3,0,NORMAL,DOMESTIC SH,BLUE TABBY
07-06-11,STRAY,FIELD,DOG,S,0,4,5,NORMAL,PIT BULL,WHITE
07-06-11,PUBLIC AST,QUARANTINE,DOG,S,0,6,29,NORMAL,AUST CATTLE DOG,TRICOLOR
07-06-11,STRAY,OTC,DOG,S,1,9,0,NORMAL,CATAHOULA,RED MERLE
07-06-11,STRAY,OTC,DOG,S,1,9,0,NORMAL,CATAHOULA,RED MERLE
07-06-11,STRAY,FIELD,DOG,F,1,8,5,NORMAL,BORDER COLLIE,WHITE
07-06-11,STRAY,OTC,DOG,S,1,11,0,NORMAL,PIT BULL,BROWN
07-06-11,STRAY,OTC,CAT,S,1,11,0,NORMAL,DOMESTIC SH,BRN TABBY
07-06-11,STRAY,OTC,DOG,N,2,0,29,NORMAL,SCHNAUZER MIN,BLACK
07-06-11,STRAY,OTC,DOG,S,1,0,0,NORMAL,SCHIPPERKE,BLACK
07-06-11,STRAY,OTC,DOG,N,1,0,0,NORMAL,DACHSHUND LH,TAN
07-06-11,STRAY,OTC,DOG,N,1,0,0,NORMAL,PIT BULL,BROWN
07-06-11,STRAY,FIELD,DOG,S,1,0,0,NORMAL,BORDER COLLIE,WHITE
07-06-11,STRAY,OTC,DOG,N,1,1,18,NORMAL,AUST CATTLE DOG,RED MERLE
07-06-11,STRAY,OTC,DOG,S,1,6,29,NORMAL,DACHSHUND LH,TAN
07-06-11,STRAY,OTC,CAT,S,1,6,29,NORMAL,SIAMESE,LYNX PT
07-06-11,STRAY,OTC,DOG,N,1,6,29,NORMAL,BORDER COLLIE,WHITE
07-06-11,OWNER SUR,RETURN,DOG,N,2,7,4,NORMAL,GERM SH POINT,BLACK
07-06-11,PUBLIC AST,SURGERY,DOG,S,2,8,4,NORMAL,QUEENSLAND HEEL,BLACK
07-06-11,STRAY,OTC,CAT,S,2,0,0,NORMAL,DOMESTIC SH,BLACK
07-06-11,STRAY,OTC,CAT,S,2,0,0,NORMAL,DOMESTIC SH,BLUE TABBY
07-06-11,STRAY,FIELD,DOG,N,2,0,0,NORMAL,PIT BULL,WHITE
07-06-11,STRAY,OTC,DOG,S,2,0,0,NORMAL,BOXER,TAN
07-06-11,STRAY,OTC,DOG,S,2,0,0,NORMAL,LABRADOR RETR,CHOCOLATE
07-06-11,STRAY,FIELD,DOG,N,2,6,29,NORMAL,AM PIT BULL TER,BLACK
07-06-11,PUBLIC AST,INVESTIGAT,DOG,M,3,10,29,NORMAL,PIT BULL,TAN
07-06-11,STRAY,OTC,DOG,S,3,0,0,NORMAL,BASSET HOUND,TRICOLOR
07-06-11,STRAY,EMERG CLC,DOG,S,3,0,0,NORMAL,GERM SHEPHERD,CREAM
07-06-11,STRAY,OTC,DOG,S,3,0,0,NORMAL,BRITTANY,CHOCOLATE
07-06-11,OWNER SUR,OTC,DOG,S,3,0,0,NORMAL,VIZSLA,TAN
07-06-11,OWNER SUR,OTC,DOG,N,4,0,1,NORMAL,BEAGLE,BLACK
07-06-11,STRAY,OTC,CAT,N,5,0,1,NORMAL,DOMESTIC SH,BRN TABBY
07-06-11,STRAY,FIELD,DOG,S,5,0,1,NORMAL,CHOW CHOW,BLACK
07-06-11,OWNER SUR,OTC,CAT,N,6,7,12,NORMAL,DOMESTIC SH,BLACK
07-06-11,OWNER SUR,OTC,DOG,N,7,0,1,NORMAL,LABRADOR RETR,BROWN
07-06-11,STRAY,OTC,DOG,S,8,0,2,NORMAL,CHIHUAHUA SH,TAN
07-06-11,STRAY,EMERG CLC,CAT,N,12,0,3,SICK,DOMESTIC SH,ORG TABBY
07-06-11,PUBLIC AST,QUARANTINE,DOG,S,13,6,6,NORMAL,PEKINGESE,FAWN
07-06-11,STRAY,FIELD,DOG,M,13,7,7,NORMAL,GERM SHEPHERD,BROWN
07-06-11,EUTH REQ,NO SUBTYPE,DOG,S,16,7,16,NORMAL,LHASA APSO,CREAM
07-07-11,STRAY,EMERG CLC,CAT,U,0,2,0,INJURED,DOMESTIC SH,ORG TABBY
07-07-11,STRAY,OTC,DOG,N,0,2,15,NORMAL,PLOTT HOUND,BR BRINDLE
07-07-11,STRAY,OTC,DOG,S,0,2,15,NORMAL,LABRADOR RETR,BLACK
07-07-11,STRAY,OTC,DOG,N,0,2,15,NORMAL,GERM SHEPHERD,BLACK
07-07-11,STRAY,OTC,DOG,S,0,2,15,NORMAL,BORDER COLLIE,BLACK
07-07-11,STRAY,OTC,DOG,N,0,2,15,NORMAL,BORDER COLLIE,BLACK
07-07-11,STRAY,OTC,DOG,N,0,2,15,NORMAL,GERM SHEPHERD,BLACK
07-07-11,STRAY,OTC,DOG,N,0,2,15,NORMAL,GERM SHEPHERD,BLACK
07-07-11,STRAY,OTC,DOG,N,0,2,15,NORMAL,BORDER COLLIE,BLACK
07-07-11,OWNER SUR,OTC,CAT,S,0,2,22,NORMAL,DOMESTIC SH,WHITE
07-07-11,OWNER SUR,OTC,CAT,S,0,2,22,NORMAL,DOMESTIC SH,BLUE TABBY
07-07-11,OWNER SUR,OTC,CAT,S,0,2,22,NORMAL,DOMESTIC SH,CALICO
07-07-11,OWNER SUR,OTC,CAT,N,0,2,22,NORMAL,DOMESTIC SH,BRN TABBY
07-07-11,OWNER SUR,OTC,CAT,S,0,2,24,NORMAL,DOMESTIC SH,TORBIE
07-07-11,OWNER SUR,OTC,CAT,S,0,2,24,NORMAL,DOMESTIC SH,BRN TABBY
07-07-11,STRAY,OTC,DOG,N,0,2,0,NORMAL,AUST CATTLE DOG,TRICOLOR
07-07-11,STRAY,OTC,DOG,N,0,2,0,NORMAL,AUST CATTLE DOG,RED TICK
07-07-11,STRAY,OTC,DOG,N,0,3,17,NORMAL,CHIHUAHUA SH,TAN
07-07-11,STRAY,OTC,DOG,N,0,3,22,NORMAL,CHIHUAHUA SH,BLACK
07-07-11,STRAY,OTC,DOG,S,0,3,22,NORMAL,CHIHUAHUA SH,BLACK
07-07-11,STRAY,EMERG CLC,CAT,U,0,3,10,INJURED,DOMESTIC SH,GRAY
07-07-11,OWNER SUR,OTC,CAT,N,0,3,11,NORMAL,DOMESTIC MH,BLUE
07-07-11,OWNER SUR,OTC,CAT,S,0,3,11,NORMAL,DOMESTIC SH,BLUE
07-07-11,STRAY,FIELD,DOG,S,0,5,28,NORMAL,AMER BULLDOG,WHITE
07-07-11,STRAY,FIELD,DOG,M,0,6,13,NORMAL,PIT BULL,BR BRINDLE
07-07-11,STRAY,FIELD,DOG,S,1,7,29,NORMAL,LABRADOR RETR,BLACK
07-07-11,STRAY,OTC,DOG,F,1,8,0,NORMAL,BEAGLE,TRICOLOR
07-07-11,STRAY,OTC,DOG,M,1,9,0,NORMAL,WELSH CORGI CAR,TAN
07-07-11,STRAY,OTC,CAT,S,1,11,0,NORMAL,DOMESTIC SH,TORBIE
07-07-11,STRAY,OTC,CAT,M,1,11,0,NORMAL,DOMESTIC SH,BLACK
07-07-11,STRAY,OTC,DOG,N,1,0,0,NORMAL,CHIHUAHUA SH,BLACK
07-07-11,PUBLIC AST,QUARANTINE,CAT,N,1,3,6,NORMAL,DOMESTIC SH,BLUE TABBY
07-07-11,STRAY,OTC,DOG,M,1,6,28,NORMAL,GERM SH POINT,CHOCOLATE
07-07-11,STRAY,OTC,CAT,S,1,6,29,NORMAL,DOMESTIC SH,TORTIE
07-07-11,STRAY,NO SUBTYPE,CAT,S,2,0,0,INJURED,DOMESTIC SH,TORTIE
07-07-11,STRAY,OTC,CAT,S,2,0,0,NORMAL,DOMESTIC SH,TORBIE
07-07-11,STRAY,FIELD,DOG,N,2,0,0,NORMAL,BORDER COLLIE,BLACK
07-07-11,STRAY,OTC,CAT,S,2,0,0,NORMAL,DOMESTIC SH,BRN TABBY
07-07-11,PUBLIC AST,QUARANTINE,CAT,N,2,0,0,NORMAL,AMER SH,WHITE
07-07-11,OWNER SUR,FIELD,DOG,S,2,0,0,NORMAL,PIT BULL,BR BRINDLE
07-07-11,STRAY,FIELD,DOG,N,2,6,29,NORMAL,CHINESE SHARPEI,TAN
07-07-11,PUBLIC AST,SURGERY,DOG,N,3,11,21,NORMAL,PIT BULL,BROWN
07-07-11,OWNER SUR,OTC,DOG,N,3,0,0,NORMAL,DACHSHUND,BLACK
07-07-11,STRAY,OTC,CAT,N,3,0,0,INJURED,MAINE COON,BRN TABBY
07-07-11,PUBLIC AST,QUARANTINE,DOG,S,3,0,1,NORMAL,LABRADOR RETR,WHITE
07-07-11,OWNER SUR,OTC,DOG,N,3,2,24,NORMAL,LABRADOR RETR,BLACK
07-07-11,STRAY,OTC,DOG,S,3,6,0,NORMAL,GERM SHEPHERD,BROWN
07-07-11,PUBLIC AST,QUARANTINE,CAT,N,4,6,4,NORMAL,MAINE COON,BLUE TABBY
07-07-11,OWNER SUR,OTC,CAT,N,4,0,1,NORMAL,ABYSSINIAN,BRN TABBY
07-07-11,OWNER SUR,OTC,CAT,N,6,0,0,NORMAL,DOMESTIC SH,BLACK
07-07-11,PUBLIC AST,QUARANTINE,DOG,N,5,0,1,NORMAL,GREAT DANE,WHITE
07-07-11,PUBLIC AST,QUARANTINE,DOG,S,6,3,0,NORMAL,GERM SHEPHERD,BLACK
07-07-11,STRAY,OTC,CAT,N,8,0,18,NORMAL,DOMESTIC SH,ORG TABBY
07-07-11,PUBLIC AST,QUARANTINE,DOG,N,7,0,1,NORMAL,AMER BULLDOG,WHITE
07-07-11,OWNER SUR,OTC,DOG,M,8,0,2,NORMAL,BOXER,BROWN
07-07-11,STRAY,FIELD,DOG,N,8,3,13,NORMAL,LABRADOR RETR,YELLOW
07-07-11,STRAY,OTC,DOG,M,9,0,2,NORMAL,DACHSHUND,RED
07-07-11,OWNER SUR,OTC,DOG,S,10,9,18,NORMAL,POINTER,WHITE
07-07-11,STRAY,EMERG CLC,DOG,S,12,0,3,NORMAL,SCHNAUZER MIN,GRAY
07-08-11,STRAY,OTC,CAT,S,0,0,10,NURSING,DOMESTIC SH,WHITE
07-08-11,STRAY,OTC,CAT,N,0,0,10,NURSING,DOMESTIC SH,BRN TABBY
07-08-11,STRAY,OTC,CAT,S,0,0,10,NURSING,DOMESTIC SH,BRN TABBY
07-08-11,STRAY,OTC,CAT,N,0,0,10,NURSING,DOMESTIC SH,BRN TABBY
07-08-11,STRAY,OTC,CAT,S,0,1,15,NORMAL,DOMESTIC SH,TORTIE
07-08-11,STRAY,OTC,CAT,N,0,1,15,NORMAL,DOMESTIC SH,BLUE
07-08-11,STRAY,OTC,CAT,N,0,1,15,NORMAL,DOMESTIC SH,BLUE
07-08-11,STRAY,OTC,DOG,M,0,1,5,NORMAL,LABRADOR RETR,BLACK
07-08-11,STRAY,OTC,DOG,M,0,1,5,NORMAL,LABRADOR RETR,BLACK
07-08-11,STRAY,OTC,DOG,M,0,1,5,NORMAL,LABRADOR RETR,BLACK
07-08-11,STRAY,OTC,DOG,N,0,1,5,NORMAL,GERM SHEPHERD,TAN
07-08-11,STRAY,OTC,DOG,N,0,1,5,NORMAL,GERM SHEPHERD,TAN
07-08-11,STRAY,OTC,DOG,M,0,2,0,SICK,LABRADOR RETR,BLACK
07-08-11,OWNER SUR,OTC,CAT,N,0,2,0,NORMAL,DOMESTIC MH,BLUE
07-08-11,OWNER SUR,OTC,CAT,N,0,2,0,NORMAL,DOMESTIC MH,BLUE TABBY
07-08-11,OWNER SUR,OTC,CAT,S,0,2,0,NORMAL,HIMALAYAN,LYNX PT
07-08-11,STRAY,OTC,DOG,S,0,2,0,NORMAL,CHIHUAHUA SH,BLACK
07-08-11,STRAY,FIELD,DOG,N,0,2,0,NORMAL,ROTTWEILER,BLACK
07-08-11,STRAY,FIELD,DOG,N,0,2,0,NORMAL,ROTTWEILER,BLACK
07-08-11,STRAY,FIELD,DOG,N,0,2,0,NORMAL,ROTTWEILER,BLACK
07-08-11,STRAY,FIELD,DOG,N,0,2,0,NORMAL,ROTTWEILER,BLACK
07-08-11,STRAY,FIELD,DOG,S,0,2,0,NORMAL,ROTTWEILER,BLACK
07-08-11,STRAY,FIELD,DOG,S,0,2,0,NORMAL,ROTTWEILER,BLACK
07-08-11,STRAY,FIELD,DOG,S,0,2,0,NORMAL,ROTTWEILER,BLACK
07-08-11,OWNER SUR,OTC,DOG,N,0,3,20,NORMAL,LABRADOR RETR,BLACK
07-08-11,OWNER SUR,OTC,CAT,N,0,3,21,NORMAL,DOMESTIC SH,BLUE TABBY
07-08-11,STRAY,OTC,CAT,N,0,3,25,NORMAL,DOMESTIC SH,ORG TABBY
07-08-11,OWNER SUR,OTC,CAT,S,0,3,27,NORMAL,DOMESTIC SH,TORTIE
07-08-11,PUBLIC AST,SURGERY,CAT,S,0,3,29,NORMAL,DOMESTIC MH,TORBIE
07-08-11,OWNER SUR,OTC,CAT,N,0,3,29,NORMAL,DOMESTIC SH,CRM TABBY
07-08-11,OWNER SUR,OTC,CAT,S,0,3,0,NORMAL,DOMESTIC SH,TORTIE
07-08-11,OWNER SUR,OTC,CAT,S,0,3,0,NORMAL,DOMESTIC SH,CRM TABBY
07-08-11,STRAY,OTC,CAT,N,0,3,0,NORMAL,SIAMESE,FLAME PT
07-08-11,OWNER SUR,OTC,CAT,N,0,4,15,NORMAL,DOMESTIC SH,ORG TABBY
07-08-11,STRAY,OTC,DOG,S,0,4,1,NORMAL,BORDER COLLIE,BLACK
07-08-11,STRAY,OTC,CAT,S,0,4,1,NORMAL,DOMESTIC SH,ORG TABBY
07-08-11,STRAY,FIELD,CAT,U,0,4,1,INJURED,DOMESTIC SH,WHITE
07-08-11,PUBLIC AST,QUARANTINE,DOG,S,0,6,13,NORMAL,QUEENSLAND HEEL,TRICOLOR
07-08-11,OWNER SUR,OTC,CAT,F,2,0,17,NORMAL,MAINE COON,BRN TABBY
07-08-11,OWNER SUR,OTC,CAT,N,2,0,17,NORMAL,MAINE COON,BLUE TABBY
07-08-11,PUBLIC AST,QUARANTINE,DOG,N,1,0,0,NORMAL,BASSET HOUND,TRICOLOR
07-08-11,STRAY,OTC,DOG,S,1,0,0,NORMAL,WELSH CORGI PEM,BR BRINDLE
07-08-11,OWNER SUR,OTC,DOG,N,1,0,0,NORMAL,POODLE TOY,WHITE
07-08-11,OWNER SUR,OTC,CAT,S,1,3,0,NORMAL,SIAMESE,CALICO PT
07-08-11,STRAY,OTC,DOG,S,1,6,29,NORMAL,BORDER COLLIE,BLACK
07-08-11,STRAY,OTC,DOG,N,2,0,0,NORMAL,SCHNAUZER MIN,GRAY
07-08-11,STRAY,FIELD,DOG,N,2,0,0,NORMAL,AMERICAN STAFF,BROWN
07-08-11,STRAY,OTC,CAT,S,2,0,0,NORMAL,DOMESTIC SH,BRN TABBY
07-08-11,STRAY,OTC,DOG,S,2,2,18,NORMAL,BOXER,BROWN
07-08-11,PUBLIC AST,QUARANTINE,DOG,S,2,6,29,NORMAL,BLUETICK HOUND,BLUE TICK
07-08-11,OWNER SUR,OTC,DOG,S,3,7,22,NORMAL,POODLE TOY,BLACK
07-08-11,OWNER SUR,OTC,DOG,S,4,0,16,NORMAL,POODLE TOY,BLACK
07-08-11,OWNER SUR,OTC,CAT,U,3,0,0,NORMAL,MAINE COON,BRN TABBY
07-08-11,OWNER SUR,OTC,DOG,S,5,0,28,NORMAL,POODLE TOY,BLK SMOKE
07-08-11,STRAY,OTC,DOG,S,6,0,27,NORMAL,LABRADOR RETR,BLACK
07-08-11,STRAY,FIELD,DOG,S,8,4,4,NORMAL,BORDER COLLIE,BROWN
07-08-11,OWNER SUR,OTC,CAT,S,10,0,2,NORMAL,DOMESTIC SH,BRN TABBY
07-08-11,STRAY,OTC,CAT,N,10,0,2,NORMAL,DOMESTIC SH,ORG TABBY
07-08-11,OWNER SUR,OTC,DOG,N,12,0,3,NORMAL,PIT BULL,BR BRINDLE
07-09-11,STRAY,OTC,CAT,S,0,0,7,NURSING,DOMESTIC SH,CALICO
07-09-11,STRAY,OTC,DOG,S,0,1,6,NURSING,GERM SHEPHERD,BROWN
07-09-11,STRAY,OTC,DOG,S,0,1,6,NURSING,GERM SHEPHERD,TRICOLOR
07-09-11,STRAY,OTC,DOG,S,0,1,6,NURSING,GERM SHEPHERD,BROWN
07-09-11,STRAY,OTC,DOG,S,0,1,6,NURSING,GERM SHEPHERD,BROWN
07-09-11,STRAY,OTC,DOG,N,0,1,6,NURSING,GERM SHEPHERD,BLACK
07-09-11,STRAY,OTC,DOG,N,0,1,6,NURSING,GERM SHEPHERD,BROWN
07-09-11,STRAY,OTC,DOG,N,0,1,6,NURSING,BORDER COLLIE,BLACK
07-09-11,STRAY,OTC,DOG,N,0,1,6,NURSING,GERM SHEPHERD,SABLE
07-09-11,STRAY,OTC,DOG,N,0,1,6,NURSING,BORDER COLLIE,BLACK
07-09-11,STRAY,OTC,CAT,N,0,1,12,NORMAL,DOMESTIC SH,BLACK
07-09-11,STRAY,OTC,CAT,N,0,2,20,NORMAL,DOMESTIC SH,WHITE
07-09-11,STRAY,OTC,CAT,M,0,3,15,INJURED,DOMESTIC SH,BLACK
07-09-11,PUBLIC AST,QUARANTINE,DOG,S,0,4,15,NORMAL,AUST SHEPHERD,TRICOLOR
07-09-11,STRAY,OTC,DOG,S,0,4,15,NORMAL,AMERICAN STAFF,WHITE
07-09-11,STRAY,OTC,DOG,F,0,4,1,NORMAL,LABRADOR RETR,BLACK
07-09-11,OWNER SUR,OTC,DOG,F,1,9,0,NORMAL,CHIHUAHUA SH,RED
07-09-11,STRAY,OTC,DOG,S,1,9,0,NORMAL,LAKELAND TERR,BLACK
07-09-11,OWNER SUR,FIELD,DOG,N,1,11,0,NORMAL,PIT BULL,BROWN
07-09-11,STRAY,OTC,DOG,N,1,11,0,NORMAL,MASTIFF,BROWN
07-09-11,STRAY,OTC,CAT,S,1,6,29,NORMAL,DOMESTIC SH,CALICO
07-09-11,STRAY,OTC,DOG,N,1,6,29,NORMAL,GERM SH POINT,WHITE
07-09-11,STRAY,OTC,DOG,S,2,0,0,NORMAL,AUST CATTLE DOG,TAN
07-09-11,OWNER SUR,OTC,DOG,N,2,0,0,NORMAL,COCKER SPAN,BLACK
07-09-11,OWNER SUR,OTC,DOG,S,2,5,29,NORMAL,GREAT PYRENEES,WHITE
07-09-11,STRAY,FIELD,DOG,N,3,0,0,NORMAL,NORWICH TERRIER,BLACK
07-09-11,OWNER SUR,OTC,CAT,S,3,0,0,NORMAL,MAINE COON,BLUE
07-09-11,STRAY,OTC,CAT,S,3,0,0,NURSING,DOMESTIC SH,BLUE
07-09-11,STRAY,FIELD,DOG,N,3,0,0,OTHER,PIT BULL,BR BRINDLE
07-09-11,OWNER SUR,OTC,CAT,N,5,0,24,NORMAL,MAINE COON,BRN TABBY
07-09-11,OWNER SUR,OTC,CAT,S,5,0,24,NORMAL,MAINE COON,CALICO
07-09-11,OWNER SUR,OTC,CAT,N,4,0,1,NORMAL,MAINE COON,BLUE TABBY
07-09-11,OWNER SUR,OTC,DOG,N,4,0,1,NORMAL,LABRADOR RETR,YELLOW
07-09-11,STRAY,OTC,DOG,M,4,4,5,NORMAL,AUST SHEPHERD,RED
07-09-11,STRAY,OTC,CAT,N,5,0,1,NORMAL,DOMESTIC SH,BRN TABBY
07-09-11,STRAY,OTC,DOG,N,6,0,1,NORMAL,LABRADOR RETR,YELLOW
07-09-11,STRAY,OTC,CAT,N,6,0,1,NORMAL,DOMESTIC SH,ORANGE
07-09-11,OWNER SUR,OTC,CAT,N,6,0,1,NORMAL,DOMESTIC SH,CRM TABBY
07-09-11,OWNER SUR,OTC,CAT,N,6,0,1,NORMAL,DOMESTIC SH,FLAME PT
07-09-11,OWNER SUR,OTC,CAT,N,7,0,1,NORMAL,DOMESTIC SH,BRN TABBY
07-09-11,STRAY,FIELD,DOG,N,10,0,2,INJURED,COCKER SPAN,GOLD
07-09-11,STRAY,OTC,DOG,N,12,0,0,NORMAL,CHOW CHOW,RED
07-10-11,STRAY,OTC,DOG,N,0,0,5,NORMAL,GERM SHEPHERD,BROWN
07-10-11,STRAY,OTC,DOG,S,0,0,5,NORMAL,GERM SHEPHERD,BROWN
07-10-11,STRAY,OTC,DOG,S,0,0,5,NORMAL,GERM SHEPHERD,BROWN
07-10-11,STRAY,OTC,DOG,S,0,0,5,NORMAL,GERM SHEPHERD,BROWN
07-10-11,STRAY,OTC,DOG,N,0,0,5,NORMAL,GERM SHEPHERD,BROWN
07-10-11,STRAY,OTC,DOG,N,0,3,15,NORMAL,BOXER,BR BRINDLE
07-10-11,STRAY,OTC,CAT,S,0,3,15,NORMAL,DOMESTIC MH,BLUE TABBY
07-10-11,STRAY,OTC,DOG,N,0,3,15,NORMAL,SIBERIAN HUSKY,RED
07-10-11,OWNER SUR,RETURN,DOG,S,0,3,27,NORMAL,CHIHUAHUA SH,BUFF
07-10-11,STRAY,OTC,DOG,N,0,3,0,NORMAL,POINTER,BLACK
07-10-11,STRAY,OTC,DOG,S,0,4,1,INJURED,CHIHUAHUA SH,WHITE
07-10-11,STRAY,FIELD,DOG,F,0,4,1,SICK,CHIHUAHUA SH,WHITE
07-10-11,STRAY,OTC,DOG,N,0,6,20,NORMAL,PLOTT HOUND,BR BRINDLE
07-10-11,OWNER SUR,OTC,DOG,S,1,9,0,NORMAL,CATAHOULA,WHITE
07-10-11,OWNER SUR,FIELD,DOG,N,1,11,0,NORMAL,BLACK MOUTH CUR,TAN
07-10-11,OWNER SUR,OTC,DOG,S,1,11,0,NORMAL,PIT BULL,BR BRINDLE
07-10-11,STRAY,FIELD,DOG,S,1,0,0,NORMAL,PIT BULL,BL BRINDLE
07-10-11,PUBLIC AST,INVESTIGAT,DOG,M,1,0,0,NORMAL,PIT BULL,BLUE
07-10-11,STRAY,OTC,DOG,S,1,1,15,NORMAL,ROTTWEILER,BLACK
07-10-11,STRAY,OTC,CAT,S,1,1,15,NORMAL,SIAMESE,BLUE PT
07-10-11,OWNER SUR,RETURN,DOG,N,1,1,16,SICK,CAIRN TERRIER,TAN
07-10-11,STRAY,OTC,DOG,N,1,5,29,NORMAL,PUG,BROWN
07-10-11,STRAY,FIELD,DOG,N,2,0,0,NORMAL,CHIHUAHUA SH,TRICOLOR
07-10-11,OWNER SUR,OTC,DOG,F,2,0,0,NORMAL,LABRADOR RETR,BLACK
07-10-11,STRAY,FIELD,DOG,N,3,11,16,NORMAL,CATAHOULA,BLACK
07-10-11,STRAY,OTC,DOG,S,3,0,0,NORMAL,DACHSHUND,BLACK
07-10-11,STRAY,OTC,DOG,N,3,0,0,NORMAL,CHIHUAHUA SH,TAN
07-10-11,OWNER SUR,FIELD,DOG,S,3,4,17,INJURED,AMER BULLDOG,WHITE
07-10-11,STRAY,OTC,DOG,N,4,0,0,NORMAL,POMERANIAN,CREAM
07-10-11,STRAY,OTC,CAT,S,4,0,1,NORMAL,DOMESTIC SH,TORTIE
07-10-11,STRAY,FIELD,DOG,S,7,0,1,NORMAL,LABRADOR RETR,YELLOW
07-10-11,STRAY,OTC,CAT,N,8,0,2,NORMAL,DOMESTIC MH,BLACK
07-10-11,OWNER SUR,RETURN,CAT,S,8,0,13,NORMAL,DOMESTIC SH,BLACK
07-10-11,EUTH REQ,NO SUBTYPE,DOG,M,17,0,4,SICK,FOX TERR WIRE,BLACK
07-10-11,STRAY,FIELD,DOG,S,18,0,1,AGED,AMER ESKIMO,WHITE
07-11-11,STRAY,OTC,DOG,M,0,0,1,NURSING,AUST CATTLE DOG,WHITE
07-11-11,STRAY,OTC,DOG,N,0,0,1,NURSING,AUST SHEPHERD,BROWN
07-11-11,STRAY,OTC,DOG,M,0,0,1,NURSING,AUST SHEPHERD,BROWN
07-11-11,ABANDONED,NO SUBTYPE,CAT,N,0,0,2,NURSING,DOMESTIC SH,ORG TABBY
07-11-11,OWNER SUR,OTC,CAT,U,0,2,0,NORMAL,DOMESTIC SH,BLACK
07-11-11,OWNER SUR,OTC,CAT,N,0,2,0,NORMAL,DOMESTIC SH,BLACK
07-11-11,OWNER SUR,OTC,CAT,N,0,2,0,NORMAL,DOMESTIC SH,BLACK
07-11-11,OWNER SUR,OTC,CAT,N,0,2,0,NORMAL,DOMESTIC SH,ORG TABBY
07-11-11,OWNER SUR,OTC,CAT,S,0,2,0,NORMAL,DOMESTIC SH,BRN TABBY
07-11-11,OWNER SUR,OTC,CAT,S,0,2,0,NORMAL,DOMESTIC SH,BRN TABBY
07-11-11,STRAY,OTC,DOG,N,0,1,1,NURSING,CHIHUAHUA SH,TAN
07-11-11,STRAY,OTC,DOG,N,0,1,1,NURSING,CHIHUAHUA SH,TAN
07-11-11,STRAY,OTC,DOG,S,0,1,1,NURSING,CHIHUAHUA SH,TAN
07-11-11,STRAY,OTC,DOG,S,0,1,1,NURSING,CHIHUAHUA SH,TRICOLOR
07-11-11,STRAY,OTC,DOG,S,0,1,1,NURSING,CHIHUAHUA SH,TAN
07-11-11,OWNER SUR,OTC,CAT,S,0,1,7,NORMAL,DOMESTIC SH,CALICO
07-11-11,STRAY,OTC,CAT,S,0,2,15,NORMAL,DOMESTIC MH,BRN TABBY
07-11-11,STRAY,OTC,DOG,N,0,2,0,NORMAL,LABRADOR RETR,TAN
07-11-11,OWNER SUR,OTC,DOG,N,0,3,15,SICK,PIT BULL,BROWN
07-11-11,STRAY,OTC,CAT,S,0,4,22,NORMAL,SIAMESE,LYNX PT
07-11-11,STRAY,OTC,DOG,S,0,4,9,NORMAL,PIT BULL,RED
07-11-11,STRAY,FIELD,CAT,S,0,5,28,NORMAL,DOMESTIC SH,ORG TABBY
07-11-11,STRAY,FIELD,CAT,S,1,11,0,INJURED,DOMESTIC SH,ORG TABBY
07-11-11,STRAY,OTC,DOG,N,1,11,0,NORMAL,SHIH TZU,BROWN
07-11-11,OWNER SUR,OTC,DOG,N,1,0,0,NORMAL,SIBERIAN HUSKY,SILVER
07-11-11,STRAY,OTC,DOG,N,1,0,0,NORMAL,LABRADOR RETR,BLACK
07-11-11,STRAY,FIELD,DOG,N,1,0,0,NORMAL,LABRADOR RETR,BLACK
07-11-11,STRAY,OTC,DOG,S,1,0,0,NORMAL,PIT BULL,BLACK
07-11-11,STRAY,OTC,DOG,N,1,0,0,NORMAL,AUST SHEPHERD,BLUE MERLE
07-11-11,STRAY,FIELD,DOG,N,1,0,0,NORMAL,PIT BULL,WHITE
07-11-11,PUBLIC AST,OIJ,DOG,N,1,0,0,NORMAL,BOSTON TERRIER,WHITE
07-11-11,STRAY,OTC,CAT,S,1,1,25,NORMAL,DOMESTIC SH,BLACK
07-11-11,STRAY,FIELD,DOG,S,1,4,17,NORMAL,PIT BULL,WHITE
07-11-11,STRAY,OTC,DOG,S,1,6,29,NORMAL,PIT BULL,WHITE
07-11-11,OWNER SUR,FIELD,DOG,N,1,6,29,NORMAL,CATAHOULA,BLACK
07-11-11,OWNER SUR,FIELD,DOG,S,1,6,29,NORMAL,PIT BULL,BLACK
07-11-11,STRAY,FIELD,DOG,N,3,0,0,NORMAL,MIN PINSCHER,BLACK
07-11-11,OWNER SUR,OTC,DOG,N,2,0,0,NORMAL,GREAT PYRENEES,WHITE
07-11-11,OWNER SUR,OTC,CAT,S,2,0,0,NORMAL,DOMESTIC SH,TORTIE
07-11-11,STRAY,FIELD,DOG,N,2,2,2,NORMAL,SIBERIAN HUSKY,WHITE
07-11-11,STRAY,OTC,DOG,S,2,4,24,NORMAL,PIT BULL,TAN
07-11-11,STRAY,FIELD,DOG,S,3,9,23,NORMAL,BOXER,RED
07-11-11,OWNER SUR,OTC,CAT,M,3,0,0,NORMAL,DOMESTIC SH,BRN TABBY
07-11-11,OWNER SUR,OTC,DOG,S,3,0,0,NORMAL,LABRADOR RETR,TAN
07-11-11,STRAY,OTC,DOG,N,3,0,0,NORMAL,DACHSHUND LH,BLACK
07-11-11,PUBLIC AST,QUARANTINE,DOG,S,4,0,1,NORMAL,CHIHUAHUA SH,RED
07-11-11,OWNER SUR,RETURN,DOG,N,4,1,16,NORMAL,AMERICAN STAFF,BLUE
07-11-11,STRAY,FIELD,DOG,N,4,4,15,NORMAL,CHIHUAHUA SH,TAN
07-11-11,STRAY,OTC,DOG,S,6,0,1,NURSING,CHIHUAHUA SH,TAN
07-11-11,OWNER SUR,OTC,DOG,N,12,0,3,NORMAL,CATAHOULA,BR BRINDLE
07-11-11,STRAY,OTC,CAT,S,14,0,3,NORMAL,SIAMESE,SEAL PT
07-11-11,STRAY,FIELD,DOG,S,14,0,3,AGED,BORDER COLLIE,WHITE
07-11-11,PUBLIC AST,QUARANTINE,CAT,N,NO AGE,NORMAL,MAINE COON,BRN TABBY,,
07-12-11,STRAY,OTC,CAT,U,0,0,1,NURSING,DOMESTIC SH,CALICO
07-12-11,STRAY,OTC,CAT,S,0,1,15,NURSING,DOMESTIC SH,BLACK
07-12-11,STRAY,OTC,DOG,S,0,1,7,NORMAL,ROTTWEILER,BLACK
07-12-11,STRAY,OTC,DOG,S,0,1,7,NORMAL,BEAGLE,BLACK
07-12-11,STRAY,OTC,DOG,N,0,1,7,NORMAL,BEAGLE,BLUE TICK
07-12-11,STRAY,OTC,DOG,M,0,2,22,NORMAL,PIT BULL,WHITE
07-12-11,STRAY,OTC,DOG,N,0,2,0,NORMAL,DACHSHUND WH,BLACK
07-12-11,STRAY,FIELD,DOG,N,0,2,0,NORMAL,BELG MALINOIS,BROWN
07-12-11,STRAY,OTC,DOG,N,0,3,2,NORMAL,POINTER,BLACK
07-12-11,OWNER SUR,OTC,CAT,N,0,4,1,NORMAL,DOMESTIC SH,WHITE
07-12-11,OWNER SUR,OTC,CAT,S,0,4,1,NORMAL,DOMESTIC SH,WHITE
07-12-11,STRAY,FIELD,DOG,N,0,4,1,NORMAL,PLOTT HOUND,BR BRINDLE
07-12-11,STRAY,OTC,DOG,N,0,5,16,NORMAL,LABRADOR RETR,Y BRINDLE
07-12-11,STRAY,OTC,DOG,S,0,5,16,NORMAL,LABRADOR RETR,CHOCOLATE
07-12-11,OWNER SUR,OTC,CAT,N,0,5,16,NORMAL,DOMESTIC SH,ORG TABBY
07-12-11,OWNER SUR,OTC,DOG,S,0,5,29,NORMAL,CHIHUAHUA SH,CREAM
07-12-11,STRAY,FIELD,DOG,N,0,6,29,NORMAL,VIZSLA,RED
07-12-11,PUBLIC AST,EVICTION,DOG,S,1,6,7,NORMAL,POINTER,WHITE
07-12-11,OWNER SUR,OTC,DOG,S,1,9,17,NORMAL,CAROLINA DOG,WHITE
07-12-11,STRAY,FIELD,DOG,S,1,9,0,NORMAL,PLOTT HOUND,BR BRINDLE
07-12-11,STRAY,OTC,DOG,S,1,9,2,NORMAL,GERM SHEPHERD,TAN
07-12-11,STRAY,FIELD,DOG,N,1,11,0,SICK,DACHSHUND,TAN
07-12-11,OWNER SUR,OTC,DOG,N,1,11,0,NORMAL,WHIPPET,BR BRINDLE
07-12-11,STRAY,FIELD,DOG,N,1,0,0,NORMAL,PIT BULL,WHITE
07-12-11,STRAY,OTC,DOG,N,1,0,0,NORMAL,SIBERIAN HUSKY,BLACK
07-12-11,OWNER SUR,OTC,DOG,N,1,0,0,NORMAL,CHIHUAHUA SH,CREAM
07-12-11,STRAY,OTC,DOG,S,1,0,0,NORMAL,SCHNAUZER MIN,GRAY
07-12-11,STRAY,FIELD,DOG,S,1,5,29,INJURED,PIT BULL,CHOCOLATE
07-12-11,STRAY,OTC,DOG,N,1,6,29,NORMAL,BULLDOG,TAN
07-12-11,OWNER SUR,RETURN,DOG,N,2,7,1,NORMAL,GERM SH POINT,BLACK
07-12-11,STRAY,FIELD,CAT,U,2,0,0,SICK,DOMESTIC SH,BLUE
07-12-11,STRAY,OTC,CAT,S,2,0,0,FERAL,DOMESTIC SH,BLACK
07-12-11,STRAY,OTC,DOG,F,2,0,0,NORMAL,CHIHUAHUA SH,BLACK
07-12-11,STRAY,OTC,DOG,M,2,0,0,NORMAL,PIT BULL,RED
07-12-11,STRAY,OTC,CAT,S,2,0,0,PREGNANT,DOMESTIC SH,WHITE
07-12-11,STRAY,FIELD,DOG,S,2,0,0,NORMAL,BEAGLE,BROWN
07-12-11,STRAY,OTC,DOG,N,2,0,0,NORMAL,BASENJI,BR BRINDLE
07-12-11,OWNER SUR,OTC,DOG,N,3,6,12,NORMAL,GERM SHEPHERD,BLACK
07-12-11,STRAY,OTC,DOG,S,3,0,0,SICK,STAFFORDSHIRE,BROWN
07-12-11,OWNER SUR,OTC,CAT,M,4,0,1,NORMAL,DOMESTIC SH,BRN TABBY
07-12-11,PUBLIC AST,QUARANTINE,DOG,S,4,0,1,NORMAL,COCKER SPAN,BLACK
07-12-11,OWNER SUR,OTC,DOG,N,5,0,1,NORMAL,WEIMARANER,SILVER
07-12-11,PUBLIC AST,QUARANTINE,DOG,M,6,8,6,NORMAL,CHIHUAHUA SH,WHITE
07-12-11,STRAY,OTC,DOG,S,7,0,24,NORMAL,POODLE MIN,WHITE
07-12-11,STRAY,FIELD,DOG,N,6,0,1,NORMAL,JACK RUSS TERR,BROWN
07-12-11,STRAY,OTC,DOG,S,6,0,1,NORMAL,POODLE TOY,CREAM
07-12-11,STRAY,OTC,DOG,N,7,0,1,NORMAL,WEST HIGHLAND,WHITE
07-12-11,STRAY,FIELD,DOG,M,8,0,2,NORMAL,BOXER,FAWN
07-12-11,STRAY,OTC,DOG,S,9,0,2,NORMAL,PIT BULL,WHITE
07-12-11,STRAY,FIELD,DOG,S,10,0,2,NORMAL,BOXER,FAWN
07-12-11,STRAY,OTC,DOG,S,10,0,2,NORMAL,CHIHUAHUA SH,BR BRINDLE
07-12-11,PUBLIC AST,QUARANTINE,DOG,S,11,0,2,NORMAL,BORDER COLLIE,BLACK
07-12-11,STRAY,OTC,CAT,M,12,0,3,INJURED,DOMESTIC SH,BLACK
07-12-11,EUTH REQ,NO SUBTYPE,CAT,S,23,0,5,AGED,DOMESTIC SH,BLACK
07/13/2011,STRAY,OTC,CAT,N,0,0,1,NURSING,DOMESTIC SH,BLUE TABBY
07/13/2011,STRAY,OTC,CAT,S,0,1,15,NURSING,DOMESTIC SH,TORTIE
07/13/2011,STRAY,OTC,CAT,N,0,1,15,NURSING,DOMESTIC SH,ORG TABBY
07/13/2011,STRAY,OTC,CAT,N,0,1,15,NURSING,DOMESTIC SH,ORG TABBY
07/13/2011,STRAY,OTC,CAT,S,0,1,15,NURSING,DOMESTIC SH,TORBIE
07/13/2011,STRAY,OTC,CAT,S,0,1,15,NURSING,DOMESTIC SH,BLACK
07/13/2011,STRAY,OTC,CAT,N,0,1,16,NURSING,DOMESTIC SH,BLACK
07/13/2011,STRAY,OTC,CAT,M,0,1,16,INJURED,DOMESTIC SH,BLACK
07/13/2011,STRAY,OTC,DOG,N,0,2,0,NORMAL,LABRADOR RETR,SABLE
07/13/2011,PUBLIC AST,QUARANTINE,CAT,M,0,2,0,NORMAL,DOMESTIC SH,BLACK
07/13/2011,OWNER SUR,OTC,CAT,N,0,2,0,NORMAL,DOMESTIC SH,BLACK
07/13/2011,STRAY,OTC,CAT,F,0,2,7,NORMAL,DOMESTIC SH,TORTIE
07/13/2011,OWNER SUR,OTC,CAT,S,0,3,18,NORMAL,DOMESTIC SH,TORBIE
07/13/2011,OWNER SUR,OTC,CAT,N,0,3,0,NORMAL,DOMESTIC SH,BRN TABBY
07/13/2011,STRAY,OTC,CAT,S,1,8,0,NORMAL,DOMESTIC SH,BRN TABBY
07/13/2011,OWNER SUR,OTC,DOG,S,1,11,0,NORMAL,LABRADOR RETR,TAN
07/13/2011,OWNER SUR,OTC,DOG,S,1,11,0,NORMAL,LABRADOR RETR,TAN
07/13/2011,STRAY,OTC,DOG,N,1,11,0,NORMAL,BEAGLE,WHITE
07/13/2011,OWNER SUR,FIELD,DOG,S,1,11,0,NORMAL,POINTER,WHITE
07/13/2011,STRAY,OTC,DOG,S,1,11,0,NORMAL,LABRADOR RETR,BLACK
07/13/2011,STRAY,OTC,CAT,S,1,0,0,NORMAL,DOMESTIC SH,BLACK
07/13/2011,PUBLIC AST,QUARANTINE,DOG,N,1,0,0,NORMAL,RAT TERRIER,TRICOLOR
07/13/2011,STRAY,OTC,CAT,S,1,0,0,NORMAL,DOMESTIC SH,BRN TABBY
07/13/2011,STRAY,OTC,DOG,S,1,0,0,NORMAL,GERM SHEPHERD,BLACK
07/13/2011,STRAY,OTC,DOG,S,1,0,0,NORMAL,BELG MALINOIS,TAN
07/13/2011,STRAY,OTC,DOG,N,1,1,15,NORMAL,AUST CATTLE DOG,BLUE TICK
07/13/2011,STRAY,OTC,DOG,N,2,0,0,NORMAL,RHOD RIDGEBACK,BROWN
07/13/2011,STRAY,FIELD,DOG,S,2,0,0,NORMAL,BEAGLE,TRICOLOR
07/13/2011,OWNER SUR,OTC,CAT,S,2,0,0,NORMAL,DOMESTIC SH,BLUE
07/13/2011,STRAY,OTC,CAT,S,2,0,0,NORMAL,SIAMESE,LYNX PT
07/13/2011,OWNER SUR,OTC,DOG,N,2,0,0,NORMAL,LABRADOR RETR,BLACK
07/13/2011,STRAY,FIELD,CAT,S,2,0,7,SICK,DOMESTIC SH,BLUE TABBY
07/13/2011,STRAY,OTC,DOG,N,2,1,15,NORMAL,ROTTWEILER,BLACK
07/13/2011,STRAY,FIELD,DOG,N,2,6,29,NORMAL,AMER BULLDOG,WHITE
07/13/2011,PUBLIC AST,QUARANTINE,DOG,F,3,0,1,NORMAL,CHIHUAHUA SH,TAN
07/13/2011,OWNER SUR,OTC,DOG,N,3,0,11,NORMAL,JACK RUSS TERR,TAN
07/13/2011,OWNER SUR,OTC,DOG,S,3,1,15,NORMAL,PIT BULL,WHITE
07/13/2011,STRAY,OTC,CAT,S,4,0,1,NURSING,DOMESTIC SH,TORBIE
07/13/2011,STRAY,OTC,DOG,N,4,0,1,NORMAL,LABRADOR RETR,TAN
07/13/2011,STRAY,OTC,CAT,N,6,0,25,NORMAL,DOMESTIC SH,CRM TABBY
07/13/2011,STRAY,OTC,DOG,S,5,2,17,NORMAL,GERM SHEPHERD,TAN
07/13/2011,PUBLIC AST,QUARANTINE,DOG,N,6,10,12,NORMAL,LABRADOR RETR,BLACK
07/13/2011,STRAY,OTC,DOG,F,10,0,2,AGED,ROTTWEILER,BLACK
07/14/2011,STRAY,OTC,CAT,M,0,0,2,NORMAL,DOMESTIC SH,BRN TABBY
07/14/2011,STRAY,OTC,CAT,F,0,0,2,NORMAL,DOMESTIC SH,BRN TABBY
07/14/2011,STRAY,OTC,CAT,M,0,0,2,NORMAL,DOMESTIC SH,BLACK
07/14/2011,STRAY,OTC,CAT,F,0,0,2,NORMAL,DOMESTIC SH,BLUE CREAM
07/14/2011,STRAY,OTC,CAT,M,0,0,2,NORMAL,DOMESTIC SH,BLUE
07/14/2011,STRAY,OTC,CAT,N,0,2,18,NORMAL,DOMESTIC SH,BLACK
07/14/2011,STRAY,OTC,CAT,N,0,2,0,NORMAL,SIAMESE,FLAME PT
07/14/2011,STRAY,OTC,CAT,S,0,2,0,NORMAL,DOMESTIC SH,TORBIE
07/14/2011,STRAY,OTC,CAT,S,0,2,0,NORMAL,DOMESTIC SH,BRN TABBY
07/14/2011,STRAY,FIELD,DOG,S,0,2,6,NORMAL,GERM SHEPHERD,SABLE
07/14/2011,STRAY,OTC,DOG,S,0,2,7,NORMAL,CHIHUAHUA SH,CREAM
07/14/2011,OWNER SUR,OTC,CAT,N,0,2,7,NORMAL,SIAMESE,SEAL PT
07/14/2011,STRAY,OTC,CAT,N,0,2,7,NORMAL,DOMESTIC SH,BRN TABBY
07/14/2011,STRAY,OTC,CAT,N,0,2,7,NORMAL,DOMESTIC SH,BLACK
07/14/2011,STRAY,OTC,CAT,N,0,2,7,NORMAL,DOMESTIC SH,BLUE TABBY
07/14/2011,STRAY,OTC,CAT,N,0,2,7,NORMAL,DOMESTIC SH,BRN TABBY
07/14/2011,STRAY,FIELD,DOG,S,0,2,8,NORMAL,GERM SHEPHERD,TAN
07/14/2011,STRAY,FIELD,DOG,S,0,3,15,NORMAL,GERM SHEPHERD,TAN
07/14/2011,STRAY,FIELD,CAT,M,0,3,15,INJURED,DOMESTIC SH,BRN TABBY
07/14/2011,OWNER SUR,OTC,CAT,N,0,3,15,NORMAL,DOMESTIC SH,BLACK
07/14/2011,OWNER SUR,OTC,CAT,S,0,3,15,NORMAL,DOMESTIC SH,BLACK
07/14/2011,OWNER SUR,OTC,CAT,N,0,3,15,NORMAL,DOMESTIC SH,SEAL PT
07/14/2011,OWNER SUR,OTC,CAT,S,0,3,15,NORMAL,SIAMESE,LYNX PT
07/14/2011,STRAY,FIELD,DOG,S,0,3,0,NORMAL,LABRADOR RETR,BLACK
07/14/2011,STRAY,FIELD,DOG,S,0,3,0,NORMAL,GERM SHEPHERD,BLACK
07/14/2011,STRAY,FIELD,DOG,N,0,3,0,NORMAL,GERM SHEPHERD,TAN
07/14/2011,STRAY,FIELD,DOG,S,0,3,0,NORMAL,GERM SHEPHERD,SABLE
07/14/2011,STRAY,FIELD,DOG,S,0,3,0,NORMAL,GERM SHEPHERD,TAN
07/14/2011,STRAY,OTC,CAT,N,0,3,0,NORMAL,DOMESTIC MH,BLACK
07/14/2011,STRAY,FIELD,CAT,F,0,4,1,SICK,DOMESTIC SH,BRN TABBY
07/14/2011,STRAY,OTC,CAT,S,0,4,1,NORMAL,DOMESTIC SH,BLUE CREAM
07/14/2011,STRAY,FIELD,DOG,N,0,4,11,NORMAL,CAIRN TERRIER,BLACK
07/14/2011,STRAY,OTC,CAT,S,0,5,8,NORMAL,DOMESTIC MH,BLUE
07/14/2011,STRAY,FIELD,DOG,N,0,6,13,NORMAL,CATAHOULA,WHITE
07/14/2011,STRAY,OTC,DOG,F,0,6,29,INJURED,PIT BULL,WHITE
07/14/2011,OWNER SUR,OTC,CAT,S,1,9,7,NORMAL,DOMESTIC SH,BRN TABBY
07/14/2011,STRAY,FIELD,DOG,N,1,11,0,NORMAL,CHIHUAHUA SH,RED
07/14/2011,STRAY,FIELD,CAT,M,2,0,28,OTHER,DOMESTIC SH,ORG TABBY
07/14/2011,STRAY,FIELD,DOG,N,1,6,29,NORMAL,JACK RUSS TERR,WHITE
07/14/2011,STRAY,OTC,CAT,S,2,0,0,NORMAL,DOMESTIC SH,TORBIE
07/14/2011,STRAY,OTC,CAT,S,2,0,0,NORMAL,DOMESTIC SH,BLACK
07/14/2011,EUTH REQ,NO SUBTYPE,CAT,N,2,6,18,INJURED,MAINE COON,BLUE TABBY
07/14/2011,OWNER SUR,OTC,CAT,S,3,0,0,NORMAL,DOMESTIC SH,BLUE TABBY
07/14/2011,STRAY,OTC,CAT,S,3,0,0,NORMAL,DOMESTIC SH,BLUE
07/14/2011,STRAY,FIELD,DOG,N,3,0,0,NORMAL,PIT BULL,BLACK
07/14/2011,STRAY,OTC,CAT,S,4,0,1,NORMAL,DOMESTIC SH,CALICO
07/14/2011,STRAY,OTC,CAT,S,4,0,1,NORMAL,DOMESTIC SH,BLACK
07/14/2011,STRAY,OTC,DOG,N,5,0,1,NORMAL,RHOD RIDGEBACK,BROWN
07/14/2011,PUBLIC AST,QUARANTINE,DOG,N,7,0,1,NORMAL,JACK RUSS TERR,WHITE
07/14/2011,OWNER SUR,OTC,CAT,N,8,0,2,NORMAL,DOMESTIC SH,BLUE
07/14/2011,PUBLIC AST,QUARANTINE,DOG,S,8,3,1,NORMAL,DACHSHUND,BLUE MERLE
07/14/2011,STRAY,OTC,DOG,S,10,0,2,NORMAL,MALTESE,WHITE
07/14/2011,OWNER SUR,OTC,CAT,N,11,0,2,NORMAL,DOMESTIC SH,BLACK
07/14/2011,OWNER SUR,OTC,CAT,N,11,0,2,NORMAL,DOMESTIC LH,BLACK
07/14/2011,OWNER SUR,OTC,CAT,S,12,0,3,NORMAL,DOMESTIC SH,BLACK
07/14/2011,STRAY,OTC,DOG,F,12,0,3,SICK,FINNISH SPITZ,RED
07/14/2011,EUTH REQ,OTC OWNED,DOG,F,13,0,3,AGED,LABRADOR RETR,YELLOW
07/15/2011,STRAY,OTC,DOG,S,0,0,7,NORMAL,GERM SHEPHERD,TAN
07/15/2011,STRAY,OTC,DOG,N,0,0,7,NORMAL,GERM SHEPHERD,TRICOLOR
07/15/2011,STRAY,OTC,DOG,N,0,0,7,NORMAL,GERM SHEPHERD,SABLE
07/15/2011,STRAY,OTC,DOG,N,0,0,7,NORMAL,GERM SHEPHERD,SABLE
07/15/2011,STRAY,OTC,DOG,N,0,0,7,NORMAL,GERM SHEPHERD,SABLE
07/15/2011,STRAY,OTC,DOG,N,0,0,7,NORMAL,GERM SHEPHERD,BLACK
07/15/2011,STRAY,OTC,DOG,S,0,0,7,NORMAL,GERM SHEPHERD,TRICOLOR
07/15/2011,STRAY,OTC,DOG,F,0,0,7,NORMAL,GERM SHEPHERD,AGOUTI
07/15/2011,STRAY,OTC,CAT,N,0,0,9,NURSING,DOMESTIC SH,WHITE
07/15/2011,STRAY,OTC,CAT,N,0,0,9,NURSING,DOMESTIC SH,WHITE
07/15/2011,STRAY,OTC,CAT,M,0,0,9,NURSING,DOMESTIC SH,ORG TABBY
07/15/2011,STRAY,OTC,CAT,S,0,0,9,NURSING,DOMESTIC SH,CALICO
07/15/2011,STRAY,OTC,CAT,N,0,1,15,NURSING,DOMESTIC SH,BRN TABBY
07/15/2011,OWNER SUR,OTC,CAT,M,0,1,6,NORMAL,DOMESTIC SH,BLACK
07/15/2011,OWNER SUR,OTC,CAT,N,0,1,6,NORMAL,DOMESTIC SH,BLACK
07/15/2011,OWNER SUR,OTC,CAT,M,0,1,7,NORMAL,DOMESTIC SH,ORG TABBY
07/15/2011,OWNER SUR,OTC,CAT,F,0,1,7,NORMAL,DOMESTIC SH,CREAM
07/15/2011,OWNER SUR,OTC,CAT,F,0,1,7,NORMAL,DOMESTIC LH,ORANGE
07/15/2011,OWNER SUR,OTC,CAT,F,0,2,15,NORMAL,DOMESTIC SH,TORTIE
07/15/2011,OWNER SUR,OTC,CAT,S,0,2,15,NORMAL,DOMESTIC SH,TORTIE
07/15/2011,OWNER SUR,OTC,CAT,N,0,2,15,NORMAL,DOMESTIC SH,ORG TABBY
07/15/2011,PUBLIC AST,QUARANTINE,CAT,S,0,2,20,INJURED,DOMESTIC SH,BLACK
07/15/2011,STRAY,OTC,CAT,F,0,2,22,SICK,DOMESTIC LH,BLACK
07/15/2011,STRAY,OTC,DOG,N,0,2,29,NORMAL,RHOD RIDGEBACK,TAN
07/15/2011,STRAY,OTC,CAT,S,0,2,0,NORMAL,MANX,BRN TABBY
07/15/2011,OWNER SUR,OTC,CAT,N,0,2,0,NORMAL,DOMESTIC SH,ORG TABBY
07/15/2011,OWNER SUR,OTC,CAT,S,0,2,0,NORMAL,DOMESTIC SH,TORTIE
07/15/2011,OWNER SUR,OTC,CAT,N,0,2,0,NORMAL,DOMESTIC SH,CRM TABBY
07/15/2011,STRAY,FIELD,DOG,S,0,2,12,NORMAL,POINTER,BLACK
07/15/2011,OWNER SUR,OTC,CAT,N,0,3,14,NORMAL,DOMESTIC SH,ORG TABBY
07/15/2011,OWNER SUR,OTC,CAT,S,0,3,15,NORMAL,SIAMESE,LYNX PT
07/15/2011,OWNER SUR,OTC,CAT,N,0,3,15,NORMAL,DOMESTIC SH,BRN TABBY
07/15/2011,OWNER SUR,OTC,CAT,N,0,3,15,NORMAL,DOMESTIC SH,BRN TABBY
07/15/2011,OWNER SUR,OTC,CAT,N,0,3,15,NORMAL,DOMESTIC MH,BRN TABBY
07/15/2011,OWNER SUR,OTC,CAT,N,0,3,15,NORMAL,DOMESTIC SH,BRN TABBY
07/15/2011,OWNER SUR,OTC,DOG,S,0,3,20,NORMAL,GERM SHEPHERD,BLACK
07/15/2011,OWNER SUR,OTC,DOG,N,0,3,20,NORMAL,ROTTWEILER,BLACK
07/15/2011,OWNER SUR,OTC,CAT,N,0,3,22,NORMAL,DOMESTIC SH,BLUE
07/15/2011,OWNER SUR,OTC,CAT,S,0,3,22,NORMAL,DOMESTIC SH,BLACK
07/15/2011,OWNER SUR,OTC,CAT,N,0,3,22,NORMAL,DOMESTIC SH,ORG TABBY
07/15/2011,OWNER SUR,OTC,DOG,N,0,3,22,NORMAL,GERM SHEPHERD,TAN
07/15/2011,OWNER SUR,OTC,DOG,N,0,3,22,NORMAL,ROTTWEILER,TRICOLOR
07/15/2011,OWNER SUR,OTC,CAT,S,0,3,22,NORMAL,DOMESTIC SH,BLACK
07/15/2011,OWNER SUR,OTC,DOG,N,0,3,22,NORMAL,LABRADOR RETR,TAN
07/15/2011,OWNER SUR,OTC,DOG,S,0,3,22,NORMAL,ROTTWEILER,TRICOLOR
07/15/2011,OWNER SUR,OTC,DOG,N,0,3,22,NORMAL,GERM SHEPHERD,BROWN
07/15/2011,STRAY,FIELD,DOG,N,0,3,25,NORMAL,ANATOL SHEPHERD,CREAM
07/15/2011,OWNER SUR,OTC,CAT,N,0,3,28,NORMAL,DOMESTIC SH,BLUE
07/15/2011,OWNER SUR,OTC,CAT,N,0,4,15,NORMAL,SIAMESE,LYNX PT
07/15/2011,STRAY,OTC,CAT,N,0,4,18,NORMAL,DOMESTIC SH,BRN TABBY
07/15/2011,OWNER SUR,OTC,CAT,S,0,4,27,NORMAL,DOMESTIC SH,TORTIE
07/15/2011,OWNER SUR,OTC,CAT,S,0,4,27,NORMAL,DOMESTIC SH,ORG TABBY
07/15/2011,OWNER SUR,OTC,CAT,S,0,4,28,NORMAL,DOMESTIC SH,TORBIE
07/15/2011,STRAY,FIELD,DOG,S,0,6,13,NORMAL,PIT BULL,BR BRINDLE
07/15/2011,STRAY,OTC,DOG,S,0,6,29,NORMAL,GERM SHEPHERD,TAN
07/15/2011,OWNER SUR,OTC,CAT,S,1,9,0,NORMAL,DOMESTIC SH,BRN TABBY
07/15/2011,STRAY,OTC,DOG,M,1,11,0,NORMAL,POODLE MIN,WHITE
07/15/2011,OWNER SUR,OTC,DOG,N,1,0,0,NORMAL,BRUSS GRIFFON,BLACK
07/15/2011,STRAY,OTC,DOG,N,1,6,0,NORMAL,DACHSHUND,RED
07/15/2011,STRAY,FIELD,DOG,S,1,6,29,NORMAL,PIT BULL,BR BRINDLE
07/15/2011,STRAY,OTC,DOG,S,1,6,29,NURSING,JACK RUSS TERR,BLACK
07/15/2011,OWNER SUR,OTC,DOG,N,1,6,29,NORMAL,PIT BULL,FAWN
07/15/2011,STRAY,OTC,DOG,N,2,0,0,NORMAL,BASSET HOUND,BLACK
07/15/2011,STRAY,FIELD,DOG,N,2,0,0,NORMAL,NORW ELKHOUND,SABLE
07/15/2011,OWNER SUR,OTC,DOG,S,2,0,0,NORMAL,PIT BULL,BR BRINDLE
07/15/2011,OWNER SUR,OTC,CAT,N,2,0,0,NORMAL,DOMESTIC SH,BRN TABBY
07/15/2011,STRAY,FIELD,DOG,N,3,6,0,NORMAL,GERM SHEPHERD,RED
07/15/2011,OWNER SUR,OTC,DOG,S,4,0,1,NORMAL,CHIHUAHUA SH,BROWN
07/15/2011,STRAY,OTC,DOG,S,4,0,1,NORMAL,POODLE MIN,BLACK
07/15/2011,STRAY,FIELD,DOG,S,6,0,26,NORMAL,BULLDOG,BR BRINDLE
07/15/2011,OWNER SUR,OTC,DOG,S,6,0,0,NORMAL,NORWICH TERRIER,BUFF
07/15/2011,PUBLIC AST,QUARANTINE,CAT,N,5,0,1,NORMAL,DOMESTIC SH,ORG TABBY
07/15/2011,PUBLIC AST,QUARANTINE,DOG,N,6,0,3,NORMAL,GOLDEN RETR,GOLD
07/15/2011,OWNER SUR,OTC,CAT,N,8,6,1,NORMAL,CYMRIC,BLUE
07/15/2011,STRAY,FIELD,DOG,N,9,0,1,INJURED,CHOW CHOW,BLACK
07/15/2011,STRAY,OTC,DOG,S,13,0,3,SICK,BOSTON TERRIER,BLACK
07/16/2011,STRAY,OTC,CAT,N,0,1,15,NURSING,DOMESTIC SH,WHITE
07/16/2011,STRAY,OTC,CAT,N,0,1,20,NORMAL,DOMESTIC SH,BLUE TABBY
07/16/2011,STRAY,OTC,DOG,S,0,1,13,NORMAL,LABRADOR RETR,BLACK
07/16/2011,STRAY,OTC,CAT,N,0,2,15,NORMAL,DOMESTIC SH,BLUE TABBY
07/16/2011,STRAY,OTC,DOG,S,0,2,0,NORMAL,YORKSHIRE TERR,BLACK
07/16/2011,STRAY,OTC,DOG,S,0,2,0,NORMAL,YORKSHIRE TERR,BLACK
07/16/2011,STRAY,OTC,CAT,N,0,2,10,NORMAL,DOMESTIC SH,LYNX PT
07/16/2011,STRAY,OTC,DOG,N,0,3,15,NORMAL,SIBERIAN HUSKY,BUFF
07/16/2011,STRAY,OTC,DOG,S,0,3,15,NORMAL,GERM SHEPHERD,RED
07/16/2011,STRAY,OTC,CAT,N,0,3,16,NORMAL,DOMESTIC SH,WHITE
07/16/2011,OWNER SUR,OTC,DOG,S,0,3,22,NORMAL,GERM SHEPHERD,BLACK
07/16/2011,OWNER SUR,OTC,DOG,F,0,3,22,NORMAL,GERM SHEPHERD,BLACK
07/16/2011,STRAY,OTC,CAT,S,0,3,0,NORMAL,DOMESTIC SH,LYNX PT
07/16/2011,STRAY,OTC,CAT,N,0,3,0,NORMAL,DOMESTIC SH,BLACK
07/16/2011,STRAY,OTC,CAT,S,0,3,0,NORMAL,DOMESTIC SH,BLACK
07/16/2011,OWNER SUR,OTC,DOG,S,0,4,6,SICK,CATAHOULA,BR BRINDLE
07/16/2011,PUBLIC AST,INVESTIGAT,CAT,N,0,5,28,NORMAL,DOMESTIC SH,CRM TABBY
07/16/2011,STRAY,OTC,DOG,S,0,6,29,NORMAL,BORDER COLLIE,SABLE
07/16/2011,STRAY,OTC,DOG,N,1,9,0,NORMAL,NORWICH TERRIER,TAN
07/16/2011,STRAY,OTC,DOG,N,1,9,0,NORMAL,PIT BULL,BLACK
07/16/2011,STRAY,OTC,DOG,S,1,9,0,NORMAL,LABRADOR RETR,BR BRINDLE
07/16/2011,STRAY,OTC,DOG,S,1,9,0,NORMAL,LABRADOR RETR,CHOCOLATE
07/16/2011,STRAY,FIELD,DOG,S,1,9,0,NORMAL,SIBERIAN HUSKY,BLACK
07/16/2011,STRAY,FIELD,DOG,M,1,0,0,INJURED,BRITTANY,BLACK
07/16/2011,OWNER SUR,OTC,DOG,S,1,2,0,NORMAL,PHARAOH HOUND,CHOCOLATE
07/16/2011,OWNER SUR,OTC,DOG,N,1,2,5,NORMAL,RHOD RIDGEBACK,RED
07/16/2011,PUBLIC AST,QUARANTINE,CAT,S,1,3,13,NORMAL,DOMESTIC LH,CALICO
07/16/2011,STRAY,OTC,CAT,N,2,0,0,NORMAL,DOMESTIC SH,ORG TABBY
07/16/2011,STRAY,OTC,DOG,S,2,0,0,NORMAL,GR SWISS MTN,BLACK
07/16/2011,OWNER SUR,OTC,DOG,N,3,7,16,SICK,GERM SHEPHERD,BLACK
07/16/2011,STRAY,OTC,DOG,S,3,9,28,NORMAL,PIT BULL,BLACK
07/16/2011,STRAY,FIELD,DOG,S,3,6,0,NORMAL,GERM SHEPHERD,GRAY
07/16/2011,STRAY,OTC,CAT,N,4,0,1,NORMAL,DOMESTIC SH,BLACK
07/16/2011,PUBLIC AST,QUARANTINE,DOG,N,5,0,5,NORMAL,LABRADOR RETR,TAN
07/16/2011,OWNER SUR,OTC,CAT,S,5,5,16,NORMAL,MAINE COON,BRN TABBY
07/16/2011,STRAY,OTC,DOG,N,7,0,24,NORMAL,CHIHUAHUA SH,TAN
07/16/2011,STRAY,OTC,DOG,S,7,0,1,NORMAL,RAT TERRIER,WHITE
07/16/2011,OWNER SUR,OTC,DOG,N,8,0,2,NORMAL,CHIHUAHUA SH,BUFF
07/16/2011,OWNER SUR,OTC,DOG,S,10,0,2,SICK,CHOW CHOW,RED
07/16/2011,OWNER SUR,OTC,DOG,F,11,0,2,NORMAL,MIN PINSCHER,BLACK
07/17/2011,STRAY,FIELD,CAT,U,0,0,1,NURSING,DOMESTIC SH,ORANGE
07/17/2011,STRAY,FIELD,CAT,U,0,0,1,NURSING,DOMESTIC SH,ORANGE
07/17/2011,STRAY,FIELD,CAT,U,0,0,1,NURSING,DOMESTIC SH,ORANGE
07/17/2011,STRAY,FIELD,DOG,F,0,0,6,NURSING,BEAGLE,BLACK
07/17/2011,STRAY,FIELD,DOG,F,0,0,6,NURSING,BEAGLE,BLACK
07/17/2011,STRAY,FIELD,DOG,F,0,0,6,NURSING,BEAGLE,BROWN
07/17/2011,STRAY,FIELD,DOG,M,0,0,6,NURSING,BEAGLE,WHITE
07/17/2011,STRAY,FIELD,DOG,F,0,0,6,NURSING,BEAGLE,BLACK
07/17/2011,STRAY,FIELD,CAT,N,0,0,9,NURSING,DOMESTIC SH,BRN TABBY
07/17/2011,STRAY,FIELD,CAT,S,0,0,9,NURSING,DOMESTIC SH,BRN TABBY
07/17/2011,STRAY,FIELD,CAT,S,0,0,9,NURSING,DOMESTIC SH,BLACK
07/17/2011,STRAY,FIELD,CAT,N,0,0,9,NURSING,DOMESTIC SH,BLACK
07/17/2011,STRAY,FIELD,CAT,S,0,0,9,NURSING,DOMESTIC SH,GRAY TABBY
07/17/2011,STRAY,OTC,CAT,S,0,1,7,NORMAL,DOMESTIC SH,CALICO
07/17/2011,STRAY,OTC,CAT,S,0,1,7,NORMAL,DOMESTIC SH,BLACK
07/17/2011,STRAY,OTC,DOG,N,0,2,22,NORMAL,BORDER COLLIE,BLACK
07/17/2011,OWNER SUR,OTC,CAT,N,0,3,15,NORMAL,DOMESTIC SH,ORG TABBY
07/17/2011,OWNER SUR,OTC,CAT,N,0,3,15,NORMAL,DOMESTIC SH,ORG TABBY
07/17/2011,OWNER SUR,RETURN,CAT,N,0,3,15,NORMAL,DOMESTIC SH,BRN TABBY
07/17/2011,STRAY,OTC,CAT,S,0,3,22,NORMAL,DOMESTIC SH,BLK SMOKE
07/17/2011,STRAY,OTC,CAT,S,0,3,22,NORMAL,DOMESTIC SH,BLACK
07/17/2011,STRAY,OTC,CAT,S,0,3,22,NORMAL,DOMESTIC SH,BLUE
07/17/2011,STRAY,OTC,CAT,N,0,3,22,NORMAL,DOMESTIC SH,BLK SMOKE
07/17/2011,STRAY,OTC,DOG,N,0,5,29,NORMAL,LABRADOR RETR,BLACK
07/17/2011,STRAY,OTC,DOG,S,0,5,29,NORMAL,LABRADOR RETR,BLACK
07/17/2011,STRAY,OTC,DOG,N,0,5,29,NORMAL,LABRADOR RETR,BROWN
07/17/2011,STRAY,FIELD,DOG,N,0,6,23,NORMAL,DACHSHUND,BLACK
07/17/2011,STRAY,OTC,DOG,N,1,8,0,NORMAL,PIT BULL,BLUE
07/17/2011,STRAY,OTC,DOG,S,1,8,0,NORMAL,PIT BULL,BLUE
07/17/2011,PUBLIC AST,QUARANTINE,DOG,M,1,9,0,NORMAL,POMERANIAN,BROWN
07/17/2011,STRAY,OTC,DOG,N,1,11,0,NORMAL,BOXER,BROWN
07/17/2011,STRAY,OTC,DOG,M,2,0,0,NORMAL,PEKINGESE,BROWN
07/17/2011,STRAY,OTC,DOG,M,2,0,0,NORMAL,PEKINGESE,BROWN
07/17/2011,STRAY,OTC,DOG,M,1,0,0,NORMAL,CHIHUAHUA SH,BLACK
07/17/2011,STRAY,FIELD,DOG,F,1,4,1,NURSING,BEAGLE,BLACK
07/17/2011,OWNER SUR,OTC,DOG,S,2,6,9,NORMAL,CATAHOULA,BROWN
07/17/2011,PUBLIC AST,QUARANTINE,DOG,N,2,10,16,NORMAL,LABRADOR RETR,WHITE
07/17/2011,STRAY,OTC,DOG,N,3,0,29,NORMAL,SIBERIAN HUSKY,BLACK
07/17/2011,STRAY,FIELD,DOG,M,2,0,0,NORMAL,LABRADOR RETR,BROWN
07/17/2011,STRAY,OTC,DOG,S,2,0,0,NORMAL,CATAHOULA,BLUE MERLE
07/17/2011,STRAY,OTC,CAT,S,2,0,0,NORMAL,EXOTIC SH,BLACK
07/17/2011,OWNER SUR,RETURN,DOG,N,2,1,12,NORMAL,PIT BULL,WHITE
07/17/2011,STRAY,FIELD,DOG,S,3,0,0,NORMAL,BASSET HOUND,WHITE
07/17/2011,STRAY,OTC,CAT,N,3,0,0,NORMAL,DOMESTIC SH,BRN TABBY
07/17/2011,STRAY,OTC,DOG,S,3,1,15,NORMAL,CHIHUAHUA SH,TAN
07/17/2011,OWNER SUR,OTC,DOG,N,3,6,29,NORMAL,AUST CATTLE DOG,BLACK
07/17/2011,STRAY,OTC,CAT,N,4,6,2,NORMAL,DOMESTIC LH,BRN TABBY
07/17/2011,OWNER SUR,OTC,DOG,N,4,0,1,NORMAL,COLLIE SMOOTH,BROWN
07/17/2011,OWNER SUR,OTC,DOG,N,4,2,7,NORMAL,GREAT PYRENEES,WHITE
07/17/2011,STRAY,OTC,DOG,N,4,3,27,NORMAL,WELSH CORGI CAR,TRICOLOR
07/18/2011,STRAY,OTC,CAT,F,0,2,15,INJURED,DOMESTIC SH,BLUE
07/18/2011,STRAY,EMERG CLC,CAT,U,0,2,0,INJURED,DOMESTIC MH,GRAY
07/18/2011,OWNER SUR,OTC,DOG,N,0,2,0,NORMAL,DACHSHUND,BROWN
07/18/2011,OWNER SUR,OTC,DOG,S,0,2,0,NORMAL,DACHSHUND,BROWN
07/18/2011,OWNER SUR,OTC,DOG,S,0,2,0,NORMAL,DACHSHUND,BROWN
07/18/2011,OWNER SUR,OTC,DOG,N,0,2,0,NORMAL,DACHSHUND,BROWN
07/18/2011,OWNER SUR,OTC,DOG,N,0,2,0,NORMAL,DACHSHUND,TAN
07/18/2011,OWNER SUR,OTC,DOG,S,0,2,0,NORMAL,DACHSHUND,BROWN
07/18/2011,STRAY,OTC,DOG,N,0,2,0,NORMAL,PLOTT HOUND,BR BRINDLE
07/18/2011,STRAY,OTC,DOG,M,0,3,15,SICK,FOX TERR SMOOTH,WHITE
07/18/2011,STRAY,OTC,CAT,N,0,3,15,NORMAL,DOMESTIC MH,BLACK
07/18/2011,STRAY,OTC,CAT,N,0,3,15,NORMAL,DOMESTIC SH,BLACK
07/18/2011,STRAY,OTC,CAT,N,0,3,0,NORMAL,DOMESTIC SH,BRN TABBY
07/18/2011,STRAY,OTC,CAT,N,0,3,0,NORMAL,DOMESTIC SH,BLUE
07/18/2011,OWNER SUR,OTC,CAT,S,0,3,0,NORMAL,DOMESTIC SH,ORG TABBY
07/18/2011,STRAY,OTC,DOG,S,0,4,1,NORMAL,POODLE MIN,BUFF
07/18/2011,PUBLIC AST,QUARANTINE,DOG,N,0,4,1,NORMAL,CHIHUAHUA SH,BLACK
07/18/2011,OWNER SUR,OTC,DOG,S,0,6,27,NORMAL,STAFFORDSHIRE,BLACK
07/18/2011,STRAY,OTC,CAT,S,0,6,29,NORMAL,DOMESTIC SH,CALICO
07/18/2011,PUBLIC AST,QUARANTINE,DOG,S,1,6,2,NORMAL,CHIHUAHUA SH,BLACK
07/18/2011,OWNER SUR,OTC,DOG,S,1,7,17,NORMAL,AUST CATTLE DOG,BLUE MERLE
07/18/2011,STRAY,OTC,DOG,S,1,8,0,NORMAL,TOY FOX TERRIER,WHITE
07/18/2011,STRAY,OTC,DOG,N,1,9,0,NORMAL,CHIHUAHUA SH,BROWN
07/18/2011,OWNER SUR,OTC,DOG,N,1,11,0,NORMAL,LABRADOR RETR,BLACK
07/18/2011,OWNER SUR,OTC,CAT,S,2,0,0,NORMAL,DOMESTIC SH,BLACK
07/18/2011,OWNER SUR,FIELD,DOG,N,1,6,29,NORMAL,AMER BULLDOG,WHITE
07/18/2011,STRAY,OTC,DOG,N,2,0,0,NORMAL,PIT BULL,BLUE
07/18/2011,STRAY,FIELD,CAT,N,2,0,0,INJURED,DOMESTIC SH,BLACK
07/18/2011,STRAY,FIELD,DOG,S,2,0,0,NORMAL,AM PIT BULL TER,WHITE
07/18/2011,OWNER SUR,OTC,DOG,S,2,3,14,NORMAL,BOXER,RED
07/18/2011,OWNER SUR,OTC,DOG,S,2,6,29,INJURED,AMERICAN STAFF,FAWN
07/18/2011,STRAY,OTC,CAT,S,4,0,21,NORMAL,DOMESTIC SH,BRN TABBY
07/18/2011,OWNER SUR,OTC,DOG,N,3,0,0,NORMAL,POODLE MIN,WHITE
07/18/2011,OWNER SUR,OTC,CAT,N,3,0,0,NORMAL,DOMESTIC SH,ORG TABBY
07/18/2011,OWNER SUR,OTC,DOG,N,3,0,0,NORMAL,RAT TERRIER,BROWN
07/18/2011,OWNER SUR,OTC,DOG,S,5,0,0,NORMAL,BEAGLE,TRICOLOR
07/18/2011,PUBLIC AST,QUARANTINE,DOG,S,5,1,12,NORMAL,PIT BULL,TAN
07/18/2011,STRAY,EMERG CLC,CAT,F,6,0,1,SICK,DOMESTIC MH,BLACK
07/18/2011,PUBLIC AST,QUARANTINE,DOG,M,6,1,11,NORMAL,PIT BULL,BLACK
07/18/2011,STRAY,FIELD,CAT,S,8,6,0,INJURED,DOMESTIC SH,BLACK
07/18/2011,STRAY,OTC,DOG,F,9,0,2,INJURED,WELSH CORGI CAR,WHITE
07/18/2011,STRAY,OTC,DOG,M,11,0,2,INJURED,POMERANIAN,BUFF
07/18/2011,OWNER SUR,OTC,CAT,N,11,0,2,INJURED,DOMESTIC SH,BRN TABBY
07/18/2011,STRAY,FIELD,CAT,S,12,0,2,NORMAL,DOMESTIC SH,TORBIE
07/19/2011,STRAY,EMERG CLC,DOG,N,0,2,15,INJURED,CHIHUAHUA SH,CHOCOLATE
07/19/2011,STRAY,OTC,CAT,N,0,2,24,NORMAL,MANX,BRN TABBY
07/19/2011,PUBLIC AST,OIJ,DOG,M,1,9,0,NORMAL,CAIRN TERRIER,GRAY
07/19/2011,STRAY,FIELD,DOG,N,2,0,28,NORMAL,GERM SHEPHERD,BLACK
07/19/2011,STRAY,OTC,DOG,N,1,0,0,NORMAL,AM PIT BULL TER,BLUE
07/19/2011,STRAY,OTC,CAT,S,1,1,15,NORMAL,DOMESTIC SH,BLACK
07/19/2011,STRAY,EMERG CLC,DOG,S,1,6,29,INJURED,FOX TERR WIRE,TAN
07/19/2011,OWNER SUR,OTC,CAT,S,2,0,0,NORMAL,DOMESTIC SH,ORG TABBY
07/19/2011,OWNER SUR,OTC,CAT,N,3,0,0,NORMAL,DOMESTIC SH,ORG TABBY
07/19/2011,OWNER SUR,OTC,DOG,N,3,0,0,NORMAL,GERM SHEPHERD,TRICOLOR
07/19/2011,STRAY,FIELD,DOG,N,3,0,0,NORMAL,BULLDOG,BROWN
07/19/2011,STRAY,FIELD,DOG,S,3,0,0,NORMAL,GERM SHEPHERD,BROWN
07/19/2011,STRAY,OTC,DOG,N,9,9,9,NORMAL,FLAT COAT RETR,BLACK
07/19/2011,OWNER SUR,OTC,DOG,N,9,11,5,NORMAL,PUG,BLACK
07/19/2011,STRAY,OTC,DOG,N,10,0,16,NORMAL,RHOD RIDGEBACK,BROWN
07/19/2011,STRAY,FIELD,DOG,S,9,1,3,NORMAL,ENG POINTER,WHITE
07/19/2011,EUTH REQ,NO SUBTYPE,CAT,F,10,0,2,SICK,DOMESTIC SH,BRN TABBY
07/19/2011,STRAY,OTC,CAT,N,10,0,2,NORMAL,BENGAL,RED
07/19/2011,STRAY,OTC,DOG,S,10,0,2,NORMAL,SHIH TZU,WHITE
07/20/2011,STRAY,OTC,CAT,S,0,1,15,NURSING,DOMESTIC SH,TORBIE
07/20/2011,STRAY,OTC,CAT,S,0,1,15,NURSING,DOMESTIC SH,TORTIE
07/20/2011,STRAY,OTC,CAT,N,0,1,15,NURSING,DOMESTIC SH,ORG TABBY
07/20/2011,STRAY,OTC,CAT,S,0,1,15,NURSING,SIAMESE,SEAL PT
07/20/2011,STRAY,OTC,CAT,S,0,1,15,NURSING,DOMESTIC SH,BLACK
07/20/2011,STRAY,OTC,CAT,S,0,1,15,NURSING,DOMESTIC SH,LYNX PT
07/20/2011,OWNER SUR,OTC,DOG,M,0,2,22,SICK,CHIHUAHUA LH,TAN
07/20/2011,STRAY,OTC,CAT,N,0,2,22,NORMAL,DOMESTIC SH,BRN TABBY
07/20/2011,OWNER SUR,OTC,DOG,M,0,2,0,NORMAL,SHIH TZU,SABLE
07/20/2011,OWNER SUR,OTC,DOG,S,0,2,0,NORMAL,SHIH TZU,SABLE
07/20/2011,OWNER SUR,OTC,DOG,N,0,2,0,NORMAL,SHIH TZU,SABLE
07/20/2011,STRAY,OTC,DOG,N,0,2,0,NORMAL,LABRADOR RETR,BLACK
07/20/2011,STRAY,FIELD,DOG,S,0,2,0,NORMAL,PIT BULL,TAN
07/20/2011,STRAY,FIELD,DOG,N,0,3,15,NORMAL,AMER BULLDOG,WHITE
07/20/2011,STRAY,OTC,CAT,N,0,4,1,INJURED,DOMESTIC SH,BRN TABBY
07/20/2011,STRAY,FIELD,DOG,S,1,8,0,NORMAL,POINTER,BLACK
07/20/2011,STRAY,OTC,DOG,S,1,9,0,NORMAL,BORDER COLLIE,BLUE MERLE
07/20/2011,STRAY,OTC,DOG,S,1,10,26,NORMAL,BOSTON TERRIER,BR BRINDLE
07/20/2011,OWNER SUR,OTC,DOG,N,1,11,0,NORMAL,WHIPPET,TAN
07/20/2011,STRAY,OTC,DOG,S,1,11,0,NORMAL,RAT TERRIER,TRICOLOR
07/20/2011,STRAY,FIELD,DOG,F,1,11,27,NORMAL,PIT BULL,BROWN
07/20/2011,STRAY,OTC,DOG,N,2,0,28,NORMAL,BOXER,RED
07/20/2011,OWNER SUR,OTC,DOG,N,1,0,0,NORMAL,CHIHUAHUA LH,WHITE
07/20/2011,PUBLIC AST,QUARANTINE,CAT,S,1,0,0,NORMAL,DOMESTIC SH,BRN TABBY
07/20/2011,STRAY,OTC,DOG,M,1,1,15,NORMAL,PIT BULL,BLACK
07/20/2011,PUBLIC AST,INVESTIGAT,DOG,S,2,0,0,NORMAL,PIT BULL,BROWN
07/20/2011,STRAY,FIELD,DOG,N,2,0,0,NORMAL,ROTTWEILER,BLACK
07/20/2011,STRAY,FIELD,DOG,N,2,0,0,NORMAL,BORDER TERRIER,WHITE
07/20/2011,STRAY,FIELD,DOG,S,2,0,0,NORMAL,SCHNAUZER STAND,WHITE
07/20/2011,OWNER SUR,FIELD,DOG,F,2,0,0,NORMAL,PIT BULL,BR BRINDLE
07/20/2011,STRAY,OTC,DOG,N,3,0,0,NORMAL,GERM SHEPHERD,TRICOLOR
07/20/2011,OWNER SUR,OTC,DOG,N,3,6,0,NORMAL,PIT BULL,BLUE
07/20/2011,STRAY,OTC,DOG,S,5,0,28,NORMAL,BOSTON TERRIER,BR BRINDLE
07/20/2011,OWNER SUR,OTC,DOG,N,4,0,1,NORMAL,PIT BULL,BROWN
07/20/2011,STRAY,FIELD,DOG,N,4,3,12,NORMAL,BOXER,BR BRINDLE
07/20/2011,STRAY,FIELD,DOG,S,5,0,0,INJURED,LABRADOR RETR,CHOCOLATE
07/20/2011,OWNER SUR,OTC,CAT,S,5,0,1,NORMAL,DOMESTIC SH,WHITE
07/20/2011,STRAY,OTC,CAT,N,5,0,1,SICK,DOMESTIC SH,BLACK
07/20/2011,STRAY,OTC,CAT,S,7,0,21,NURSING,DOMESTIC MH,TORBIE
07/20/2011,STRAY,OTC,DOG,S,10,0,26,NORMAL,BLOODHOUND,CREAM
07/20/2011,STRAY,OTC,DOG,M,9,0,2,SICK,GREAT PYRENEES,WHITE
07/20/2011,OWNER SUR,OTC,CAT,S,12,0,3,SICK,DOMESTIC SH,CALICO
07/20/2011,STRAY,OTC,CAT,N,13,0,3,AGED,DOMESTIC SH,CHOCOLATE
07/21/2011,STRAY,OTC,CAT,N,0,0,7,SICK,DOMESTIC SH,BLK SMOKE
07/21/2011,STRAY,FOUND IN,CAT,N,0,0,7,NURSING,DOMESTIC SH,BLUE TABBY
07/21/2011,STRAY,OTC,CAT,N,0,0,7,NURSING,DOMESTIC SH,BLACK
07/21/2011,STRAY,OTC,CAT,F,0,0,7,NURSING,DOMESTIC SH,CALICO
07/21/2011,STRAY,OTC,CAT,F,0,0,7,NURSING,DOMESTIC SH,WHITE
07/21/2011,STRAY,OTC,CAT,F,0,0,7,NURSING,DOMESTIC SH,BRN TABBY
07/21/2011,STRAY,OTC,CAT,S,0,1,24,NORMAL,DOMESTIC SH,BRN TABBY
07/21/2011,STRAY,OTC,CAT,N,0,1,24,NORMAL,DOMESTIC SH,BRN TABBY
07/21/2011,STRAY,OTC,CAT,N,0,1,7,NORMAL,DOMESTIC SH,BRN TABBY
07/21/2011,OWNER SUR,OTC,CAT,N,0,1,7,NURSING,DOMESTIC SH,BRN TABBY
07/21/2011,STRAY,OTC,CAT,N,0,2,15,NORMAL,SIAMESE,LYNX PT
07/21/2011,STRAY,OTC,CAT,M,0,2,15,NORMAL,SIAMESE,LYNX PT
07/21/2011,OWNER SUR,OTC,CAT,S,0,2,17,NURSING,DOMESTIC SH,CALICO
07/21/2011,OWNER SUR,OTC,CAT,N,0,2,17,NURSING,DOMESTIC SH,BLUE TABBY
07/21/2011,OWNER SUR,OTC,CAT,N,0,2,19,NURSING,DOMESTIC SH,BLUE TABBY
07/21/2011,OWNER SUR,OTC,DOG,N,0,2,0,SICK,LABRADOR RETR,CHOCOLATE
07/21/2011,STRAY,OTC,CAT,N,0,2,7,NORMAL,DOMESTIC SH,ORG TABBY
07/21/2011,OWNER SUR,OTC,DOG,N,0,3,15,NORMAL,GERM SHEPHERD,BLACK
07/21/2011,STRAY,FIELD,DOG,S,0,3,17,NORMAL,WEIMARANER,BLUE
07/21/2011,STRAY,FIELD,DOG,S,0,3,17,NORMAL,GERM SH POINT,BLACK
07/21/2011,STRAY,FIELD,DOG,S,0,3,17,NORMAL,VIZSLA,BLACK
07/21/2011,STRAY,FIELD,DOG,N,0,3,17,NORMAL,VIZSLA,TAN
07/21/2011,OWNER SUR,OTC,DOG,S,0,3,20,NORMAL,GREAT PYRENEES,WHITE
07/21/2011,OWNER SUR,OTC,DOG,S,0,3,22,NORMAL,GREAT PYRENEES,WHITE
07/21/2011,STRAY,OTC,DOG,S,0,3,0,SICK,SCHNAUZER MIN,BLACK
07/21/2011,STRAY,FIELD,DOG,S,0,3,0,NORMAL,VIZSLA,BLUE
07/21/2011,OWNER SUR,OTC,DOG,N,0,4,16,NORMAL,LABRADOR RETR,CHOCOLATE
07/21/2011,STRAY,OTC,CAT,S,0,4,1,NORMAL,DOMESTIC SH,BRN TABBY
07/21/2011,STRAY,OTC,DOG,M,0,5,15,NORMAL,LABRADOR RETR,CHOCOLATE
07/21/2011,STRAY,OTC,DOG,S,0,6,29,NORMAL,PIT BULL,WHITE
07/21/2011,STRAY,OTC,DOG,S,1,8,0,NORMAL,ROTTWEILER,BLACK
07/21/2011,STRAY,OTC,DOG,S,1,8,0,NORMAL,RHOD RIDGEBACK,BROWN
07/21/2011,OWNER SUR,OTC,DOG,M,1,0,0,NORMAL,PIT BULL,BLUE
07/21/2011,OWNER SUR,OTC,DOG,N,1,0,0,NORMAL,GERM SHEPHERD,BROWN
07/21/2011,STRAY,OTC,DOG,S,1,0,0,NORMAL,PIT BULL,WHITE
07/21/2011,STRAY,OTC,DOG,S,1,0,0,NORMAL,BORDER TERRIER,TAN
07/21/2011,STRAY,OTC,DOG,N,1,0,0,NORMAL,CHOW CHOW,RED
07/21/2011,OWNER SUR,OTC,CAT,S,1,0,0,NURSING,DOMESTIC SH,BLUE TABBY
07/21/2011,STRAY,OTC,DOG,N,2,0,0,NORMAL,GERM SHEPHERD,BROWN
07/21/2011,OWNER SUR,OTC,DOG,M,2,0,0,NORMAL,CHIHUAHUA SH,RED
07/21/2011,OWNER SUR,OTC,DOG,N,2,0,0,NORMAL,CHIHUAHUA SH,RED
07/21/2011,OWNER SUR,RETURN,DOG,N,2,3,9,NORMAL,BULL TERRIER,BLUE
07/21/2011,STRAY,OTC,CAT,S,3,0,0,NURSING,DOMESTIC SH,CALICO
07/21/2011,OWNER SUR,OTC,DOG,S,4,0,1,NORMAL,CHIHUAHUA SH,RED
07/21/2011,OWNER SUR,OTC,CAT,S,4,0,1,NORMAL,SNOWSHOE,SEAL PT
07/21/2011,STRAY,OTC,DOG,N,5,0,1,NORMAL,PAPILLON,WHITE
07/21/2011,STRAY,OTC,DOG,N,5,0,1,NORMAL,YORKSHIRE TERR,GRAY
07/21/2011,STRAY,OTC,DOG,N,5,0,1,NORMAL,GOLDEN RETR,TAN
07/21/2011,EUTH REQ,NO SUBTYPE,DOG,F,8,10,27,NORMAL,GERM SHEPHERD,BLACK
07/21/2011,STRAY,OTC,DOG,S,9,0,2,NORMAL,JACK RUSS TERR,WHITE
07/21/2011,OWNER SUR,OTC,CAT,S,12,0,3,NORMAL,DOMESTIC SH,ORG TABBY
07/21/2011,PUBLIC AST,EMERGENCY,CAT,S,12,0,3,NORMAL,DOMESTIC SH,BLACK
07/21/2011,OWNER SUR,OTC,CAT,S,14,0,3,NORMAL,DOMESTIC SH,BRN TABBY
07/22/2011,STRAY,OTC,DOG,S,0,2,0,NORMAL,YORKSHIRE TERR,BLACK
07/22/2011,STRAY,FIELD,DOG,N,0,2,7,NORMAL,LABRADOR RETR,BLACK
07/22/2011,STRAY,FIELD,DOG,N,0,2,7,NORMAL,LABRADOR RETR,BLACK
07/22/2011,OWNER SUR,RETURN,CAT,N,0,3,5,NORMAL,DOMESTIC SH,BLACK
07/22/2011,STRAY,OTC,CAT,S,0,4,15,NORMAL,DOMESTIC SH,TORBIE
07/22/2011,STRAY,OTC,CAT,N,0,4,1,NORMAL,DOMESTIC MH,BLACK
07/22/2011,STRAY,OTC,DOG,S,0,4,1,NORMAL,JACK RUSS TERR,WHITE
07/22/2011,STRAY,FOUND IN,DOG,S,0,4,2,NORMAL,PIT BULL,WHITE
07/22/2011,PUBLIC AST,QUARANTINE,DOG,N,0,5,21,NORMAL,CHIHUAHUA SH,TAN
07/22/2011,EUTH REQ,OTC OWNED,DOG,M,0,5,29,INJURED,GERM SHEPHERD,WHITE
07/22/2011,STRAY,FIELD,CAT,U,0,6,29,INJURED,DOMESTIC SH,GRAY TABBY
07/22/2011,STRAY,FIELD,CAT,U,0,6,29,INJURED,DOMESTIC SH,GRAY TABBY
07/22/2011,STRAY,OTC,CAT,S,1,9,0,NORMAL,SIAMESE,LYNX PT
07/22/2011,STRAY,FIELD,DOG,N,1,6,29,INJURED,AMERICAN STAFF,FAWN
07/22/2011,OWNER SUR,OTC,DOG,N,2,9,0,NORMAL,LABRADOR RETR,BLACK
07/22/2011,STRAY,OTC,DOG,S,2,0,0,NORMAL,PIT BULL,BLUE
07/22/2011,OWNER SUR,OTC,DOG,S,2,0,0,NORMAL,CHIHUAHUA SH,BROWN
07/22/2011,STRAY,FIELD,DOG,N,2,0,0,NORMAL,CHIHUAHUA LH,BLACK
07/22/2011,OWNER SUR,FIELD,DOG,M,2,0,0,NORMAL,GERM SHEPHERD,BLACK
07/22/2011,STRAY,FIELD,DOG,S,3,0,0,NORMAL,GOLDEN RETR,RED
07/22/2011,STRAY,OTC,DOG,M,3,0,0,NORMAL,HARRIER,TAN
07/22/2011,OWNER SUR,OTC,CAT,N,5,0,1,NORMAL,DOMESTIC SH,BRN TABBY
07/22/2011,OWNER SUR,OTC,DOG,N,5,5,11,NORMAL,PARSON RUSS TER,WHITE
07/22/2011,OWNER SUR,OTC,DOG,S,6,9,27,NORMAL,PIT BULL,TAN
07/22/2011,OWNER SUR,OTC,DOG,S,8,0,2,NORMAL,LABRADOR RETR,BLACK
07/22/2011,PUBLIC AST,EMERGENCY,DOG,S,12,0,3,OTHER,FOX TERR SMOOTH,WHITE
07/22/2011,PUBLIC AST,QUARANTINE,DOG,N,12,2,10,NORMAL,BOSTON TERRIER,BLACK
07/23/2011,STRAY,OTC,DOG,S,0,3,15,NORMAL,CATAHOULA,BR BRINDLE
07/23/2011,OWNER SUR,OTC,CAT,N,0,3,0,NORMAL,SIAMESE,LYNX PT
07/23/2011,OWNER SUR,OTC,CAT,S,0,3,0,NORMAL,SIAMESE,BLUE PT
07/23/2011,OWNER SUR,OTC,CAT,N,0,3,0,NORMAL,SIAMESE,SEAL PT
07/23/2011,OWNER SUR,OTC,CAT,N,0,3,0,NORMAL,SIAMESE,SEAL PT
07/23/2011,OWNER SUR,OTC,CAT,N,0,3,0,NORMAL,SIAMESE,SEAL PT
07/23/2011,OWNER SUR,OTC,CAT,N,0,3,0,NORMAL,DOMESTIC SH,BLACK
07/23/2011,STRAY,OTC,CAT,S,0,4,1,SICK,DOMESTIC SH,BLUE CREAM
07/23/2011,STRAY,OTC,DOG,N,0,6,13,NORMAL,CATAHOULA,BLACK
07/23/2011,STRAY,OTC,DOG,S,0,6,13,NORMAL,CATAHOULA,BRN MERLE
07/23/2011,STRAY,OTC,DOG,N,0,6,29,NORMAL,POODLE MIN,APRICOT
07/23/2011,STRAY,OTC,DOG,S,0,6,29,NORMAL,PIT BULL,FAWN
07/23/2011,OWNER SUR,OTC,DOG,N,1,10,1,NORMAL,AMER BULLDOG,BLACK
07/23/2011,STRAY,OTC,DOG,N,1,11,0,NORMAL,POODLE MIN,WHITE
07/23/2011,STRAY,FIELD,DOG,M,1,11,0,NORMAL,PIT BULL,BLACK
07/23/2011,STRAY,FIELD,DOG,S,1,0,0,INJURED,PIT BULL,BROWN
07/23/2011,OWNER SUR,OTC,DOG,S,1,0,0,NORMAL,MALTESE,WHITE
07/23/2011,STRAY,OTC,DOG,S,1,6,22,NORMAL,CHIHUAHUA SH,TAN
07/23/2011,OWNER SUR,OTC,CAT,S,1,6,29,NORMAL,DOMESTIC SH,BRN TABBY
07/23/2011,STRAY,OTC,DOG,M,2,0,0,NORMAL,BOXER,TAN
07/23/2011,STRAY,OTC,DOG,N,2,0,0,NORMAL,PIT BULL,WHITE
07/23/2011,STRAY,FIELD,CAT,N,2,0,0,INJURED,AMER SH,BRN TABBY
07/23/2011,PUBLIC AST,QUARANTINE,DOG,S,2,0,0,NORMAL,JACK RUSS TERR,WHITE
07/23/2011,OWNER SUR,OTC,DOG,S,2,0,0,NORMAL,AUST CATTLE DOG,SABLE
07/23/2011,OWNER SUR,OTC,DOG,S,2,1,17,NORMAL,BOXER,TAN
07/23/2011,STRAY,OTC,DOG,N,2,4,7,NORMAL,SHIH TZU,TAN
07/23/2011,STRAY,FIELD,DOG,S,2,6,29,INJURED,GOLDEN RETR,GOLD
07/23/2011,STRAY,OTC,DOG,N,3,0,0,NORMAL,CAIRN TERRIER,TAN
07/23/2011,STRAY,OTC,CAT,S,3,0,0,NORMAL,DOMESTIC SH,BLACK
07/23/2011,STRAY,OTC,DOG,S,3,0,0,NORMAL,LABRADOR RETR,TAN
07/23/2011,STRAY,OTC,DOG,N,3,6,0,NORMAL,LABRADOR RETR,CREAM
07/23/2011,STRAY,OTC,DOG,N,4,0,1,NORMAL,LABRADOR RETR,BUFF
07/23/2011,STRAY,OTC,DOG,N,4,0,1,NORMAL,DACHSHUND,BROWN
07/23/2011,OWNER SUR,OTC,DOG,S,4,0,1,NORMAL,SWED VALLHUND,BROWN
07/23/2011,PUBLIC AST,QUARANTINE,DOG,N,4,0,10,NORMAL,AUST SHEPHERD,WHITE
07/23/2011,OWNER SUR,OTC,DOG,N,5,0,1,NORMAL,CAIRN TERRIER,BLACK
07/23/2011,STRAY,OTC,DOG,S,5,0,1,NORMAL,BORDER COLLIE,BLACK
07/23/2011,PUBLIC AST,QUARANTINE,DOG,N,7,0,27,NORMAL,CHIHUAHUA SH,BROWN
07/23/2011,STRAY,OTC,DOG,S,6,0,1,NORMAL,COCKER SPAN,BLACK
07/23/2011,OWNER SUR,OTC,DOG,M,8,0,2,NORMAL,LABRADOR RETR,CHOCOLATE
07/23/2011,STRAY,OTC,DOG,S,9,0,2,NORMAL,PIT BULL,WHITE
07/23/2011,OWNER SUR,OTC,DOG,S,9,0,2,NORMAL,LABRADOR RETR,YELLOW
07/23/2011,PUBLIC AST,QUARANTINE,DOG,N,11,0,25,NORMAL,DACHSHUND,BLACK
07/23/2011,STRAY,OTC,DOG,N,13,9,2,NORMAL,LABRADOR RETR,WHITE
07/23/2011,OWNER SUR,OTC,DOG,N,13,0,3,NORMAL,WELSH CORGI PEM,BLACK
07/23/2011,STRAY,OTC,DOG,F,17,0,4,SICK,CHIHUAHUA SH,TAN
07/24/2011,BORN IN,SHELTER,DOG,N,0,0,-3,NURSING,PIT BULL,BLACK
07/24/2011,BORN IN,SHELTER,DOG,N,0,0,-3,NURSING,PIT BULL,BLACK
07/24/2011,BORN IN,SHELTER,DOG,S,0,0,-3,NURSING,PIT BULL,BLACK
07/24/2011,BORN IN,SHELTER,DOG,N,0,0,-3,NURSING,PIT BULL,BLACK
07/24/2011,BORN IN,SHELTER,DOG,N,0,0,-3,NURSING,PIT BULL,BLACK
07/24/2011,BORN IN,SHELTER,DOG,S,0,0,-3,NURSING,PIT BULL,TRICOLOR
07/24/2011,BORN IN,SHELTER,DOG,S,0,0,-3,NURSING,PIT BULL,BROWN
07/24/2011,BORN IN,SHELTER,DOG,N,0,0,-3,NURSING,PIT BULL,WHITE
07/24/2011,STRAY,OTC,CAT,F,0,0,2,NURSING,DOMESTIC SH,BLACK
07/24/2011,STRAY,OTC,CAT,M,0,0,2,NURSING,DOMESTIC SH,BLUE
07/24/2011,OWNER SUR,OTC,CAT,F,0,1,8,NORMAL,DOMESTIC SH,TORBIE
07/24/2011,STRAY,OTC,CAT,N,0,1,10,SICK,DOMESTIC MH,BRN TABBY
07/24/2011,PUBLIC AST,QUARANTINE,CAT,F,0,2,15,SICK,DOMESTIC SH,ORG TABBY
07/24/2011,STRAY,FIELD,DOG,N,0,2,18,NORMAL,BORDER TERRIER,BROWN
07/24/2011,OWNER SUR,OTC,CAT,F,0,2,0,NORMAL,DOMESTIC SH,TORBIE
07/24/2011,OWNER SUR,OTC,CAT,S,0,2,0,NORMAL,DOMESTIC SH,BRN TABBY
07/24/2011,STRAY,OTC,DOG,N,0,4,15,NORMAL,BASENJI,BROWN
07/24/2011,STRAY,EMERG CLC,CAT,S,0,4,1,SICK,DOMESTIC SH,GRAY TABBY
07/24/2011,STRAY,OTC,DOG,N,0,4,1,NORMAL,DACHSHUND LH,RED
07/24/2011,STRAY,OTC,CAT,N,0,5,29,NORMAL,DOMESTIC SH,ORG TABBY
07/24/2011,STRAY,OTC,DOG,N,0,6,20,NORMAL,LABRADOR RETR,TAN
07/24/2011,STRAY,OTC,CAT,S,1,11,0,NORMAL,DOMESTIC SH,ORG TABBY
07/24/2011,PUBLIC AST,QUARANTINE,DOG,N,2,0,0,NORMAL,CHIHUAHUA SH,TAN
07/24/2011,STRAY,OTC,DOG,F,1,0,0,PREGNANT,PIT BULL,BLUE
07/24/2011,OWNER SUR,OTC,CAT,N,1,0,0,NORMAL,MANX,BLACK
07/24/2011,PUBLIC AST,QUARANTINE,DOG,N,1,6,28,NORMAL,CAIRN TERRIER,CREAM
07/24/2011,STRAY,OTC,DOG,N,1,6,29,NORMAL,DOBERMAN PINSCH,BLACK
07/24/2011,STRAY,OTC,DOG,S,2,10,6,NORMAL,BICHON FRISE,WHITE
07/24/2011,OWNER SUR,OTC,DOG,N,2,0,0,NORMAL,BEAGLE,TRICOLOR
07/24/2011,STRAY,FIELD,DOG,S,2,0,0,NORMAL,BOXER,WHITE
07/24/2011,PUBLIC AST,QUARANTINE,DOG,S,2,0,0,NORMAL,CAIRN TERRIER,CREAM
07/24/2011,STRAY,OTC,CAT,S,2,0,0,NURSING,DOMESTIC SH,BRN TABBY
07/24/2011,OWNER SUR,OTC,CAT,N,2,0,0,NORMAL,DOMESTIC SH,BRN TABBY
07/24/2011,OWNER SUR,OTC,CAT,N,2,0,0,NORMAL,DOMESTIC SH,BRN TABBY
07/24/2011,OWNER SUR,RETURN,DOG,N,2,1,11,NORMAL,CHIHUAHUA LH,WHITE
07/24/2011,OWNER SUR,OTC,DOG,S,2,3,10,NORMAL,GREAT PYRENEES,WHITE
07/24/2011,OWNER SUR,OTC,CAT,S,3,0,0,NORMAL,DOMESTIC SH,TORBIE
07/24/2011,OWNER SUR,OTC,CAT,S,3,0,0,NORMAL,DOMESTIC SH,BRN TABBY
07/24/2011,PUBLIC AST,QUARANTINE,DOG,M,3,0,0,NORMAL,PIT BULL,BLACK
07/24/2011,STRAY,OTC,DOG,N,3,0,0,NORMAL,POODLE MIN,WHITE
07/24/2011,PUBLIC AST,QUARANTINE,DOG,S,3,0,0,NORMAL,BORDER COLLIE,TRICOLOR
07/24/2011,OWNER SUR,OTC,CAT,S,4,0,1,NORMAL,DOMESTIC SH,BRN TABBY
07/24/2011,STRAY,OTC,DOG,F,4,0,1,NORMAL,BOXER,TAN
07/24/2011,OWNER SUR,OTC,DOG,F,5,0,1,NORMAL,PIT BULL,CHOCOLATE
07/24/2011,PUBLIC AST,QUARANTINE,DOG,M,5,0,1,NORMAL,AM PIT BULL TER,TAN
07/24/2011,STRAY,OTC,DOG,S,5,5,9,NORMAL,SALUKI,SABLE
07/24/2011,STRAY,OTC,DOG,N,6,10,7,NORMAL,CHIHUAHUA SH,BUFF
07/24/2011,OWNER SUR,RETURN,DOG,S,6,3,26,NORMAL,BOXER,TAN
07/24/2011,OWNER SUR,OTC,DOG,M,6,6,2,NORMAL,ROTTWEILER,BLACK
07/24/2011,OWNER SUR,OTC,DOG,F,7,9,1,NORMAL,PIT BULL,BLACK
07/24/2011,OWNER SUR,OTC,DOG,N,7,0,1,NORMAL,BEAGLE,TRICOLOR
07/24/2011,OWNER SUR,OTC,CAT,N,8,0,2,NORMAL,DOMESTIC SH,ORG TABBY
07/24/2011,OWNER SUR,OTC,DOG,N,10,0,2,NORMAL,MANCHESTER TERR,TRICOLOR
07/24/2011,STRAY,OTC,DOG,N,12,0,3,NORMAL,GERM SHEPHERD,SABLE
07/24/2011,STRAY,FIELD,DOG,S,18,1,15,NORMAL,AMER ESKIMO,WHITE
07/25/2011,OWNER SUR,OTC,DOG,S,0,2,15,NORMAL,PIT BULL,WHITE
07/25/2011,OWNER SUR,OTC,CAT,S,0,2,15,NORMAL,DOMESTIC SH,TORBIE
07/25/2011,OWNER SUR,OTC,CAT,N,0,2,15,NORMAL,DOMESTIC SH,ORG TABBY
07/25/2011,OWNER SUR,OTC,DOG,N,0,3,0,NORMAL,CHIHUAHUA SH,BLACK
07/25/2011,STRAY,EMERG CLC,CAT,M,0,2,0,INJURED,DOMESTIC SH,GRAY
07/25/2011,OWNER SUR,OTC,DOG,N,0,2,0,NORMAL,AUST CATTLE DOG,TRICOLOR
07/25/2011,OWNER SUR,OTC,DOG,S,0,2,0,NORMAL,AUST CATTLE DOG,BLACK
07/25/2011,OWNER SUR,OTC,DOG,S,0,2,0,NORMAL,AUST CATTLE DOG,BROWN
07/25/2011,STRAY,OTC,DOG,S,0,2,0,NORMAL,LABRADOR RETR,BLACK
07/25/2011,OWNER SUR,OTC,DOG,N,0,2,0,NORMAL,GERM SHEPHERD,BLACK
07/25/2011,OWNER SUR,OTC,DOG,S,0,2,0,NORMAL,GERM SHEPHERD,TRICOLOR
07/25/2011,OWNER SUR,OTC,DOG,N,0,2,0,NORMAL,GERM SHEPHERD,BROWN
07/25/2011,OWNER SUR,OTC,DOG,N,0,3,0,NORMAL,PLOTT HOUND,BR BRINDLE
07/25/2011,STRAY,EMERG CLC,DOG,N,0,4,1,NORMAL,BORDER COLLIE,TAN
07/25/2011,STRAY,EMERG CLC,DOG,S,0,4,1,NORMAL,BORDER COLLIE,WHITE
07/25/2011,STRAY,EMERG CLC,DOG,N,0,4,1,NORMAL,BORDER COLLIE,WHITE
07/25/2011,STRAY,EMERG CLC,DOG,F,0,4,1,NORMAL,BORDER COLLIE,WHITE
07/25/2011,STRAY,EMERG CLC,DOG,N,0,4,1,NORMAL,BORDER COLLIE,BR BRINDLE
07/25/2011,COLD WEATH,OTC,CAT,M,0,4,1,NORMAL,DOMESTIC SH,SEAL PT
07/25/2011,OWNER SUR,OTC,DOG,N,0,5,29,SICK,BULL TERRIER,BR BRINDLE
07/25/2011,STRAY,OTC,DOG,M,0,5,29,NORMAL,GREAT PYRENEES,WHITE
07/25/2011,STRAY,EMERG CLC,CAT,S,1,8,0,INJURED,SIAMESE,FLAME PT
07/25/2011,PUBLIC AST,INVESTIGAT,DOG,S,1,9,0,NORMAL,PIT BULL,BLACK
07/25/2011,PUBLIC AST,INVESTIGAT,DOG,N,1,9,20,NORMAL,CATAHOULA,TRICOLOR
07/25/2011,PUBLIC AST,QUARANTINE,DOG,M,1,11,0,NORMAL,BEAGLE,WHITE
07/25/2011,STRAY,FIELD,DOG,S,1,11,0,NORMAL,PIT BULL,BR BRINDLE
07/25/2011,OWNER SUR,OTC,DOG,S,1,11,5,NORMAL,GREYHOUND,BLACK
07/25/2011,OWNER SUR,OTC,DOG,S,1,0,0,NORMAL,AUST SHEPHERD,TRICOLOR
07/25/2011,STRAY,FIELD,CAT,M,1,0,0,INJURED,DOMESTIC SH,GRAY TABBY
07/25/2011,STRAY,FIELD,DOG,M,1,0,0,NORMAL,PIT BULL,BLACK
07/25/2011,STRAY,OTC,DOG,N,1,0,0,NORMAL,AUST KELPIE,WHITE
07/25/2011,OWNER SUR,OTC,DOG,N,1,6,29,NORMAL,PUG,BLACK
07/25/2011,OWNER SUR,OTC,DOG,N,2,0,0,NORMAL,LABRADOR RETR,BLACK
07/25/2011,STRAY,OTC,DOG,N,2,0,0,NORMAL,GOLDEN RETR,GOLD
07/25/2011,STRAY,OTC,CAT,S,2,0,0,NORMAL,DOMESTIC SH,BRN TABBY
07/25/2011,STRAY,OTC,CAT,S,2,0,0,NORMAL,DOMESTIC SH,BLACK
07/25/2011,PUBLIC AST,QUARANTINE,DOG,M,2,0,1,NORMAL,OLDENG SHEEPDOG,WHITE
07/25/2011,STRAY,OTC,DOG,S,2,6,22,NORMAL,PIT BULL,BLACK
07/25/2011,STRAY,OTC,DOG,S,2,6,29,NORMAL,CHIHUAHUA SH,BLACK
07/25/2011,STRAY,OTC,CAT,S,2,6,29,NORMAL,DOMESTIC MH,BRN TABBY
07/25/2011,STRAY,FIELD,DOG,M,4,0,0,NORMAL,CHIHUAHUA LH,RED
07/25/2011,PUBLIC AST,INVESTIGAT,DOG,F,4,11,26,NORMAL,PIT BULL,WHITE
07/25/2011,STRAY,OTC,DOG,S,4,0,1,NORMAL,PIT BULL,TAN
07/25/2011,OWNER SUR,RETURN,DOG,N,5,2,17,NORMAL,BORDER COLLIE,BLACK
07/25/2011,OWNER SUR,RETURN,CAT,N,5,4,21,NORMAL,DOMESTIC SH,BLACK
07/25/2011,OWNER SUR,OTC,DOG,N,7,0,1,NORMAL,GERM SHEPHERD,BROWN
07/25/2011,STRAY,OTC,DOG,S,8,8,2,NORMAL,CHIHUAHUA SH,BLACK
07/25/2011,STRAY,OTC,DOG,N,8,0,2,NORMAL,CHINESE SHARPEI,TAN
07/25/2011,PUBLIC AST,QUARANTINE,CAT,S,12,4,17,NORMAL,DOMESTIC MH,BLACK
07/25/2011,OWNER SUR,OTC,DOG,N,13,0,3,AGED,LABRADOR RETR,BLACK
07/26/2011,OWNER SUR,OTC,CAT,S,0,2,0,NORMAL,DOMESTIC MH,ORG TABBY
07/26/2011,OWNER SUR,OTC,CAT,S,0,2,0,NORMAL,DOMESTIC MH,ORG TABBY
07/26/2011,OWNER SUR,OTC,CAT,N,0,2,0,NORMAL,DOMESTIC MH,ORG TABBY
07/26/2011,OWNER SUR,OTC,CAT,N,0,2,0,NORMAL,DOMESTIC MH,ORG TABBY
07/26/2011,STRAY,OTC,CAT,S,0,2,23,FERAL,DOMESTIC SH,CALICO
07/26/2011,STRAY,EMERG CLC,CAT,F,0,2,0,INJURED,DOMESTIC SH,BRN TABBY
07/26/2011,STRAY,FIELD,DOG,S,0,3,15,NORMAL,LABRADOR RETR,WHITE
07/26/2011,STRAY,OTC,DOG,S,0,3,15,NORMAL,JACK RUSS TERR,WHITE
07/26/2011,PUBLIC AST,SURGERY,CAT,S,0,4,14,NORMAL,DOMESTIC SH,ORG TABBY
07/26/2011,PUBLIC AST,INVESTIGAT,DOG,S,0,5,29,INJURED,FOX TERR WIRE,BRN MERLE
07/26/2011,STRAY,EMERG CLC,CAT,F,1,8,0,INJURED,DOMESTIC SH,GRAY TABBY
07/26/2011,STRAY,FIELD,DOG,S,1,8,24,NORMAL,FOX TERR SMOOTH,TRICOLOR
07/26/2011,OWNER SUR,OTC,CAT,S,1,9,0,NORMAL,DOMESTIC SH,ORG TABBY
07/26/2011,STRAY,OTC,DOG,S,1,9,1,INJURED,SILKY TERRIER,RED
07/26/2011,STRAY,OTC,DOG,N,1,11,0,NORMAL,LABRADOR RETR,BLACK
07/26/2011,STRAY,FIELD,DOG,S,1,11,0,NORMAL,LAKELAND TERR,TAN
07/26/2011,STRAY,FIELD,DOG,N,1,11,0,NORMAL,CHIHUAHUA LH,BLACK
07/26/2011,STRAY,OTC,CAT,S,1,0,0,NORMAL,MANX,TORBIE
07/26/2011,STRAY,FIELD,DOG,N,1,0,0,INJURED,LABRADOR RETR,BLACK
07/26/2011,OWNER SUR,OTC,CAT,S,1,0,0,NORMAL,DOMESTIC SH,BRN TABBY
07/26/2011,OWNER SUR,OTC,DOG,S,1,0,0,NORMAL,POODLE MIN,WHITE
07/26/2011,STRAY,OTC,DOG,S,1,0,0,NORMAL,DACHSHUND,BLACK
07/26/2011,STRAY,OTC,DOG,S,1,0,0,NORMAL,BORDER TERRIER,BUFF
07/26/2011,PUBLIC AST,QUARANTINE,CAT,S,1,0,1,NORMAL,DOMESTIC SH,CALICO
07/26/2011,PUBLIC AST,QUARANTINE,DOG,N,1,0,2,NORMAL,GERM SHEPHERD,BLACK
07/26/2011,STRAY,OTC,DOG,N,1,4,25,NORMAL,MIN PINSCHER,RED
07/26/2011,STRAY,OTC,CAT,N,2,0,0,NORMAL,DOMESTIC SH,WHITE
07/26/2011,OWNER SUR,OTC,CAT,S,2,0,0,NORMAL,DOMESTIC MH,ORG TABBY
07/26/2011,STRAY,OTC,DOG,S,2,0,0,NORMAL,CATAHOULA,BLACK
07/26/2011,OWNER SUR,FIELD,DOG,F,2,0,0,SICK,PLOTT HOUND,GRAY
07/26/2011,STRAY,OTC,CAT,F,2,0,0,INJURED,DOMESTIC SH,TORBIE
07/26/2011,STRAY,OTC,CAT,S,2,0,14,NORMAL,DOMESTIC SH,BLACK
07/26/2011,PUBLIC AST,QUARANTINE,DOG,N,2,3,1,NORMAL,CHIHUAHUA SH,BROWN
07/26/2011,OWNER SUR,OTC,CAT,N,4,0,12,NORMAL,DOMESTIC SH,BLACK
07/26/2011,OWNER SUR,OTC,CAT,S,4,0,18,NORMAL,AMER SH,CALICO
07/26/2011,OWNER SUR,OTC,DOG,S,3,0,0,NORMAL,CHOW CHOW,BROWN
07/26/2011,STRAY,EMERG CLC,DOG,S,3,0,0,INJURED,BICHON FRISE,WHITE
07/26/2011,STRAY,OTC,DOG,N,4,8,9,NORMAL,GERM SHEPHERD,CREAM
07/26/2011,OWNER SUR,OTC,DOG,S,4,0,1,NORMAL,PUG,TAN
07/26/2011,STRAY,OTC,DOG,S,5,0,1,NORMAL,LABRADOR RETR,BLACK
07/26/2011,OWNER SUR,OTC,CAT,S,6,0,1,NORMAL,DOMESTIC SH,TORTIE
07/26/2011,STRAY,OTC,DOG,F,8,0,2,AGED,PUG,BLACK
07/26/2011,OWNER SUR,OTC,CAT,S,8,0,2,NORMAL,DOMESTIC SH,ORG TABBY
07/26/2011,OWNER SUR,OTC,CAT,N,9,10,16,NORMAL,DOMESTIC SH,BLUE
07/26/2011,PUBLIC AST,QUARANTINE,DOG,N,9,0,2,NORMAL,DACHSHUND,BROWN
07/26/2011,STRAY,OTC,DOG,S,9,0,2,NORMAL,AMER ESKIMO,WHITE
07/26/2011,STRAY,OTC,DOG,F,10,0,2,AGED,PUG,BLACK
07/26/2011,STRAY,OTC,DOG,S,10,0,2,NORMAL,GERM SHEPHERD,BROWN
07/26/2011,OWNER SUR,OTC,CAT,N,10,0,2,NORMAL,DOMESTIC SH,BLACK
07/27/2011,STRAY,OTC,DOG,S,0,2,15,NORMAL,AUST SHEPHERD,SABLE
07/27/2011,STRAY,FIELD,CAT,M,0,2,15,INJURED,DOMESTIC SH,BLUE TABBY
07/27/2011,STRAY,OTC,CAT,N,0,2,0,NORMAL,DOMESTIC SH,BLACK
07/27/2011,OWNER SUR,OTC,CAT,S,0,2,0,NORMAL,DOMESTIC SH,BRN TABBY
07/27/2011,OWNER SUR,OTC,CAT,S,0,2,0,NORMAL,DOMESTIC SH,BLUE TABBY
07/27/2011,STRAY,OTC,DOG,N,0,2,0,SICK,BOXER,BROWN
07/27/2011,STRAY,FIELD,DOG,S,0,2,0,NORMAL,CHIHUAHUA SH,RED
07/27/2011,STRAY,FIELD,DOG,N,0,2,0,NORMAL,CHIHUAHUA LH,RED
07/27/2011,PUBLIC AST,QUARANTINE,CAT,N,0,3,19,NORMAL,DOMESTIC SH,BRN TABBY
07/27/2011,STRAY,OTC,CAT,N,0,3,22,NORMAL,DOMESTIC SH,BRN TABBY
07/27/2011,OWNER SUR,OTC,CAT,S,0,4,15,NORMAL,DOMESTIC SH,TORBIE
07/27/2011,OWNER SUR,OTC,CAT,N,0,4,1,NORMAL,DOMESTIC SH,ORG TABBY
07/27/2011,STRAY,OTC,DOG,N,0,4,8,NORMAL,DACHSHUND,BLACK
07/27/2011,STRAY,FIELD,DOG,S,0,5,16,NORMAL,LABRADOR RETR,BLACK
07/27/2011,STRAY,FIELD,DOG,F,0,5,16,NORMAL,LABRADOR RETR,TAN
07/27/2011,STRAY,OTC,CAT,S,1,8,0,NORMAL,DOMESTIC MH,BRN TABBY
07/27/2011,OWNER SUR,FIELD,DOG,N,1,8,0,NORMAL,SCHNAUZER MIN,BLACK
07/27/2011,STRAY,OTC,DOG,S,1,9,0,NORMAL,WHIPPET,BR BRINDLE
07/27/2011,PUBLIC AST,QUARANTINE,DOG,M,1,9,1,NORMAL,BOSTON TERRIER,BR BRINDLE
07/27/2011,PUBLIC AST,QUARANTINE,DOG,S,1,9,1,NORMAL,BOSTON TERRIER,BR BRINDLE
07/27/2011,STRAY,OTC,DOG,S,1,10,18,NORMAL,PIT BULL,BR BRINDLE
07/27/2011,STRAY,OTC,DOG,S,1,11,0,NORMAL,RAT TERRIER,WHITE
07/27/2011,STRAY,OTC,DOG,S,1,0,0,NORMAL,STAFFORDSHIRE,RED
07/27/2011,STRAY,OTC,DOG,S,1,0,0,NORMAL,BLUE LACY,BLUE
07/27/2011,STRAY,OTC,DOG,N,1,3,26,NORMAL,GOLDEN RETR,BUFF
07/27/2011,STRAY,OTC,CAT,S,1,6,29,NORMAL,DOMESTIC SH,TORBIE
07/27/2011,STRAY,OTC,DOG,S,2,0,0,NORMAL,CHIHUAHUA SH,BLACK
07/27/2011,OWNER SUR,OTC,CAT,N,2,0,0,NORMAL,DOMESTIC SH,BRN TABBY
07/27/2011,OWNER SUR,OTC,CAT,N,2,0,0,NORMAL,DOMESTIC SH,BRN TABBY
07/27/2011,OWNER SUR,OTC,CAT,N,2,0,0,NORMAL,DOMESTIC SH,BRN TABBY
07/27/2011,STRAY,FIELD,DOG,S,2,0,0,NORMAL,CHIHUAHUA SH,RED
07/27/2011,STRAY,OTC,DOG,N,2,0,0,NORMAL,DACHSHUND WH,BLACK
07/27/2011,OWNER SUR,OTC,CAT,S,2,0,0,NORMAL,DOMESTIC SH,WHITE
07/27/2011,STRAY,OTC,CAT,S,2,0,0,NORMAL,DOMESTIC SH,TORBIE
07/27/2011,PUBLIC AST,QUARANTINE,CAT,S,4,0,0,FERAL,DOMESTIC SH,BRN TABBY
07/27/2011,STRAY,OTC,DOG,S,3,0,0,NORMAL,POINTER,WHITE
07/27/2011,STRAY,OTC,DOG,S,3,0,0,NORMAL,STAFFORDSHIRE,BR BRINDLE
07/27/2011,STRAY,OTC,DOG,F,3,0,0,NORMAL,AMERICAN STAFF,WHITE
07/27/2011,STRAY,OTC,DOG,F,7,0,1,NORMAL,RAT TERRIER,WHITE
07/27/2011,OWNER SUR,OTC,CAT,N,12,0,3,AGED,DOMESTIC SH,ORG TABBY
07/27/2011,OWNER SUR,OTC,CAT,N,12,0,3,AGED,DOMESTIC SH,BRN TABBY
07/28/2011,STRAY,OTC,DOG,S,0,0,0,NURSING,PIT BULL,WHITE
07/28/2011,STRAY,FIELD,DOG,S,0,0,0,NURSING,PIT BULL,BR BRINDLE
07/28/2011,STRAY,OTC,DOG,N,0,0,0,NURSING,PIT BULL,BLACK
07/28/2011,BORN IN,SHELTER,DOG,M,0,0,0,NURSING,PIT BULL,BLACK
07/28/2011,OWNER SUR,OTC,CAT,N,0,1,15,NURSING,DOMESTIC SH,ORG TABBY
07/28/2011,OWNER SUR,OTC,CAT,S,0,1,15,NURSING,DOMESTIC SH,BRN TABBY
07/28/2011,STRAY,FIELD,CAT,N,0,1,7,NORMAL,DOMESTIC SH,WHITE
07/28/2011,PUBLIC AST,QUARANTINE,CAT,N,0,1,7,NORMAL,DOMESTIC SH,BLUE
07/28/2011,STRAY,FIELD,CAT,S,0,1,12,NORMAL,DOMESTIC SH,BRN TABBY
07/28/2011,STRAY,OTC,CAT,S,0,1,14,NORMAL,DOMESTIC SH,BRN TABBY
07/28/2011,STRAY,EMERG CLC,CAT,N,0,2,22,SICK,DOMESTIC SH,ORG TABBY
07/28/2011,OWNER SUR,OTC,DOG,S,0,2,0,NORMAL,AUST CATTLE DOG,TRICOLOR
07/28/2011,OWNER SUR,OTC,DOG,S,0,2,5,NORMAL,AUST CATTLE DOG,BROWN
07/28/2011,PUBLIC AST,QUARANTINE,DOG,S,0,3,15,NORMAL,CHIHUAHUA SH,TRICOLOR
07/28/2011,STRAY,OTC,DOG,S,0,3,0,NORMAL,BORDER COLLIE,BLACK
07/28/2011,STRAY,OTC,CAT,S,0,4,15,NORMAL,DOMESTIC SH,BLACK
07/28/2011,STRAY,OTC,CAT,N,0,4,22,NORMAL,DOMESTIC SH,BLACK
07/28/2011,STRAY,FIELD,DOG,S,1,0,0,NORMAL,ANATOL SHEPHERD,TAN
07/28/2011,STRAY,OTC,DOG,N,1,0,0,NORMAL,AUST CATTLE DOG,WHITE
07/28/2011,OWNER SUR,OTC,DOG,N,1,0,0,NORMAL,AUST SHEPHERD,RED
07/28/2011,OWNER SUR,OTC,CAT,S,1,6,29,NURSING,DOMESTIC MH,ORG TABBY
07/28/2011,OWNER SUR,OTC,DOG,S,2,9,0,NORMAL,CHOW CHOW,RED
07/28/2011,STRAY,FIELD,DOG,S,2,0,0,NORMAL,CHOW CHOW,GOLD
07/28/2011,OWNER SUR,OTC,CAT,N,2,0,0,NORMAL,SIAMESE,SEAL PT
07/28/2011,STRAY,OTC,DOG,S,2,0,0,NORMAL,BRUSS GRIFFON,BLACK
07/28/2011,STRAY,OTC,DOG,N,2,6,29,NORMAL,PLOTT HOUND,BR BRINDLE
07/28/2011,EUTH REQ,OTC OWNED,DOG,M,3,0,0,SICK,CHINESE SHARPEI,FAWN
07/28/2011,STRAY,OTC,DOG,M,3,0,0,NORMAL,CHIHUAHUA SH,BR BRINDLE
07/28/2011,STRAY,OTC,DOG,S,4,0,1,NORMAL,GERM SHEPHERD,BROWN
07/28/2011,PUBLIC AST,QUARANTINE,DOG,N,4,1,8,NORMAL,PIT BULL,BROWN
07/28/2011,OWNER SUR,OTC,DOG,N,5,0,1,NORMAL,JACK RUSS TERR,WHITE
07/28/2011,OWNER SUR,OTC,CAT,N,5,0,1,NORMAL,MAINE COON,ORG TABBY
07/28/2011,OWNER SUR,OTC,CAT,S,5,0,1,NORMAL,DOMESTIC SH,BLACK
07/28/2011,STRAY,FIELD,DOG,N,5,0,1,NORMAL,GERM SHEPHERD,BLACK
07/28/2011,STRAY,OTC,DOG,N,9,0,0,NORMAL,CHIHUAHUA SH,WHITE
07/28/2011,STRAY,OTC,DOG,S,9,0,2,NORMAL,LABRADOR RETR,BLACK
07/28/2011,STRAY,OTC,CAT,N,10,0,2,NORMAL,DOMESTIC SH,ORG TABBY
07/28/2011,STRAY,OTC,CAT,N,NO AGE,NORMAL,DOMESTIC MH,BLUE,,
07/29/2011,STRAY,OTC,CAT,U,0,1,15,NURSING,DOMESTIC SH,ORG TABBY
07/29/2011,STRAY,OTC,CAT,N,0,2,0,NORMAL,DOMESTIC SH,ORG TABBY
07/29/2011,STRAY,EMERG CLC,DOG,N,0,2,0,INJURED,LABRADOR RETR,BLACK
07/29/2011,STRAY,OTC,DOG,S,0,2,6,NORMAL,LABRADOR RETR,WHITE
07/29/2011,STRAY,OTC,CAT,N,0,2,11,NORMAL,DOMESTIC SH,BLACK
07/29/2011,STRAY,OTC,CAT,N,0,2,11,NORMAL,DOMESTIC SH,BRN TABBY
07/29/2011,STRAY,OTC,CAT,N,0,2,11,NORMAL,DOMESTIC SH,BRN TABBY
07/29/2011,STRAY,OTC,CAT,S,0,2,11,NORMAL,DOMESTIC SH,TORTIE
07/29/2011,STRAY,OTC,DOG,S,0,3,18,NORMAL,GERM SHEPHERD,WHITE
07/29/2011,STRAY,OTC,CAT,S,0,3,0,NORMAL,DOMESTIC SH,BRN TABBY
07/29/2011,STRAY,OTC,CAT,F,0,3,13,NORMAL,DOMESTIC SH,CALICO
07/29/2011,STRAY,OTC,CAT,F,0,3,13,NORMAL,DOMESTIC SH,CALICO
07/29/2011,STRAY,OTC,CAT,N,0,3,13,NORMAL,DOMESTIC SH,BLACK
07/29/2011,STRAY,OTC,CAT,S,0,4,15,NORMAL,DOMESTIC SH,BRN TABBY
07/29/2011,STRAY,OTC,DOG,S,0,4,22,NORMAL,GERM SHEPHERD,BLACK
07/29/2011,OWNER SUR,OTC,CAT,S,0,5,16,NORMAL,DOMESTIC SH,BRN TABBY
07/29/2011,OWNER SUR,OTC,CAT,S,0,5,16,NORMAL,DOMESTIC SH,BRN TABBY
07/29/2011,STRAY,OTC,DOG,N,1,11,0,NORMAL,MALTESE,WHITE
07/29/2011,OWNER SUR,OTC,DOG,S,1,0,0,NORMAL,PIT BULL,WHITE
07/29/2011,STRAY,OTC,CAT,N,1,0,0,NORMAL,DOMESTIC SH,BLACK
07/29/2011,OWNER SUR,RETURN,DOG,N,1,1,27,NORMAL,CHOW CHOW,RED
07/29/2011,STRAY,OTC,DOG,N,1,6,29,NORMAL,CHIHUAHUA SH,BLACK
07/29/2011,OWNER SUR,OTC,DOG,N,1,6,29,NORMAL,DACHSHUND,BROWN
07/29/2011,OWNER SUR,OTC,DOG,S,1,6,29,NORMAL,CHIHUAHUA SH,BLACK
07/29/2011,STRAY,FIELD,DOG,F,2,0,0,NORMAL,PIT BULL,BLUE
07/29/2011,PUBLIC AST,QUARANTINE,CAT,S,2,0,0,NORMAL,DOMESTIC LH,BRN TABBY
07/29/2011,STRAY,OTC,CAT,S,2,0,0,NORMAL,DOMESTIC SH,BLACK
07/29/2011,OWNER SUR,OTC,CAT,S,2,0,0,NORMAL,MAINE COON,BLUE TABBY
07/29/2011,PUBLIC AST,QUARANTINE,DOG,N,3,7,8,NORMAL,DACHSHUND WH,TAN
07/29/2011,STRAY,OTC,CAT,S,3,0,0,NORMAL,DOMESTIC SH,BLUE
07/29/2011,STRAY,FIELD,DOG,N,3,0,0,NORMAL,AMERICAN STAFF,BLACK
07/29/2011,STRAY,OTC,DOG,S,3,0,0,NORMAL,LHASA APSO,WHITE
07/29/2011,OWNER SUR,OTC,CAT,S,3,0,0,NORMAL,MANX,TORTIE
07/29/2011,STRAY,OTC,CAT,S,3,0,0,NORMAL,DOMESTIC SH,ORG TABBY
07/29/2011,STRAY,OTC,CAT,S,4,0,1,NORMAL,MAINE COON,BRN TABBY
07/29/2011,STRAY,EMERG CLC,DOG,M,4,0,1,NORMAL,BASSET HOUND,WHITE
07/29/2011,STRAY,OTC,DOG,N,5,0,1,NORMAL,GERM SH POINT,LIVER
07/29/2011,PUBLIC AST,QUARANTINE,CAT,N,7,0,27,NORMAL,DOMESTIC SH,ORG TABBY
07/29/2011,STRAY,FIELD,DOG,N,8,11,15,OTHER,BASSET HOUND,WHITE
07/29/2011,STRAY,OTC,DOG,N,10,0,2,NORMAL,TIBETAN TERR,BLACK
07/29/2011,STRAY,OTC,DOG,S,10,0,2,NORMAL,TIBETAN TERR,BLACK
07/29/2011,STRAY,OTC,DOG,N,12,0,3,NORMAL,POODLE TOY,BLACK
07/30/2011,STRAY,OTC,CAT,N,0,0,10,NORMAL,DOMESTIC SH,WHITE
07/30/2011,STRAY,OTC,CAT,S,0,0,10,NORMAL,DOMESTIC SH,BRN TABBY
07/30/2011,STRAY,OTC,CAT,N,0,0,10,NORMAL,DOMESTIC SH,BLK TABBY
07/30/2011,STRAY,OTC,CAT,N,0,0,10,NORMAL,DOMESTIC SH,BRN TABBY
07/30/2011,STRAY,OTC,CAT,S,0,0,10,NORMAL,DOMESTIC SH,BLACK
07/30/2011,STRAY,OTC,CAT,S,0,0,10,NORMAL,DOMESTIC SH,BLACK
07/30/2011,STRAY,OTC,CAT,S,0,0,10,NORMAL,DOMESTIC SH,WHITE
07/30/2011,OWNER SUR,OTC,CAT,N,0,2,0,NORMAL,DOMESTIC SH,CRM TABBY
07/30/2011,STRAY,OTC,CAT,M,0,2,0,SICK,DOMESTIC MH,BLACK
07/30/2011,STRAY,OTC,DOG,N,0,2,2,NORMAL,AMER FOXHOUND,TRICOLOR
07/30/2011,STRAY,OTC,CAT,N,0,4,19,NORMAL,DOMESTIC SH,BLACK
07/30/2011,STRAY,FIELD,DOG,S,0,6,13,NORMAL,NS DUCK TOLLING,TAN
07/30/2011,STRAY,OTC,DOG,N,1,7,25,NORMAL,RAT TERRIER,WHITE
07/30/2011,STRAY,FIELD,DOG,S,1,8,0,NORMAL,LABRADOR RETR,BLACK
07/30/2011,STRAY,FIELD,DOG,F,1,8,0,INJURED,BORDER COLLIE,BLACK
07/30/2011,OWNER SUR,OTC,CAT,S,1,10,29,NORMAL,BALINESE,FLAME PT
07/30/2011,STRAY,OTC,DOG,S,1,11,1,NORMAL,PIT BULL,BLUE
07/30/2011,STRAY,OTC,CAT,S,1,0,0,NORMAL,TURKISH ANGORA,WHITE
07/30/2011,OWNER SUR,OTC,CAT,N,1,0,0,NORMAL,DOMESTIC MH,CRM TABBY
07/30/2011,OWNER SUR,OTC,CAT,M,1,0,0,NORMAL,DOMESTIC MH,ORG TABBY
07/30/2011,STRAY,OTC,DOG,S,1,0,0,NORMAL,PIT BULL,CHOCOLATE
07/30/2011,OWNER SUR,OTC,DOG,N,1,6,26,AGED,LHASA APSO,BLACK
07/30/2011,STRAY,OTC,DOG,N,2,7,1,NORMAL,PIT BULL,RED
07/30/2011,OWNER SUR,OTC,CAT,S,3,0,29,PREGNANT,DOMESTIC MH,ORG TABBY
07/30/2011,OWNER SUR,OTC,CAT,S,3,0,29,NORMAL,DOMESTIC MH,ORG TABBY
07/30/2011,OWNER SUR,OTC,CAT,S,2,0,0,NORMAL,DOMESTIC SH,CALICO
07/30/2011,STRAY,OTC,DOG,S,2,0,0,NORMAL,LHASA APSO,BLACK
07/30/2011,STRAY,OTC,CAT,M,2,0,0,SICK,DOMESTIC SH,BRN TABBY
07/30/2011,PUBLIC AST,QUARANTINE,DOG,M,2,0,0,NORMAL,PIT BULL,RED
07/30/2011,STRAY,OTC,DOG,N,2,1,1,NORMAL,PIT BULL,BLUE
07/30/2011,STRAY,OTC,DOG,S,2,6,29,NORMAL,PIT BULL,WHITE
07/30/2011,STRAY,OTC,CAT,N,3,0,0,NORMAL,DOMESTIC SH,BLACK
07/30/2011,STRAY,OTC,DOG,S,3,0,0,NORMAL,PLOTT HOUND,BR BRINDLE
07/30/2011,OWNER SUR,OTC,CAT,S,3,0,0,NORMAL,DOMESTIC MH,ORG TABBY
07/30/2011,STRAY,OTC,CAT,F,3,0,0,NORMAL,DOMESTIC SH,BLUE
07/30/2011,OWNER SUR,OTC,CAT,N,3,0,0,NORMAL,DOMESTIC SH,CRM TABBY
07/30/2011,STRAY,OTC,DOG,N,3,0,0,NORMAL,BOSTON TERRIER,BLACK
07/30/2011,OWNER SUR,OTC,CAT,N,3,0,0,NORMAL,DOMESTIC SH,CRM TABBY
07/30/2011,OWNER SUR,OTC,DOG,N,3,1,19,NORMAL,DACHSHUND LH,BLACK
07/30/2011,STRAY,OTC,CAT,N,4,0,1,NORMAL,DOMESTIC SH,CRM TABBY
07/30/2011,OWNER SUR,OTC,DOG,S,4,0,1,AGED,SCHNAUZER MIN,BLACK
07/30/2011,PUBLIC AST,QUARANTINE,DOG,S,4,6,25,NORMAL,PIT BULL,BR BRINDLE
07/30/2011,STRAY,FIELD,DOG,S,5,0,0,NORMAL,PIT BULL,BLUE
07/30/2011,OWNER SUR,OTC,DOG,N,5,0,1,AGED,SCHNAUZER MIN,SILVER
07/30/2011,OWNER SUR,OTC,DOG,N,5,0,1,AGED,SCHNAUZER MIN,BLACK
07/30/2011,OWNER SUR,OTC,DOG,N,5,0,1,AGED,SCHNAUZER MIN,SILVER
07/30/2011,STRAY,OTC,DOG,S,6,0,1,NORMAL,BEAGLE,TRICOLOR
07/30/2011,OWNER SUR,OTC,DOG,S,8,0,24,AGED,SCHNAUZER MIN,BLACK
07/30/2011,OWNER SUR,OTC,DOG,S,7,0,1,AGED,SCHNAUZER MIN,BLACK
07/30/2011,OWNER SUR,OTC,CAT,N,8,9,2,NORMAL,AMER SH,ORG TABBY
07/30/2011,PUBLIC AST,QUARANTINE,DOG,S,8,5,1,NORMAL,RAT TERRIER,TRICOLOR
07/30/2011,STRAY,OTC,DOG,N,9,4,13,INJURED,CHIHUAHUA SH,BROWN
07/30/2011,OWNER SUR,OTC,DOG,S,10,0,2,AGED,SCHNAUZER MIN,BLACK
07/30/2011,OWNER SUR,OTC,DOG,S,12,0,3,AGED,SCHNAUZER MIN,SILVER
07/30/2011,OWNER SUR,OTC,DOG,F,14,0,3,AGED,SCHNAUZER MIN,SILVER
07/31/2011,STRAY,OTC,CAT,S,0,1,15,NURSING,DOMESTIC SH,TORTIE
07/31/2011,STRAY,OTC,CAT,S,0,1,15,NURSING,DOMESTIC SH,BRN TABBY
07/31/2011,STRAY,OTC,CAT,S,0,1,15,NURSING,DOMESTIC SH,BRN TABBY
07/31/2011,STRAY,OTC,CAT,S,0,1,15,NURSING,DOMESTIC SH,BRN TABBY
07/31/2011,OWNER SUR,OTC,CAT,N,0,3,0,NORMAL,DOMESTIC MH,BRN TABBY
07/31/2011,STRAY,OTC,DOG,S,0,2,0,NORMAL,BEAGLE,SABLE
07/31/2011,OWNER SUR,OTC,DOG,S,0,2,8,NORMAL,POINTER,WHITE
07/31/2011,OWNER SUR,OTC,DOG,S,0,3,15,NORMAL,POINTER,WHITE
07/31/2011,OWNER SUR,OTC,DOG,N,0,3,15,NORMAL,BOXER,BROWN
07/31/2011,STRAY,OTC,CAT,S,0,3,0,SICK,DOMESTIC SH,BLACK
07/31/2011,STRAY,EMERG CLC,DOG,N,0,4,1,SICK,LABRADOR RETR,CHOCOLATE
07/31/2011,OWNER SUR,OTC,DOG,N,1,9,0,NORMAL,LABRADOR RETR,BLACK
07/31/2011,STRAY,OTC,DOG,N,1,11,0,NORMAL,BELG MALINOIS,BROWN
07/31/2011,PUBLIC AST,QUARANTINE,DOG,N,1,0,0,NORMAL,POODLE MIN,WHITE
07/31/2011,PUBLIC AST,QUARANTINE,DOG,N,1,0,1,NORMAL,BLACK MOUTH CUR,BROWN
07/31/2011,STRAY,FIELD,DOG,S,1,6,29,NORMAL,BORDER COLLIE,BLUE MERLE
07/31/2011,PUBLIC AST,QUARANTINE,DOG,S,1,6,29,NORMAL,AUST CATTLE DOG,BLACK
07/31/2011,STRAY,OTC,DOG,M,2,0,0,NORMAL,CHIHUAHUA SH,TAN
07/31/2011,OWNER SUR,OTC,CAT,N,2,0,0,NORMAL,SIAMESE,FLAME PT
07/31/2011,OWNER SUR,OTC,CAT,N,2,0,0,NORMAL,DOMESTIC MH,ORG TABBY
07/31/2011,OWNER SUR,OTC,CAT,S,2,0,0,NORMAL,DOMESTIC MH,ORG TABBY
07/31/2011,OWNER SUR,OTC,CAT,S,2,0,0,NORMAL,DOMESTIC MH,ORG TABBY
07/31/2011,OWNER SUR,OTC,CAT,N,2,0,0,NORMAL,ANGORA,CRM TABBY
07/31/2011,PUBLIC AST,EMERGENCY,DOG,S,2,0,0,NORMAL,DUTCH SHEPHERD,BR BRINDLE
07/31/2011,OWNER SUR,OTC,CAT,S,2,6,16,NORMAL,DOMESTIC SH,CALICO
07/31/2011,STRAY,OTC,DOG,S,2,6,20,NORMAL,PLOTT HOUND,BR BRINDLE
07/31/2011,STRAY,OTC,DOG,N,3,0,0,NORMAL,BOXER,BROWN
07/31/2011,STRAY,OTC,DOG,N,3,0,0,NORMAL,ENTLEBUCHER,TRICOLOR
07/31/2011,OWNER SUR,RETURN,DOG,S,3,0,14,NORMAL,BASSET HOUND,WHITE
07/31/2011,OWNER SUR,NO SUBTYPE,CAT,N,5,0,1,NORMAL,DOMESTIC SH,BLACK
07/31/2011,PUBLIC AST,INVESTIGAT,DOG,S,5,5,20,NORMAL,PIT BULL,TAN
07/31/2011,STRAY,OTC,CAT,S,9,0,0,NORMAL,DOMESTIC SH,CALICO
07/31/2011,OWNER SUR,OTC,DOG,N,8,4,8,NORMAL,GREAT DANE,BLACK
07/31/2011,STRAY,OTC,DOG,S,9,10,14,NORMAL,STAFFORDSHIRE,BR BRINDLE
07/31/2011,STRAY,OTC,CAT,F,10,0,2,NORMAL,DOMESTIC MH,BLACK
07/31/2011,STRAY,OTC,CAT,S,14,0,3,NORMAL,SNOWSHOE,SEAL PT
08-01-11,STRAY,EMERG CLC,CAT,S,0,0,3,NURSING,DOMESTIC SH,TORBIE
08-01-11,STRAY,EMERG CLC,CAT,N,0,1,1,INJURED,DOMESTIC SH,BLACK
08-01-11,STRAY,EMERG CLC,CAT,S,0,1,1,INJURED,DOMESTIC SH,BLACK
08-01-11,STRAY,EMERG CLC,CAT,S,0,1,1,INJURED,DOMESTIC SH,BLACK
08-01-11,STRAY,OTC,CAT,S,0,1,1,SICK,SNOWSHOE,SEAL PT
08-01-11,STRAY,OTC,CAT,F,0,1,1,SICK,DOMESTIC SH,BLACK
08-01-11,STRAY,OTC,CAT,N,0,1,1,SICK,DOMESTIC SH,WHITE
08-01-11,STRAY,OTC,CAT,N,0,1,5,NORMAL,DOMESTIC SH,BLUE TABBY
08-01-11,STRAY,OTC,CAT,S,0,1,5,NORMAL,DOMESTIC SH,BLUE TABBY
08-01-11,OWNER SUR,OTC,CAT,N,0,2,16,NORMAL,DOMESTIC SH,BRN TABBY
08-01-11,OWNER SUR,OTC,CAT,N,0,2,19,NORMAL,DOMESTIC SH,BRN TABBY
08-01-11,OWNER SUR,OTC,DOG,F,0,2,23,NORMAL,PIT BULL,BLACK
08-01-11,OWNER SUR,OTC,DOG,N,0,2,23,NORMAL,PIT BULL,BLACK
08-01-11,OWNER SUR,OTC,DOG,S,0,2,23,NORMAL,PIT BULL,BLACK
08-01-11,OWNER SUR,OTC,DOG,S,0,2,23,NORMAL,PIT BULL,WHITE
08-01-11,OWNER SUR,OTC,DOG,N,0,2,23,NORMAL,PIT BULL,BLACK
08-01-11,OWNER SUR,OTC,DOG,N,0,2,23,NORMAL,PIT BULL,WHITE
08-01-11,OWNER SUR,OTC,DOG,N,0,2,23,NORMAL,PIT BULL,BLACK
08-01-11,OWNER SUR,OTC,DOG,S,0,2,23,NORMAL,PIT BULL,WHITE
08-01-11,OWNER SUR,FIELD,DOG,S,0,2,12,NORMAL,FIELD SPANIEL,BLACK
08-01-11,OWNER SUR,FIELD,DOG,S,0,2,12,NORMAL,AUST SHEPHERD,BR BRINDLE
08-01-11,OWNER SUR,OTC,DOG,S,0,3,1,NORMAL,PLOTT HOUND,BR BRINDLE
08-01-11,OWNER SUR,OTC,DOG,S,0,3,1,NORMAL,PLOTT HOUND,BR BRINDLE
08-01-11,OWNER SUR,OTC,DOG,S,0,3,1,NORMAL,PLOTT HOUND,BR BRINDLE
08-01-11,STRAY,OTC,CAT,N,0,4,1,NORMAL,DOMESTIC SH,BRN TABBY
08-01-11,OWNER SUR,OTC,DOG,S,0,5,1,NORMAL,AUST CATTLE DOG,BR BRINDLE
08-01-11,PUBLIC AST,QUARANTINE,DOG,N,0,6,28,NORMAL,LABRADOR RETR,TAN
08-01-11,STRAY,OTC,DOG,S,1,6,11,NORMAL,ANATOL SHEPHERD,TAN
08-01-11,STRAY,OTC,DOG,S,1,8,0,NORMAL,PIT BULL,WHITE
08-01-11,OWNER SUR,FIELD,DOG,S,1,9,0,NORMAL,CHIHUAHUA SH,BLACK
08-01-11,STRAY,OTC,DOG,N,1,10,1,NORMAL,CHIHUAHUA SH,TAN
08-01-11,STRAY,OTC,DOG,N,1,0,0,NORMAL,LABRADOR RETR,YELLOW
08-01-11,STRAY,OTC,DOG,S,1,0,0,NORMAL,LABRADOR RETR,BUFF
08-01-11,STRAY,OTC,CAT,S,1,0,0,SICK,DOMESTIC SH,BRN TABBY
08-01-11,OWNER SUR,FIELD,DOG,S,1,0,0,NORMAL,CHIHUAHUA LH,BLACK
08-01-11,STRAY,OTC,DOG,S,1,0,0,NORMAL,SCHNAUZER MIN,CHOCOLATE
08-01-11,STRAY,FIELD,DOG,N,1,0,0,NORMAL,PIT BULL,BR BRINDLE
08-01-11,OWNER SUR,OTC,DOG,S,1,5,0,NORMAL,BASENJI,WHITE
08-01-11,STRAY,FIELD,DOG,N,1,6,28,NORMAL,BEAGLE,TAN
08-01-11,STRAY,FIELD,DOG,N,2,0,0,INJURED,LABRADOR RETR,BLACK
08-01-11,STRAY,FIELD,DOG,N,2,0,0,NORMAL,AMER BULLDOG,WHITE
08-01-11,STRAY,OTC,CAT,S,2,0,0,NORMAL,DOMESTIC SH,ORG TABBY
08-01-11,STRAY,FIELD,DOG,F,2,0,0,NORMAL,YORKSHIRE TERR,BLACK
08-01-11,STRAY,FIELD,DOG,M,2,0,0,NORMAL,CHIHUAHUA SH,TAN
08-01-11,STRAY,OTC,DOG,N,2,0,0,NORMAL,CHIHUAHUA SH,BROWN
08-01-11,OWNER SUR,OTC,DOG,S,2,0,0,NORMAL,LABRADOR RETR,CHOCOLATE
08-01-11,OWNER SUR,FIELD,CAT,S,2,0,0,NORMAL,DOMESTIC SH,CALICO
08-01-11,STRAY,OTC,DOG,S,2,2,11,NORMAL,BOXER,BROWN
08-01-11,STRAY,OTC,CAT,S,2,4,16,NORMAL,DOMESTIC SH,BRN TABBY
08-01-11,STRAY,OTC,DOG,S,2,6,29,NORMAL,REDBONE HOUND,RED
08-01-11,STRAY,OTC,CAT,N,4,0,27,NORMAL,DOMESTIC SH,BLACK
08-01-11,STRAY,OTC,CAT,N,3,0,0,NORMAL,DOMESTIC SH,BLUE TABBY
08-01-11,STRAY,FIELD,DOG,F,3,0,0,NORMAL,AM PIT BULL TER,RED
08-01-11,STRAY,OTC,DOG,S,3,1,3,NORMAL,BEAGLE,TAN
08-01-11,STRAY,EMERG CLC,DOG,N,4,12,0,INJURED,MIN PINSCHER,BLACK
08-01-11,STRAY,OTC,DOG,M,4,0,1,NORMAL,PIT BULL,BLUE
08-01-11,PUBLIC AST,QUARANTINE,DOG,N,4,0,3,NORMAL,BOXER,BLACK
08-01-11,OWNER SUR,OTC,DOG,N,6,0,25,NORMAL,NEWFOUNDLAND,BLACK
08-01-11,STRAY,FIELD,CAT,S,5,0,1,SICK,SIAMESE,BLUE PT
08-01-11,PUBLIC AST,QUARANTINE,CAT,S,5,0,1,NORMAL,DOMESTIC SH,TORBIE
08-01-11,STRAY,OTC,DOG,N,6,0,1,NORMAL,SHIH TZU,BLACK
08-01-11,PUBLIC AST,INVESTIGAT,DOG,N,6,0,1,NORMAL,PIT BULL,CHOCOLATE
08-01-11,PUBLIC AST,QUARANTINE,DOG,S,6,0,3,NORMAL,QUEENSLAND HEEL,RED
08-01-11,OWNER SUR,OTC,DOG,S,7,0,1,NORMAL,GREYHOUND,BLACK
08-01-11,STRAY,EMERG CLC,DOG,N,8,0,2,NORMAL,GOLDEN RETR,GOLD
08-01-11,STRAY,OTC,DOG,N,8,0,2,NORMAL,PIT BULL,BROWN
08-01-11,PUBLIC AST,QUARANTINE,CAT,S,14,10,4,NORMAL,DOMESTIC SH,BRN TABBY
08-01-11,PUBLIC AST,QUARANTINE,DOG,N,17,7,4,NORMAL,DACHSHUND,BROWN
08-02-11,STRAY,OTC,CAT,U,0,0,3,NURSING,DOMESTIC SH,BLACK
08-02-11,OWNER SUR,FIELD,DOG,N,0,0,7,NURSING,PIT BULL,WHITE
08-02-11,OWNER SUR,FIELD,DOG,S,0,0,7,NURSING,PIT BULL,WHITE
08-02-11,OWNER SUR,FIELD,DOG,N,0,0,7,NURSING,PIT BULL,WHITE
08-02-11,OWNER SUR,FIELD,DOG,N,0,0,7,NURSING,PIT BULL,WHITE
08-02-11,OWNER SUR,FIELD,DOG,N,0,0,7,NURSING,PIT BULL,WHITE
08-02-11,OWNER SUR,FIELD,DOG,N,0,0,7,NURSING,PIT BULL,WHITE
08-02-11,OWNER SUR,FIELD,DOG,S,0,0,7,NURSING,PIT BULL,BR BRINDLE
08-02-11,STRAY,OTC,CAT,S,0,2,16,NURSING,DOMESTIC SH,BRN TABBY
08-02-11,STRAY,OTC,CAT,N,0,2,16,NURSING,DOMESTIC SH,CRM TABBY
08-02-11,STRAY,OTC,DOG,N,0,2,19,NORMAL,PIT BULL,TAN
08-02-11,STRAY,FIELD,CAT,F,0,2,0,INJURED,DOMESTIC SH,BRN TABBY
08-02-11,STRAY,OTC,DOG,M,0,2,0,SICK,AMER BULLDOG,WHITE
08-02-11,STRAY,OTC,DOG,N,0,2,7,INJURED,REDBONE HOUND,RED
08-02-11,OWNER SUR,OTC,CAT,S,0,3,1,NORMAL,JAPAN BOBTAIL,WHITE
08-02-11,OWNER SUR,OTC,DOG,S,0,4,14,NORMAL,ALASKAN HUSKY,BROWN
08-02-11,OWNER SUR,OTC,DOG,N,0,6,16,NORMAL,PIT BULL,BR BRINDLE
08-02-11,PUBLIC AST,COLD WEATH,CAT,S,0,6,29,NORMAL,DOMESTIC SH,BRN TABBY
08-02-11,STRAY,OTC,DOG,S,1,6,5,NORMAL,AUST SHEPHERD,WHITE
08-02-11,STRAY,FIELD,DOG,S,1,10,1,NORMAL,LABRADOR RETR,BLACK
08-02-11,STRAY,OTC,CAT,S,1,0,0,NORMAL,ORIENTAL SH,WHITE
08-02-11,STRAY,FIELD,DOG,N,1,0,0,NORMAL,STAFFORDSHIRE,WHITE
08-02-11,PUBLIC AST,COLD WEATH,CAT,S,1,0,0,NORMAL,DOMESTIC SH,TORTIE PT
08-02-11,STRAY,OTC,DOG,N,1,0,0,NORMAL,CATAHOULA,TRICOLOR
08-02-11,STRAY,FIELD,DOG,S,1,6,29,INJURED,LABRADOR RETR,BROWN
08-02-11,STRAY,OTC,DOG,S,1,6,29,NORMAL,BORDER TERRIER,WHITE
08-02-11,STRAY,OTC,DOG,S,2,6,2,NORMAL,GREAT DANE,BRN MERLE
08-02-11,STRAY,FIELD,DOG,N,2,0,0,NORMAL,COLLIE SMOOTH,BLACK
08-02-11,STRAY,OTC,CAT,S,2,0,0,NURSING,DOMESTIC SH,TORBIE
08-02-11,STRAY,OTC,DOG,S,2,0,0,NORMAL,AUST SHEPHERD,BROWN
08-02-11,STRAY,FIELD,DOG,N,2,0,0,INJURED,CHIHUAHUA SH,TAN
08-02-11,OWNER SUR,OTC,CAT,N,2,2,24,NORMAL,DOMESTIC SH,CRM TABBY
08-02-11,STRAY,OTC,DOG,S,3,0,0,NORMAL,PIT BULL,WHITE
08-02-11,STRAY,OTC,DOG,N,5,0,8,NORMAL,CHIHUAHUA SH,SABLE
08-02-11,STRAY,OTC,DOG,S,5,0,8,NORMAL,CHIHUAHUA LH,SABLE
08-02-11,OWNER SUR,RETURN,DOG,N,5,6,22,NORMAL,PARSON RUSS TER,WHITE
08-02-11,STRAY,OTC,DOG,S,6,0,1,NORMAL,CHIHUAHUA LH,BUFF
08-02-11,OWNER SUR,OTC,DOG,S,9,7,1,NORMAL,LABRADOR RETR,BROWN
08-02-11,EUTH REQ,OTC OWNED,CAT,N,13,0,3,SICK,DOMESTIC SH,ORG TABBY
08-03-11,STRAY,OTC,CAT,U,0,2,16,SICK,DOMESTIC SH,BLUE TABBY
08-03-11,STRAY,OTC,DOG,N,0,3,15,SICK,DACHSHUND,TAN
08-03-11,STRAY,FIELD,DOG,S,0,3,19,NORMAL,LABRADOR RETR,CREAM
08-03-11,STRAY,EMERG CLC,DOG,M,0,3,1,SICK,LABRADOR RETR,CHOCOLATE
08-03-11,STRAY,OTC,DOG,N,0,6,29,NORMAL,LABRADOR RETR,BLACK
08-03-11,STRAY,FIELD,DOG,S,0,6,29,INJURED,PIT BULL,BR BRINDLE
08-03-11,STRAY,OTC,DOG,S,1,8,0,NORMAL,LABRADOR RETR,CHOCOLATE
08-03-11,STRAY,FIELD,DOG,N,1,8,17,NORMAL,POINTER,WHITE
08-03-11,STRAY,FIELD,DOG,M,1,8,28,NORMAL,ROTTWEILER,BLACK
08-03-11,STRAY,OTC,DOG,N,1,9,0,NORMAL,CHIHUAHUA SH,BLACK
08-03-11,PUBLIC AST,QUARANTINE,DOG,F,1,9,0,NORMAL,PIT BULL,RED
08-03-11,STRAY,OTC,DOG,S,1,11,16,NORMAL,PIT BULL,WHITE
08-03-11,STRAY,OTC,CAT,S,1,0,0,NORMAL,DOMESTIC SH,BRN TABBY
08-03-11,OWNER SUR,FIELD,DOG,N,1,0,0,NORMAL,CHIHUAHUA SH,TAN
08-03-11,OWNER SUR,FIELD,DOG,N,1,0,0,NORMAL,CHIHUAHUA SH,BLACK
08-03-11,STRAY,OTC,DOG,N,1,6,29,INJURED,CHIHUAHUA SH,BROWN
08-03-11,STRAY,FIELD,DOG,S,1,6,29,NORMAL,PIT BULL,BLACK
08-03-11,STRAY,OTC,DOG,N,1,6,29,NORMAL,AM PIT BULL TER,BLACK
08-03-11,STRAY,FIELD,DOG,N,1,6,29,NORMAL,DACHSHUND,BLUE MERLE
08-03-11,STRAY,OTC,CAT,S,2,0,0,NORMAL,DOMESTIC LH,BLUE
08-03-11,STRAY,FIELD,DOG,N,2,0,0,NORMAL,CHIHUAHUA SH,BLACK
08-03-11,STRAY,OTC,DOG,N,2,6,29,NORMAL,CHIHUAHUA SH,TAN
08-03-11,STRAY,FIELD,DOG,F,3,8,0,NORMAL,BOSTON TERRIER,BLACK
08-03-11,STRAY,OTC,CAT,N,3,0,0,NORMAL,MAINE COON,BLACK
08-03-11,OWNER SUR,OTC,CAT,S,3,0,0,NORMAL,BALINESE,LYNX PT
08-03-11,OWNER SUR,OTC,CAT,S,3,6,0,NORMAL,SIAMESE,LYNX PT
08-03-11,PUBLIC AST,QUARANTINE,DOG,N,4,9,23,NORMAL,DACHSHUND,BLACK
08-03-11,STRAY,OTC,CAT,S,4,0,1,NORMAL,DOMESTIC LH,BLUE CREAM
08-03-11,STRAY,OTC,CAT,N,4,0,1,NORMAL,DOMESTIC SH,FLAME PT
08-03-11,OWNER SUR,OTC,DOG,S,4,0,1,NORMAL,BORDER COLLIE,BLACK
08-03-11,STRAY,FIELD,DOG,M,4,6,0,NORMAL,ROTTWEILER,BLACK
08-03-11,STRAY,FIELD,DOG,S,5,0,0,NORMAL,PIT BULL,TAN
08-03-11,STRAY,FIELD,DOG,N,5,0,0,NORMAL,SHIH TZU,WHITE
08-03-11,OWNER SUR,FIELD,DOG,F,6,0,1,NORMAL,CHIHUAHUA SH,TAN
08-03-11,STRAY,OTC,CAT,S,6,6,26,NORMAL,DOMESTIC LH,BLACK
08-03-11,OWNER SUR,OTC,DOG,S,9,0,2,NORMAL,MIN PINSCHER,CHOCOLATE
08-04-11,OWNER SUR,FIELD,CAT,F,0,1,1,NORMAL,DOMESTIC SH,ORG TABBY
08-04-11,OWNER SUR,FIELD,CAT,M,0,1,1,NORMAL,DOMESTIC SH,ORG TABBY
08-04-11,STRAY,OTC,CAT,S,0,1,1,NORMAL,DOMESTIC SH,BLACK
08-04-11,STRAY,OTC,CAT,S,0,1,1,NORMAL,DOMESTIC SH,BLACK
08-04-11,STRAY,OTC,CAT,N,0,1,1,NORMAL,DOMESTIC SH,BLACK
08-04-11,OWNER SUR,OTC,DOG,S,0,1,11,NORMAL,EURASIER,TAN
08-04-11,OWNER SUR,OTC,DOG,S,0,2,16,NORMAL,GERM SHEPHERD,TAN
08-04-11,OWNER SUR,OTC,DOG,S,0,2,16,NORMAL,GERM SHEPHERD,TAN
08-04-11,OWNER SUR,FIELD,CAT,S,0,2,24,NORMAL,DOMESTIC SH,CRM TABBY
08-04-11,STRAY,OTC,CAT,S,0,2,26,NORMAL,DOMESTIC SH,TORBIE
08-04-11,STRAY,OTC,CAT,S,0,2,26,NORMAL,DOMESTIC SH,BLUE TABBY
08-04-11,OWNER SUR,OTC,DOG,S,0,2,28,NORMAL,GERM SHEPHERD,TAN
08-04-11,OWNER SUR,OTC,CAT,N,0,2,0,NORMAL,DOMESTIC SH,BLACK
08-04-11,OWNER SUR,OTC,CAT,N,0,2,0,NORMAL,DOMESTIC SH,BLACK
08-04-11,OWNER SUR,OTC,CAT,S,0,2,0,NORMAL,DOMESTIC SH,BRN TABBY
08-04-11,STRAY,OTC,DOG,M,0,3,15,SICK,BORDER COLLIE,BLACK
08-04-11,PUBLIC AST,QUARANTINE,DOG,N,0,3,18,NORMAL,RHOD RIDGEBACK,TAN
08-04-11,STRAY,OTC,CAT,S,0,3,26,NORMAL,RUSSIAN BLUE,BLUE
08-04-11,STRAY,OTC,DOG,S,0,4,18,NORMAL,RHOD RIDGEBACK,BROWN
08-04-11,STRAY,FIELD,CAT,S,0,4,26,NORMAL,DOMESTIC SH,BRN TABBY
08-04-11,STRAY,OTC,DOG,S,0,5,1,NORMAL,CHIHUAHUA SH,BLACK
08-04-11,STRAY,OTC,CAT,N,1,7,25,NORMAL,DOMESTIC SH,BRN TABBY
08-04-11,STRAY,OTC,DOG,S,1,8,0,NORMAL,CHINESE SHARPEI,FAWN
08-04-11,STRAY,OTC,DOG,N,1,8,0,NORMAL,POODLE MIN,WHITE
08-04-11,STRAY,OTC,DOG,F,1,8,0,NORMAL,PIT BULL,BLUE
08-04-11,STRAY,OTC,CAT,F,1,8,0,NORMAL,DOMESTIC SH,BRN TABBY
08-04-11,OWNER SUR,RETURN,DOG,S,1,10,12,NORMAL,PIT BULL,BLUE
08-04-11,STRAY,OTC,DOG,N,1,0,0,NORMAL,DACHSHUND,RED
08-04-11,OWNER SUR,OTC,DOG,N,1,0,0,NORMAL,BORDER COLLIE,BLACK
08-04-11,STRAY,OTC,CAT,S,1,0,0,NORMAL,DOMESTIC SH,BLACK
08-04-11,OWNER SUR,OTC,DOG,S,1,5,18,NORMAL,ROTTWEILER,TRICOLOR
08-04-11,STRAY,OTC,CAT,S,1,6,29,NORMAL,DOMESTIC SH,TORBIE
08-04-11,STRAY,FIELD,DOG,N,2,10,5,NORMAL,PIT BULL,TRICOLOR
08-04-11,OWNER SUR,OTC,DOG,S,2,0,0,NORMAL,SWED VALLHUND,TRICOLOR
08-04-11,OWNER SUR,OTC,DOG,S,2,3,0,NORMAL,GERM SHEPHERD,TAN
08-04-11,OWNER SUR,OTC,DOG,N,3,7,21,NORMAL,PIT BULL,TAN
08-04-11,STRAY,OTC,DOG,S,3,0,0,NORMAL,CHIHUAHUA LH,BLACK
08-04-11,OWNER SUR,RETURN,DOG,N,3,0,5,NORMAL,BOSTON TERRIER,BLACK
08-04-11,STRAY,OTC,CAT,S,3,2,23,NORMAL,DOMESTIC SH,TORBIE
08-04-11,STRAY,OTC,CAT,M,4,0,1,NORMAL,DOMESTIC SH,ORG TABBY
08-04-11,OWNER SUR,OTC,CAT,N,4,3,4,NORMAL,DOMESTIC SH,BLACK
08-04-11,PUBLIC AST,QUARANTINE,DOG,S,5,0,1,NORMAL,CHIHUAHUA SH,BROWN
08-04-11,STRAY,FIELD,DOG,S,6,0,1,INJURED,LABRADOR RETR,TAN
08-04-11,OWNER SUR,OTC,DOG,M,6,0,1,NORMAL,GERM SHEPHERD,BROWN
08-04-11,OWNER SUR,OTC,DOG,S,6,0,1,NORMAL,AUST CATTLE DOG,BLUE TICK
08-04-11,STRAY,FIELD,DOG,N,6,3,22,NORMAL,PIT BULL,BLUE
08-04-11,STRAY,OTC,DOG,N,8,0,2,NORMAL,PAPILLON,TRICOLOR
08-04-11,STRAY,OTC,DOG,N,8,0,2,NORMAL,RHOD RIDGEBACK,BROWN
08-04-11,OWNER SUR,OTC,DOG,N,9,0,2,NORMAL,BEAGLE,TRICOLOR
08-04-11,STRAY,OTC,CAT,S,11,0,0,NORMAL,DOMESTIC MH,CALICO
08-04-11,STRAY,FIELD,DOG,N,10,0,2,NORMAL,FOX TERR SMOOTH,WHITE
08-04-11,STRAY,OTC,DOG,M,12,0,29,NORMAL,PIT BULL,BROWN
08-04-11,OWNER SUR,OTC,DOG,N,15,0,3,NORMAL,CHOW CHOW,RED
08-05-11,STRAY,OTC,CAT,N,0,0,14,NORMAL,DOMESTIC SH,WHITE
08-05-11,STRAY,OTC,CAT,N,0,1,15,NORMAL,DOMESTIC SH,WHITE
08-05-11,STRAY,OTC,CAT,S,0,1,25,NORMAL,DOMESTIC SH,TORTIE
08-05-11,STRAY,OTC,CAT,S,0,1,5,NORMAL,DOMESTIC MH,TORBIE
08-05-11,STRAY,OTC,CAT,N,0,2,16,NORMAL,DOMESTIC SH,ORG TABBY
08-05-11,STRAY,OTC,CAT,N,0,2,16,NORMAL,DOMESTIC SH,CRM TABBY
08-05-11,STRAY,OTC,CAT,N,0,2,16,NORMAL,DOMESTIC SH,ORG TABBY
08-05-11,STRAY,OTC,CAT,N,0,2,16,NORMAL,DOMESTIC SH,ORG TABBY
08-05-11,OWNER SUR,OTC,DOG,S,0,2,28,NORMAL,LABRADOR RETR,CHOCOLATE
08-05-11,STRAY,FIELD,CAT,N,0,2,12,INJURED,SNOWSHOE,SEAL PT
08-05-11,STRAY,OTC,CAT,N,0,3,27,NORMAL,DOMESTIC SH,BRN TABBY
08-05-11,STRAY,OTC,CAT,S,0,3,1,NORMAL,DOMESTIC MH,BLUE
08-05-11,STRAY,OTC,CAT,N,0,3,1,NORMAL,DOMESTIC SH,BLACK
08-05-11,STRAY,FIELD,DOG,M,1,8,0,NORMAL,GERM SHEPHERD,BLACK
08-05-11,STRAY,FIELD,DOG,S,1,8,0,NORMAL,LABRADOR RETR,BLACK
08-05-11,STRAY,FIELD,DOG,N,1,10,1,NORMAL,CAIRN TERRIER,CREAM
08-05-11,STRAY,FIELD,DOG,S,1,10,1,NORMAL,LABRADOR RETR,BLACK
08-05-11,STRAY,OTC,DOG,N,1,0,0,NORMAL,DACHSHUND,BROWN
08-05-11,STRAY,FIELD,DOG,S,1,0,0,NORMAL,PIT BULL,BLUE
08-05-11,STRAY,FIELD,CAT,S,1,3,28,SICK,DOMESTIC SH,BRN TABBY
08-05-11,STRAY,OTC,DOG,N,1,6,29,NORMAL,PIT BULL,WHITE
08-05-11,PUBLIC AST,QUARANTINE,DOG,S,1,6,0,NORMAL,PIT BULL,RED
08-05-11,STRAY,FIELD,DOG,S,2,0,0,NORMAL,PIT BULL,WHITE
08-05-11,STRAY,OTC,CAT,S,2,1,21,NORMAL,DOMESTIC SH,BLACK
08-05-11,PUBLIC AST,QUARANTINE,DOG,S,2,6,29,NORMAL,HARRIER,WHITE
08-05-11,OWNER SUR,OTC,CAT,S,3,6,0,NORMAL,DOMESTIC SH,BLUE
08-05-11,STRAY,OTC,DOG,F,4,0,0,NORMAL,POODLE MIN,WHITE
08-05-11,STRAY,OTC,DOG,S,4,0,1,NORMAL,PIT BULL,BROWN
08-05-11,STRAY,OTC,DOG,S,5,9,7,NORMAL,AUST CATTLE DOG,BROWN
08-05-11,OWNER SUR,OTC,DOG,N,5,0,1,NORMAL,DACHSHUND,BLUE MERLE
08-05-11,STRAY,OTC,CAT,M,5,0,1,INJURED,DOMESTIC SH,ORANGE
08-05-11,STRAY,OTC,DOG,F,5,0,1,NORMAL,GERM SHEPHERD,BLACK
08-05-11,STRAY,FIELD,DOG,N,5,5,1,NORMAL,AM PIT BULL TER,BLUE
08-05-11,OWNER SUR,OTC,CAT,S,6,0,1,NORMAL,DOMESTIC SH,WHITE
08-05-11,OWNER SUR,OTC,CAT,S,6,0,1,NORMAL,DOMESTIC SH,WHITE
08-05-11,STRAY,OTC,CAT,S,6,0,1,NORMAL,MAINE COON,BRN TABBY
08-05-11,STRAY,OTC,DOG,F,6,0,1,NORMAL,CHIHUAHUA SH,BROWN
08-05-11,STRAY,OTC,CAT,N,6,0,1,NORMAL,DOMESTIC SH,BRN TABBY
08-05-11,OWNER SUR,OTC,CAT,S,8,0,2,NORMAL,AMER SH,ORG TABBY
08-05-11,OWNER SUR,OTC,CAT,S,10,0,2,NORMAL,DOMESTIC LH,TORBIE
08-05-11,EUTH REQ,NO SUBTYPE,DOG,M,15,0,3,INJURED,RAT TERRIER,WHITE
08-05-11,STRAY,FIELD,CAT,F,NO AGE,NORMAL,DOMESTIC SH,WHITE,,
08-06-11,STRAY,OTC,CAT,S,0,0,12,NORMAL,DOMESTIC SH,CALICO
08-06-11,STRAY,OTC,CAT,N,0,0,12,NORMAL,DOMESTIC SH,BRN TABBY
08-06-11,STRAY,OTC,CAT,S,0,0,12,NORMAL,DOMESTIC SH,BLACK
08-06-11,PUBLIC AST,EMERGENCY,CAT,S,0,1,15,NORMAL,DOMESTIC SH,BLACK
08-06-11,PUBLIC AST,EMERGENCY,CAT,N,0,1,15,NORMAL,DOMESTIC SH,BLACK
08-06-11,PUBLIC AST,EMERGENCY,CAT,M,0,1,15,NORMAL,DOMESTIC SH,BLUE
08-06-11,PUBLIC AST,EMERGENCY,CAT,S,0,1,15,NORMAL,DOMESTIC SH,BLUE
08-06-11,STRAY,OTC,CAT,N,0,1,23,NORMAL,DOMESTIC SH,BRN TABBY
08-06-11,STRAY,OTC,CAT,S,0,1,23,NORMAL,DOMESTIC SH,TORBIE
08-06-11,STRAY,OTC,CAT,S,0,1,23,NORMAL,DOMESTIC SH,TORBIE
08-06-11,OWNER SUR,OTC,CAT,S,0,1,4,NORMAL,TURKISH VAN,WHITE
08-06-11,OWNER SUR,OTC,CAT,S,0,2,16,NORMAL,DOMESTIC LH,BLACK
08-06-11,PUBLIC AST,QUARANTINE,CAT,N,0,2,16,NORMAL,DOMESTIC SH,BRN TABBY
08-06-11,OWNER SUR,OTC,CAT,S,0,2,16,NORMAL,DOMESTIC LH,WHITE
08-06-11,OWNER SUR,OTC,CAT,N,0,2,16,NORMAL,TURKISH VAN,WHITE
08-06-11,STRAY,OTC,DOG,M,0,2,0,NORMAL,LABRADOR RETR,WHITE
08-06-11,STRAY,OTC,DOG,N,0,2,0,NORMAL,POINTER,WHITE
08-06-11,STRAY,OTC,DOG,S,0,2,0,NORMAL,BOXER,BR BRINDLE
08-06-11,STRAY,OTC,DOG,S,0,2,0,NORMAL,BOXER,BR BRINDLE
08-06-11,STRAY,OTC,DOG,S,0,2,0,NORMAL,PIT BULL,BLACK
08-06-11,STRAY,OTC,DOG,S,0,2,0,NORMAL,PIT BULL,BLACK
08-06-11,OWNER SUR,OTC,CAT,N,0,3,15,NORMAL,DOMESTIC SH,BLACK
08-06-11,OWNER SUR,OTC,CAT,S,0,3,15,NORMAL,DOMESTIC SH,BLACK
08-06-11,OWNER SUR,OTC,CAT,S,0,3,15,NORMAL,DOMESTIC SH,BRN TABBY
08-06-11,OWNER SUR,OTC,CAT,S,0,3,15,NORMAL,DOMESTIC SH,BLUE TABBY
08-06-11,STRAY,OTC,CAT,S,0,3,1,NORMAL,DOMESTIC SH,WHITE
08-06-11,OWNER SUR,OTC,DOG,N,0,4,1,NORMAL,JACK RUSS TERR,TAN
08-06-11,OWNER SUR,OTC,DOG,S,0,4,1,NORMAL,JACK RUSS TERR,BR BRINDLE
08-06-11,STRAY,OTC,CAT,N,0,4,1,NORMAL,DOMESTIC SH,BLUE TABBY
08-06-11,STRAY,OTC,DOG,N,0,4,1,NORMAL,LABRADOR RETR,BLACK
08-06-11,STRAY,FIELD,DOG,N,0,5,23,NORMAL,SCHNAUZER GIANT,BROWN
08-06-11,OWNER SUR,OTC,DOG,N,1,10,1,NORMAL,GERM SH POINT,RED
08-06-11,STRAY,OTC,DOG,N,2,0,12,NORMAL,ANATOL SHEPHERD,TRICOLOR
08-06-11,STRAY,OTC,CAT,S,2,0,27,NORMAL,DOMESTIC SH,BLACK
08-06-11,OWNER SUR,OTC,DOG,M,1,0,0,NORMAL,LABRADOR RETR,BLACK
08-06-11,STRAY,FIELD,DOG,N,1,0,0,NORMAL,GERM SHEPHERD,TRICOLOR
08-06-11,PUBLIC AST,QUARANTINE,CAT,N,1,5,1,NORMAL,DOMESTIC SH,BRN TABBY
08-06-11,PUBLIC AST,OIJ,DOG,S,2,7,11,NORMAL,PIT BULL,BROWN
08-06-11,OWNER SUR,OTC,CAT,S,2,0,0,NORMAL,DOMESTIC SH,BRN TABBY
08-06-11,STRAY,FIELD,DOG,N,2,0,0,SICK,PIT BULL,BROWN
08-06-11,PUBLIC AST,OIJ,DOG,S,3,7,11,NORMAL,PIT BULL,TAN
08-06-11,STRAY,OTC,CAT,S,3,0,0,NORMAL,DOMESTIC SH,ORG TABBY
08-06-11,STRAY,OTC,DOG,N,3,0,0,NORMAL,CHIHUAHUA SH,TAN
08-06-11,STRAY,OTC,DOG,N,4,9,11,NORMAL,DACHSHUND,TAN
08-06-11,OWNER SUR,OTC,DOG,S,4,0,1,NORMAL,CHIHUAHUA SH,BUFF
08-06-11,STRAY,OTC,CAT,S,4,0,1,NORMAL,DOMESTIC SH,TORBIE
08-06-11,STRAY,OTC,CAT,N,8,0,14,NORMAL,DOMESTIC SH,ORG TABBY
08-06-11,STRAY,FIELD,DOG,N,7,0,1,NORMAL,GREAT PYRENEES,WHITE
08-06-11,OWNER SUR,OTC,CAT,N,13,0,2,NORMAL,DOMESTIC SH,BLACK
08-07-11,PUBLIC AST,SURGERY,DOG,M,0,2,15,NORMAL,POMERANIAN,BROWN
08-07-11,OWNER SUR,FIELD,DOG,S,0,2,0,NORMAL,ROTTWEILER,BLACK
08-07-11,STRAY,FIELD,DOG,F,0,2,0,NORMAL,CHIHUAHUA SH,TAN
08-07-11,OWNER SUR,OTC,CAT,S,0,2,0,NORMAL,DOMESTIC SH,BLUE TABBY
08-07-11,OWNER SUR,OTC,CAT,F,0,2,0,NORMAL,MAINE COON,BLUE TABBY
08-07-11,OWNER SUR,OTC,CAT,N,0,2,0,NORMAL,DOMESTIC SH,BLUE TABBY
08-07-11,OWNER SUR,OTC,CAT,N,0,2,0,NORMAL,DOMESTIC SH,BLUE TABBY
08-07-11,STRAY,FIELD,DOG,S,0,3,1,NORMAL,PIT BULL,BLACK
08-07-11,STRAY,FIELD,DOG,F,0,3,1,NORMAL,PIT BULL,BR BRINDLE
08-07-11,STRAY,FIELD,DOG,S,0,3,1,NORMAL,PIT BULL,BR BRINDLE
08-07-11,STRAY,OTC,DOG,N,0,4,19,NORMAL,LABRADOR RETR,CREAM
08-07-11,STRAY,FIELD,DOG,N,0,4,1,NORMAL,ALASKAN HUSKY,BROWN
08-07-11,OWNER SUR,OTC,DOG,N,0,4,1,NORMAL,YORKSHIRE TERR,BLACK
08-07-11,OWNER SUR,OTC,DOG,S,0,5,16,NORMAL,PLOTT HOUND,BR BRINDLE
08-07-11,STRAY,OTC,DOG,N,1,8,0,NORMAL,PIT BULL,TAN
08-07-11,OWNER SUR,OTC,DOG,N,1,9,0,NORMAL,CHIHUAHUA SH,WHITE
08-07-11,STRAY,FIELD,CAT,M,1,0,0,INJURED,DOMESTIC SH,YELLOW
08-07-11,STRAY,OTC,DOG,F,1,0,0,NORMAL,NORW ELKHOUND,SABLE
08-07-11,OWNER SUR,OTC,DOG,S,1,2,16,NORMAL,PIT BULL,WHITE
08-07-11,STRAY,OTC,DOG,S,1,6,29,NORMAL,CHIHUAHUA SH,TAN
08-07-11,OWNER SUR,OTC,DOG,S,2,9,16,NORMAL,AUST CATTLE DOG,WHITE
08-07-11,STRAY,OTC,CAT,N,3,0,0,NORMAL,DOMESTIC SH,BLACK
08-07-11,OWNER SUR,OTC,DOG,S,2,0,0,NORMAL,SHIH TZU,TAN
08-07-11,STRAY,OTC,DOG,N,2,0,0,NORMAL,PIT BULL,BLACK
08-07-11,STRAY,OTC,DOG,S,2,0,0,NORMAL,AMERICAN STAFF,FAWN
08-07-11,PUBLIC AST,SURGERY,DOG,S,2,2,17,NORMAL,CHIHUAHUA SH,RED
08-07-11,STRAY,OTC,DOG,N,2,4,18,NORMAL,LABRADOR RETR,TAN
08-07-11,STRAY,OTC,DOG,S,3,0,0,NORMAL,CHIHUAHUA SH,BUFF
08-07-11,STRAY,OTC,CAT,N,3,0,0,NORMAL,DOMESTIC SH,BLUE TABBY
08-07-11,STRAY,FIELD,DOG,S,4,0,1,NORMAL,YORKSHIRE TERR,BROWN
08-07-11,OWNER SUR,OTC,DOG,S,5,0,1,NORMAL,GERM SHEPHERD,SABLE
08-07-11,STRAY,OTC,DOG,N,6,6,1,NORMAL,PIT BULL,BLACK
08-07-11,OWNER SUR,RETURN,DOG,S,7,0,1,NORMAL,SCHNAUZER MIN,BLACK
08-07-11,OWNER SUR,OTC,DOG,S,8,0,2,NORMAL,GERM SH POINT,LIVER
08-07-11,STRAY,OTC,DOG,N,8,0,2,NORMAL,PEKINGESE,RED
08-07-11,OWNER SUR,RETURN,DOG,S,9,1,17,NORMAL,PIT BULL,WHITE
08-07-11,OWNER SUR,OTC,DOG,N,10,0,2,NORMAL,CHIHUAHUA SH,TRICOLOR
08-08-11,STRAY,OTC,DOG,M,0,2,16,SICK,POODLE MIN,APRICOT
08-08-11,OWNER SUR,OTC,CAT,N,0,3,20,NORMAL,DOMESTIC SH,BLUE
08-08-11,OWNER SUR,RETURN,CAT,S,0,3,23,NORMAL,DOMESTIC SH,CALICO
08-08-11,OWNER SUR,RETURN,CAT,N,0,3,23,NORMAL,DOMESTIC SH,BRN TABBY
08-08-11,STRAY,OTC,DOG,S,0,4,28,NORMAL,GERM SHEPHERD,BLACK
08-08-11,STRAY,OTC,DOG,N,0,5,1,NORMAL,AMER BULLDOG,WHITE
08-08-11,STRAY,FIELD,DOG,S,0,6,29,NORMAL,PIT BULL,BLACK
08-08-11,STRAY,OTC,DOG,M,1,10,1,NORMAL,PIT BULL,CHOCOLATE
08-08-11,OWNER SUR,OTC,DOG,S,1,0,0,NORMAL,GERM SHEPHERD,BLACK
08-08-11,STRAY,FIELD,DOG,N,2,6,5,NORMAL,BEAGLE,TAN
08-08-11,PUBLIC AST,QUARANTINE,DOG,N,2,0,0,NORMAL,PIT BULL,BLACK
08-08-11,STRAY,FIELD,DOG,S,2,0,0,INJURED,DACHSHUND,RED
08-08-11,STRAY,FIELD,DOG,N,2,0,0,NORMAL,LABRADOR RETR,BLACK
08-08-11,STRAY,OTC,DOG,N,4,0,0,NORMAL,PIT BULL,BLUE
08-08-11,STRAY,OTC,DOG,S,3,0,0,NORMAL,AMERICAN STAFF,RED
08-08-11,STRAY,FIELD,DOG,N,3,0,0,NORMAL,CATAHOULA,WHITE
08-08-11,STRAY,OTC,DOG,N,3,0,0,NORMAL,LABRADOR RETR,BLACK
08-08-11,STRAY,OTC,DOG,N,3,0,2,NORMAL,SIBERIAN HUSKY,WHITE
08-08-11,STRAY,OTC,DOG,N,4,0,1,NORMAL,LABRADOR RETR,BLACK
08-08-11,STRAY,FIELD,DOG,N,4,6,0,NORMAL,AMER BULLDOG,WHITE
08-08-11,OWNER SUR,OTC,DOG,N,5,0,1,NORMAL,DACHSHUND,BLACK
08-08-11,STRAY,OTC,CAT,N,5,0,1,NORMAL,DOMESTIC SH,BLACK
08-08-11,STRAY,OTC,DOG,S,5,1,7,NORMAL,CHIHUAHUA SH,WHITE
08-08-11,STRAY,OTC,DOG,N,6,0,1,NORMAL,LABRADOR RETR,BLACK
08-08-11,OWNER SUR,RETURN,DOG,F,8,11,15,NORMAL,GERM SHEPHERD,BLACK
08-08-11,STRAY,OTC,DOG,N,8,0,2,NORMAL,SCHNAUZER MIN,BLACK
08-08-11,OWNER SUR,OTC,CAT,S,10,0,2,NORMAL,DOMESTIC LH,CALICO
08-08-11,OWNER SUR,OTC,CAT,S,10,0,2,NORMAL,DOMESTIC SH,BLACK
08-09-11,STRAY,OTC,CAT,S,0,1,26,NORMAL,DOMESTIC SH,BLUE
08-09-11,OWNER SUR,OTC,DOG,S,0,1,6,NURSING,DACHSHUND,BLACK
08-09-11,OWNER SUR,OTC,DOG,N,0,1,6,NURSING,DACHSHUND,CREAM
08-09-11,OWNER SUR,OTC,DOG,S,0,1,6,NURSING,DACHSHUND,CREAM
08-09-11,OWNER SUR,OTC,DOG,S,0,1,6,NURSING,DACHSHUND,TAN
08-09-11,OWNER SUR,OTC,DOG,N,0,1,6,NURSING,DACHSHUND,TAN
08-09-11,OWNER SUR,OTC,DOG,S,0,1,6,NURSING,DACHSHUND,BROWN
08-09-11,OWNER SUR,OTC,DOG,N,0,1,6,NURSING,DACHSHUND,TAN
08-09-11,OWNER SUR,OTC,DOG,S,0,1,6,NURSING,DACHSHUND,TAN
08-09-11,STRAY,OTC,CAT,S,0,1,8,NORMAL,DOMESTIC SH,BLUE
08-09-11,OWNER SUR,FIELD,DOG,F,0,2,19,NORMAL,SCHNAUZER GIANT,BLACK
08-09-11,OWNER SUR,FIELD,DOG,F,0,2,19,NORMAL,SCHNAUZER GIANT,BLACK
08-09-11,OWNER SUR,FIELD,DOG,M,0,2,19,NORMAL,SCHNAUZER GIANT,BLACK
08-09-11,OWNER SUR,OTC,CAT,N,0,3,15,NORMAL,DOMESTIC SH,ORG TABBY
08-09-11,OWNER SUR,OTC,CAT,N,0,3,15,NORMAL,DOMESTIC SH,ORG TABBY
08-09-11,OWNER SUR,OTC,CAT,N,0,3,15,NORMAL,DOMESTIC SH,BLACK
08-09-11,OWNER SUR,OTC,CAT,S,0,3,15,NORMAL,DOMESTIC SH,BLACK
08-09-11,OWNER SUR,OTC,CAT,N,0,3,15,NORMAL,DOMESTIC SH,ORG TABBY
08-09-11,STRAY,FIELD,DOG,N,1,8,0,NORMAL,BEAGLE,BLACK
08-09-11,STRAY,OTC,DOG,S,1,8,0,OTHER,BELG MALINOIS,BROWN
08-09-11,STRAY,OTC,DOG,N,1,9,29,NORMAL,BEAGLE,BLACK
08-09-11,STRAY,OTC,DOG,N,1,10,1,NORMAL,POINTER,BLACK
08-09-11,STRAY,OTC,DOG,S,1,11,0,NORMAL,PIT BULL,WHITE
08-09-11,STRAY,OTC,DOG,S,1,0,0,NORMAL,LABRADOR RETR,BL BRINDLE
08-09-11,STRAY,OTC,DOG,N,1,0,0,NORMAL,LABRADOR RETR,BLACK
08-09-11,STRAY,OTC,DOG,S,1,3,1,NORMAL,CATAHOULA,TAN
08-09-11,STRAY,OTC,DOG,S,1,5,0,NORMAL,WEIMARANER,BLUE
08-09-11,OWNER SUR,OTC,DOG,N,1,6,13,NORMAL,AMER BULLDOG,BR BRINDLE
08-09-11,STRAY,OTC,CAT,S,1,6,29,NORMAL,DOMESTIC SH,BLACK
08-09-11,OWNER SUR,OTC,CAT,S,1,6,29,NORMAL,DOMESTIC MH,TORBIE
08-09-11,OWNER SUR,OTC,DOG,N,2,8,22,NORMAL,PIT BULL,BLACK
08-09-11,OWNER SUR,FIELD,DOG,S,2,0,0,NORMAL,CATAHOULA,BLACK
08-09-11,OWNER SUR,OTC,DOG,S,2,6,29,NORMAL,BORDER TERRIER,TAN
08-09-11,OWNER SUR,OTC,DOG,S,2,6,29,NORMAL,PIT BULL,BLACK
08-09-11,STRAY,OTC,DOG,N,3,0,0,NORMAL,PIT BULL,WHITE
08-09-11,PUBLIC AST,QUARANTINE,DOG,M,3,0,0,NORMAL,SIBERIAN HUSKY,WHITE
08-09-11,OWNER SUR,OTC,DOG,S,3,0,0,NURSING,DACHSHUND,BLACK
08-09-11,STRAY,OTC,DOG,S,3,0,0,OTHER,BELG MALINOIS,BROWN
08-09-11,STRAY,OTC,CAT,N,3,0,0,NORMAL,DOMESTIC SH,ORG TABBY
08-09-11,STRAY,OTC,DOG,S,3,6,0,NORMAL,JACK RUSS TERR,BROWN
08-09-11,STRAY,OTC,DOG,S,4,0,1,NORMAL,CHIHUAHUA SH,TAN
08-09-11,STRAY,FIELD,DOG,N,4,6,0,NORMAL,BRITTANY,WHITE
08-09-11,STRAY,OTC,DOG,N,5,7,8,NORMAL,ROTTWEILER,BROWN
08-09-11,OWNER SUR,OTC,CAT,N,6,0,26,INJURED,DOMESTIC SH,ORG TABBY
08-09-11,STRAY,FIELD,DOG,F,6,0,28,NORMAL,PIT BULL,BLUE
08-09-11,STRAY,OTC,DOG,N,6,0,1,INJURED,CHIHUAHUA SH,RED
08-09-11,STRAY,OTC,DOG,S,6,0,1,NORMAL,JACK RUSS TERR,WHITE
08-09-11,STRAY,OTC,CAT,S,8,0,2,NORMAL,HIMALAYAN,TORTIE PT
08-09-11,STRAY,OTC,DOG,S,8,0,2,NORMAL,BOXER,BROWN
08-09-11,OWNER SUR,RETURN,DOG,S,9,7,8,AGED,LABRADOR RETR,BROWN
08-09-11,STRAY,OTC,DOG,M,14,0,3,NORMAL,DACHSHUND,BROWN
08-10-11,STRAY,OTC,CAT,N,0,2,0,NORMAL,DOMESTIC SH,BLACK
08-10-11,STRAY,OTC,DOG,N,0,3,15,NORMAL,SCHNAUZER STAND,GRAY
08-10-11,OWNER SUR,OTC,DOG,S,0,4,16,NORMAL,ROTTWEILER,BLACK
08-10-11,OWNER SUR,OTC,CAT,N,0,5,0,NORMAL,DOMESTIC SH,BRN TABBY
08-10-11,OWNER SUR,OTC,CAT,S,0,5,16,NORMAL,DOMESTIC SH,BLUE
08-10-11,STRAY,OTC,DOG,S,0,5,26,NORMAL,BORDER COLLIE,TAN
08-10-11,STRAY,FIELD,DOG,S,1,7,24,NORMAL,LABRADOR RETR,BLACK
08-10-11,STRAY,FIELD,DOG,F,1,8,0,NORMAL,CHIHUAHUA SH,TRICOLOR
08-10-11,STRAY,FIELD,DOG,M,1,8,0,NORMAL,CHIHUAHUA SH,TRICOLOR
08-10-11,PUBLIC AST,QUARANTINE,CAT,N,1,9,0,NORMAL,DOMESTIC SH,WHITE
08-10-11,OWNER SUR,OTC,DOG,S,1,9,0,NORMAL,PIT BULL,WHITE
08-10-11,STRAY,FIELD,DOG,N,1,10,1,NORMAL,AFFENPINSCHER,WHITE
08-10-11,STRAY,OTC,DOG,F,1,0,0,INJURED,GERM SHEPHERD,BLACK
08-10-11,STRAY,FIELD,DOG,N,1,0,0,NORMAL,DACHSHUND,BLACK
08-10-11,STRAY,FIELD,DOG,N,1,0,0,NORMAL,QUEENSLAND HEEL,TAN
08-10-11,STRAY,OTC,DOG,S,1,1,20,NORMAL,PIT BULL,BLUE
08-10-11,STRAY,FIELD,DOG,S,1,5,1,NORMAL,LABRADOR RETR,BLACK
08-10-11,PUBLIC AST,QUARANTINE,DOG,S,1,5,2,NORMAL,LABRADOR RETR,TAN
08-10-11,STRAY,FIELD,DOG,S,1,6,29,NORMAL,GERM SHEPHERD,SABLE
08-10-11,OWNER SUR,RETURN,DOG,S,2,9,19,NORMAL,AUST CATTLE DOG,WHITE
08-10-11,STRAY,FIELD,DOG,N,2,0,0,INJURED,CHIHUAHUA SH,BLACK
08-10-11,STRAY,FIELD,DOG,N,2,0,0,NORMAL,CHIHUAHUA SH,TAN
08-10-11,STRAY,FIELD,DOG,S,2,0,0,NORMAL,WELSH CORGI PEM,TAN
08-10-11,STRAY,OTC,CAT,N,4,0,15,NORMAL,DOMESTIC LH,BLUE
08-10-11,STRAY,FIELD,DOG,N,3,0,0,NORMAL,PIT BULL,BR BRINDLE
08-10-11,STRAY,OTC,DOG,M,4,0,1,NORMAL,YORKSHIRE TERR,TAN
08-10-11,STRAY,OTC,CAT,N,4,0,1,NORMAL,DOMESTIC SH,BLACK
08-10-11,STRAY,OTC,CAT,N,4,0,1,NORMAL,DOMESTIC SH,BLUE
08-10-11,STRAY,OTC,CAT,N,4,0,1,NORMAL,DOMESTIC SH,BLUE
08-10-11,STRAY,OTC,CAT,N,4,0,1,NORMAL,DOMESTIC SH,BLUE
08-10-11,STRAY,OTC,CAT,N,4,0,1,NORMAL,DOMESTIC SH,BLACK
08-10-11,STRAY,OTC,CAT,N,4,0,1,NORMAL,DOMESTIC SH,BRN TABBY
08-10-11,OWNER SUR,OTC,DOG,N,4,3,29,NORMAL,CAIRN TERRIER,BLACK
08-10-11,STRAY,FIELD,DOG,N,4,5,0,NORMAL,AUST CATTLE DOG,RED TICK
08-10-11,STRAY,FIELD,DOG,N,6,10,10,NORMAL,AUST CATTLE DOG,TRICOLOR
08-10-11,STRAY,OTC,DOG,S,7,8,26,NORMAL,BORDER TERRIER,TRICOLOR
08-10-11,OWNER SUR,OTC,CAT,S,7,0,1,NORMAL,DOMESTIC SH,BLUE
08-10-11,OWNER SUR,OTC,CAT,N,7,0,1,NORMAL,AMER SH,BLACK
08-10-11,OWNER SUR,RETURN,DOG,N,10,0,27,NORMAL,PUG,BLACK
08-10-11,STRAY,OTC,CAT,S,9,3,27,NORMAL,DOMESTIC SH,BLACK
08-10-11,STRAY,FIELD,DOG,M,10,0,2,AGED,DACHSHUND,BLACK
08-10-11,PUBLIC AST,QUARANTINE,CAT,S,12,7,2,NORMAL,DOMESTIC MH,GRAY
08-11-11,OWNER SUR,OTC,CAT,N,0,2,16,NORMAL,DOMESTIC MH,BLACK
08-11-11,OWNER SUR,OTC,CAT,S,0,2,16,NORMAL,DOMESTIC MH,BLACK
08-11-11,OWNER SUR,OTC,CAT,S,0,2,16,NORMAL,DOMESTIC SH,BLACK
08-11-11,OWNER SUR,OTC,CAT,N,0,2,16,NORMAL,DOMESTIC SH,BLACK
08-11-11,OWNER SUR,OTC,CAT,N,0,3,15,NORMAL,DOMESTIC SH,BRN TABBY
08-11-11,OWNER SUR,OTC,CAT,M,0,3,22,NORMAL,DOMESTIC SH,CRM TABBY
08-11-11,OWNER SUR,OTC,CAT,F,0,3,22,NORMAL,DOMESTIC MH,TORTIE
08-11-11,STRAY,FIELD,DOG,S,0,3,1,NORMAL,LABRADOR RETR,WHITE
08-11-11,STRAY,FIELD,DOG,S,0,3,1,NORMAL,LABRADOR RETR,WHITE
08-11-11,STRAY,FIELD,DOG,S,0,3,1,NORMAL,LABRADOR RETR,WHITE
08-11-11,STRAY,FIELD,DOG,N,0,3,1,NORMAL,LABRADOR RETR,BLACK
08-11-11,STRAY,FIELD,DOG,N,0,4,16,NORMAL,LABRADOR RETR,BROWN
08-11-11,STRAY,OTC,DOG,S,0,4,1,NORMAL,BEAGLE,WHITE
08-11-11,STRAY,OTC,CAT,N,0,5,29,NORMAL,DOMESTIC SH,CRM TABBY
08-11-11,STRAY,OTC,DOG,N,0,6,16,NORMAL,PIT BULL,BLACK
08-11-11,PUBLIC AST,INVESTIGAT,CAT,S,0,6,19,NORMAL,DOMESTIC SH,TORTIE
08-11-11,PUBLIC AST,INVESTIGAT,CAT,S,0,6,21,NORMAL,DOMESTIC SH,BLACK
08-11-11,PUBLIC AST,INVESTIGAT,CAT,N,0,6,21,NORMAL,DOMESTIC SH,ORG TABBY
08-11-11,OWNER SUR,OTC,DOG,S,0,6,29,NORMAL,CHIHUAHUA SH,WHITE
08-11-11,OWNER SUR,OTC,CAT,S,1,10,1,NORMAL,DOMESTIC SH,BLACK
08-11-11,PUBLIC AST,INVESTIGAT,CAT,S,1,0,0,NORMAL,DOMESTIC SH,TORTIE
08-11-11,STRAY,OTC,CAT,N,1,0,0,NORMAL,DOMESTIC SH,BLACK
08-11-11,STRAY,OTC,DOG,N,1,0,0,NORMAL,PIT BULL,BLUE
08-11-11,PUBLIC AST,INVESTIGAT,CAT,S,1,0,0,NORMAL,DOMESTIC SH,TORTIE
08-11-11,OWNER SUR,OTC,DOG,N,1,0,0,NORMAL,DACHSHUND,BLACK
08-11-11,STRAY,FIELD,DOG,S,1,0,0,NORMAL,LABRADOR RETR,BLACK
08-11-11,OWNER SUR,OTC,DOG,N,1,6,29,NORMAL,POODLE MIN,TAN
08-11-11,STRAY,OTC,CAT,N,2,0,0,NORMAL,DOMESTIC SH,BLACK
08-11-11,STRAY,FIELD,DOG,M,2,0,0,NORMAL,AMER BULLDOG,WHITE
08-11-11,STRAY,OTC,CAT,S,2,0,0,PREGNANT,DOMESTIC SH,CALICO
08-11-11,OWNER SUR,OTC,DOG,S,2,0,0,NORMAL,DACHSHUND,BLACK
08-11-11,OWNER SUR,OTC,DOG,N,2,0,0,NORMAL,DACHSHUND,TRICOLOR
08-11-11,PUBLIC AST,QUARANTINE,DOG,M,2,0,0,NORMAL,BOXER,BROWN
08-11-11,PUBLIC AST,QUARANTINE,DOG,N,2,0,5,NORMAL,CATAHOULA,TAN
08-11-11,STRAY,FIELD,DOG,S,3,0,0,NORMAL,STAFFORDSHIRE,BLUE TIGER
08-11-11,STRAY,OTC,CAT,S,3,0,0,NORMAL,AMER SH,CALICO
08-11-11,STRAY,OTC,CAT,S,3,0,0,NORMAL,DOMESTIC SH,TORTIE
08-11-11,STRAY,OTC,DOG,S,3,1,25,NORMAL,LABRADOR RETR,BLACK
08-11-11,PUBLIC AST,QUARANTINE,DOG,N,3,6,0,NORMAL,AUST SHEPHERD,WHITE
08-11-11,STRAY,FIELD,DOG,N,4,9,25,NORMAL,GERM SHEPHERD,CREAM
08-11-11,OWNER SUR,OTC,CAT,N,4,0,0,NORMAL,DOMESTIC SH,BRN TABBY
08-11-11,OWNER SUR,OTC,DOG,S,4,0,1,NORMAL,LABRADOR RETR,TAN
08-11-11,STRAY,OTC,DOG,N,4,0,1,NORMAL,POODLE TOY,WHITE
08-11-11,PUBLIC AST,QUARANTINE,DOG,F,4,2,25,NORMAL,PIT BULL,TAN
08-11-11,OWNER SUR,NO SUBTYPE,CAT,N,5,9,14,NORMAL,DOMESTIC SH,BRN TABBY
08-11-11,OWNER SUR,OTC,CAT,S,5,0,1,NORMAL,DOMESTIC LH,WHITE
08-11-11,OWNER SUR,OTC,CAT,S,8,0,2,NORMAL,DOMESTIC MH,BLACK
08-11-11,STRAY,FIELD,DOG,M,10,0,29,NORMAL,PIT BULL,WHITE
08-12-11,STRAY,OTC,CAT,N,0,1,15,NURSING,DOMESTIC SH,BLUE
08-12-11,STRAY,OTC,CAT,N,0,1,15,NURSING,DOMESTIC SH,BLACK
08-12-11,STRAY,OTC,CAT,S,0,1,15,NURSING,DOMESTIC SH,CALICO
08-12-11,STRAY,OTC,CAT,S,0,1,15,NURSING,DOMESTIC SH,TORTIE
08-12-11,STRAY,OTC,CAT,S,0,1,22,NURSING,DOMESTIC SH,TORBIE
08-12-11,STRAY,OTC,CAT,S,0,1,22,NURSING,DOMESTIC SH,TORBIE
08-12-11,STRAY,OTC,CAT,N,0,1,8,NORMAL,DOMESTIC SH,BLACK
08-12-11,OWNER SUR,OTC,CAT,S,0,2,28,NORMAL,DOMESTIC MH,BLACK
08-12-11,OWNER SUR,FIELD,DOG,S,0,2,0,NORMAL,CHIHUAHUA SH,TRICOLOR
08-12-11,OWNER SUR,FIELD,DOG,N,0,2,0,NORMAL,CHIHUAHUA SH,TRICOLOR
08-12-11,OWNER SUR,FIELD,DOG,N,0,2,0,NORMAL,CHIHUAHUA SH,TRICOLOR
08-12-11,OWNER SUR,OTC,DOG,S,0,2,0,NORMAL,BORDER COLLIE,BLACK
08-12-11,OWNER SUR,OTC,DOG,N,0,2,0,NORMAL,BORDER COLLIE,WHITE
08-12-11,OWNER SUR,OTC,DOG,S,0,2,0,NORMAL,BORDER COLLIE,CREAM
08-12-11,OWNER SUR,OTC,DOG,N,0,2,12,NORMAL,BORDER COLLIE,BLACK
08-12-11,OWNER SUR,OTC,DOG,S,0,2,13,NORMAL,BORDER COLLIE,WHITE
08-12-11,OWNER SUR,OTC,CAT,N,0,3,15,NORMAL,DOMESTIC SH,WHITE
08-12-11,OWNER SUR,RETURN,CAT,N,0,3,25,NORMAL,DOMESTIC SH,BRN TABBY
08-12-11,STRAY,OTC,CAT,S,0,5,1,NORMAL,DOMESTIC SH,BLACK
08-12-11,STRAY,OTC,CAT,N,0,5,1,NORMAL,DOMESTIC MH,BLACK
08-12-11,OWNER SUR,OTC,DOG,N,1,8,0,NORMAL,GERM SHEPHERD,BROWN
08-12-11,STRAY,FIELD,DOG,N,2,0,28,INJURED,COLLIE ROUGH,BROWN
08-12-11,OWNER SUR,FIELD,DOG,N,1,0,0,NORMAL,CHIHUAHUA SH,TRICOLOR
08-12-11,OWNER SUR,OTC,DOG,N,1,0,0,NORMAL,AUST SHEPHERD,BLACK
08-12-11,STRAY,OTC,CAT,S,1,0,0,NURSING,DOMESTIC SH,BRN TABBY
08-12-11,STRAY,FIELD,DOG,N,1,0,0,NORMAL,LABRADOR RETR,TAN
08-12-11,STRAY,OTC,DOG,S,1,0,0,NORMAL,PIT BULL,FAWN
08-12-11,OWNER SUR,OTC,DOG,S,1,6,29,NORMAL,BORDER COLLIE,BLACK
08-12-11,STRAY,OTC,DOG,S,2,1,18,NORMAL,PIT BULL,CHOCOLATE
08-12-11,STRAY,OTC,DOG,S,3,0,0,NORMAL,CATAHOULA,TAN
08-12-11,OWNER SUR,OTC,CAT,N,4,0,1,NORMAL,DOMESTIC SH,BRN TABBY
08-12-11,STRAY,OTC,DOG,M,4,0,1,NORMAL,PIT BULL,CHOCOLATE
08-12-11,STRAY,OTC,CAT,N,5,0,1,NORMAL,DOMESTIC SH,BLUE
08-12-11,OWNER SUR,OTC,DOG,N,6,9,12,NORMAL,BASENJI,RED
08-12-11,OWNER SUR,OTC,CAT,S,7,1,13,NORMAL,MAINE COON,TORBIE
08-12-11,STRAY,OTC,DOG,F,10,0,2,NORMAL,CHIHUAHUA LH,CHOCOLATE
08-12-11,STRAY,FIELD,DOG,S,12,0,3,NORMAL,ROTTWEILER,BLACK
08/13/2011,STRAY,OTC,CAT,N,0,0,7,NORMAL,SIAMESE,BLUE PT
08/13/2011,STRAY,OTC,CAT,M,0,0,7,NORMAL,SIAMESE,BLUE PT
08/13/2011,STRAY,OTC,CAT,S,0,1,15,NORMAL,DOMESTIC SH,BLUE
08/13/2011,STRAY,OTC,CAT,F,0,1,15,NORMAL,DOMESTIC SH,CALICO
08/13/2011,STRAY,OTC,CAT,F,0,1,15,NORMAL,DOMESTIC SH,CALICO
08/13/2011,STRAY,OTC,CAT,M,0,1,15,NORMAL,DOMESTIC SH,BLUE
08/13/2011,STRAY,OTC,CAT,S,0,1,15,NORMAL,DOMESTIC SH,BRN TABBY
08/13/2011,STRAY,OTC,CAT,N,0,1,15,NORMAL,DOMESTIC SH,BRN TABBY
08/13/2011,STRAY,OTC,CAT,N,0,1,15,NORMAL,DOMESTIC SH,BROWN
08/13/2011,STRAY,OTC,CAT,N,0,1,15,NORMAL,DOMESTIC SH,GRAY TABBY
08/13/2011,STRAY,OTC,CAT,M,0,1,15,NORMAL,DOMESTIC SH,GRAY
08/13/2011,STRAY,EMERG CLC,CAT,N,0,1,15,NURSING,DOMESTIC SH,BRN TABBY
08/13/2011,STRAY,EMERG CLC,CAT,N,0,1,15,NURSING,DOMESTIC SH,BRN TABBY
08/13/2011,STRAY,EMERG CLC,CAT,S,0,1,15,NURSING,DOMESTIC SH,CALICO
08/13/2011,STRAY,OTC,CAT,F,0,1,22,NORMAL,DOMESTIC SH,BLUE
08/13/2011,STRAY,OTC,CAT,M,0,1,22,NORMAL,DOMESTIC SH,BRN TABBY
08/13/2011,STRAY,OTC,CAT,F,0,1,22,NORMAL,DOMESTIC SH,BRN TABBY
08/13/2011,STRAY,OTC,CAT,M,0,1,22,NORMAL,DOMESTIC SH,BLACK
08/13/2011,STRAY,OTC,DOG,S,0,2,16,NORMAL,DACHSHUND,BROWN
08/13/2011,STRAY,OTC,DOG,N,0,2,16,NORMAL,DACHSHUND,RED
08/13/2011,STRAY,OTC,DOG,N,0,2,16,NORMAL,DACHSHUND,RED
08/13/2011,STRAY,OTC,DOG,N,0,2,16,NORMAL,DACHSHUND,BROWN
08/13/2011,PUBLIC AST,QUARANTINE,CAT,M,0,2,23,SICK,DOMESTIC SH,BLACK
08/13/2011,STRAY,OTC,DOG,S,0,2,11,NORMAL,PIT BULL,BROWN
08/13/2011,STRAY,OTC,DOG,S,0,3,17,NORMAL,PLOTT HOUND,BR BRINDLE
08/13/2011,STRAY,OTC,DOG,N,0,3,27,NORMAL,LABRADOR RETR,BLACK
08/13/2011,STRAY,OTC,DOG,N,0,3,27,NORMAL,LABRADOR RETR,TAN
08/13/2011,STRAY,OTC,DOG,N,0,3,7,NORMAL,AUST CATTLE DOG,TRICOLOR
08/13/2011,OWNER SUR,OTC,CAT,S,0,4,28,NORMAL,DOMESTIC SH,BLACK
08/13/2011,OWNER SUR,OTC,CAT,S,0,4,1,NORMAL,DOMESTIC SH,TORTIE
08/13/2011,STRAY,OTC,CAT,N,0,5,23,NORMAL,DOMESTIC SH,ORG TABBY
08/13/2011,STRAY,FIELD,DOG,N,0,6,18,NORMAL,RHOD RIDGEBACK,BLACK
08/13/2011,STRAY,OTC,CAT,N,1,11,2,NORMAL,RUSSIAN BLUE,BLUE
08/13/2011,STRAY,OTC,DOG,S,1,0,0,NORMAL,ALASK MALAMUTE,CREAM
08/13/2011,OWNER SUR,OTC,DOG,N,1,0,0,NORMAL,LABRADOR RETR,BLACK
08/13/2011,STRAY,OTC,DOG,N,1,6,29,NORMAL,MANCHESTER TERR,BLACK
08/13/2011,STRAY,OTC,DOG,N,2,10,29,NORMAL,LABRADOR RETR,CHOCOLATE
08/13/2011,STRAY,OTC,CAT,S,2,10,11,NORMAL,DOMESTIC SH,BLACK
08/13/2011,STRAY,OTC,CAT,S,2,0,0,NORMAL,DOMESTIC SH,BLACK
08/13/2011,STRAY,FIELD,DOG,S,2,0,0,NORMAL,PIT BULL,FAWN
08/13/2011,STRAY,OTC,CAT,S,2,0,0,NORMAL,DOMESTIC SH,TORBIE
08/13/2011,STRAY,FIELD,DOG,N,2,0,0,NORMAL,AM PIT BULL TER,BR BRINDLE
08/13/2011,PUBLIC AST,QUARANTINE,DOG,M,2,4,11,NORMAL,PIT BULL,BLUE
08/13/2011,STRAY,OTC,CAT,F,3,0,0,NORMAL,DOMESTIC SH,GRAY
08/13/2011,OWNER SUR,OTC,DOG,S,3,1,21,NORMAL,POODLE TOY,BLACK
08/13/2011,PUBLIC AST,QUARANTINE,DOG,S,3,1,13,NORMAL,LABRADOR RETR,BUFF
08/13/2011,PUBLIC AST,QUARANTINE,CAT,S,4,0,1,NORMAL,DOMESTIC SH,TORTIE
08/13/2011,STRAY,OTC,DOG,N,4,0,1,NORMAL,JINDO,CREAM
08/13/2011,STRAY,FIELD,DOG,F,4,0,1,NORMAL,GREAT PYRENEES,WHITE
08/13/2011,OWNER SUR,OTC,CAT,N,4,0,1,NORMAL,MAINE COON,BRN TABBY
08/13/2011,OWNER SUR,OTC,DOG,S,5,0,1,NORMAL,WELSH CORGI CAR,BLACK
08/13/2011,OWNER SUR,OTC,CAT,S,5,0,1,NORMAL,DOMESTIC SH,TORTIE
08/13/2011,PUBLIC AST,QUARANTINE,DOG,S,5,0,1,NORMAL,AUST CATTLE DOG,BLACK
08/13/2011,STRAY,FIELD,CAT,M,5,0,1,INJURED,DOMESTIC SH,BLACK
08/13/2011,STRAY,OTC,DOG,S,6,0,1,NORMAL,DACHSHUND,BROWN
08/13/2011,PUBLIC AST,QUARANTINE,DOG,N,6,6,16,NORMAL,AKITA,RED
08/13/2011,OWNER SUR,OTC,DOG,N,8,0,2,NORMAL,STAFFORDSHIRE,BLACK
08/13/2011,PUBLIC AST,QUARANTINE,DOG,N,8,5,0,NORMAL,DACHSHUND,RED
08/13/2011,STRAY,OTC,DOG,N,9,0,2,NORMAL,LABRADOR RETR,BLACK
08/13/2011,STRAY,OTC,DOG,N,10,0,2,NORMAL,CHIHUAHUA SH,BLACK
08/13/2011,OWNER SUR,OTC,DOG,N,10,1,6,NORMAL,KEESHOND,TAN
08/13/2011,EUTH REQ,NO SUBTYPE,DOG,F,11,0,2,AGED,ROTTWEILER,BLACK
08/14/2011,STRAY,OTC,CAT,N,0,1,22,NORMAL,DOMESTIC SH,BRN TABBY
08/14/2011,PUBLIC AST,QUARANTINE,DOG,N,0,3,18,NORMAL,PIT BULL,BLUE
08/14/2011,OWNER SUR,RETURN,CAT,N,0,3,20,NORMAL,DOMESTIC SH,ORG TABBY
08/14/2011,STRAY,OTC,CAT,N,0,4,16,NORMAL,DOMESTIC SH,GRAY TABBY
08/14/2011,PUBLIC AST,SURGERY,CAT,S,0,4,20,NORMAL,DOMESTIC MH,BLUE TABBY
08/14/2011,STRAY,OTC,CAT,N,0,4,1,NORMAL,DOMESTIC SH,BLACK
08/14/2011,STRAY,OTC,CAT,N,0,4,1,NORMAL,DOMESTIC SH,BRN TABBY
08/14/2011,STRAY,OTC,CAT,S,0,4,1,NORMAL,DOMESTIC SH,BRN TABBY
08/14/2011,STRAY,OTC,CAT,N,0,5,1,NORMAL,DOMESTIC SH,BRN TABBY
08/14/2011,STRAY,FIELD,DOG,S,1,8,0,NORMAL,AUST CATTLE DOG,BROWN
08/14/2011,OWNER SUR,RETURN,DOG,N,1,9,28,NORMAL,NORWICH TERRIER,TAN
08/14/2011,STRAY,OTC,DOG,N,1,0,6,NORMAL,RAT TERRIER,TRICOLOR
08/14/2011,STRAY,FIELD,DOG,S,1,2,0,NORMAL,PIT BULL,BROWN
08/14/2011,STRAY,OTC,CAT,S,1,6,29,NORMAL,DOMESTIC SH,BRN TABBY
08/14/2011,STRAY,OTC,DOG,N,2,7,8,NORMAL,BORDER COLLIE,WHITE
08/14/2011,STRAY,FIELD,DOG,M,2,0,0,NORMAL,PRESA CANARIO,BROWN
08/14/2011,PUBLIC AST,QUARANTINE,DOG,N,2,6,29,NORMAL,BOXER,TAN
08/14/2011,STRAY,FIELD,DOG,N,4,0,29,NORMAL,WEIMARANER,CHOCOLATE
08/14/2011,STRAY,OTC,CAT,N,3,0,0,NORMAL,DOMESTIC MH,BLUE
08/14/2011,OWNER SUR,OTC,CAT,S,3,5,1,NORMAL,MANX,WHITE
08/14/2011,STRAY,OTC,DOG,N,4,7,3,NORMAL,GREAT DANE,BLACK
08/14/2011,STRAY,OTC,DOG,S,6,0,28,NORMAL,BORDER COLLIE,BLACK
08/14/2011,STRAY,OTC,DOG,N,5,0,1,NORMAL,BORDER TERRIER,SILVER
08/14/2011,OWNER SUR,OTC,CAT,S,5,0,1,NORMAL,DOMESTIC SH,BRN TABBY
08/14/2011,STRAY,OTC,CAT,N,7,0,1,NORMAL,TURKISH VAN,WHITE
08/14/2011,STRAY,OTC,CAT,N,10,0,0,SICK,DOMESTIC SH,BLACK
08/14/2011,STRAY,OTC,DOG,S,11,0,2,NORMAL,GERM SHEPHERD,TAN
08/14/2011,OWNER SUR,OTC,DOG,S,12,11,28,NORMAL,COCKER SPAN,BLACK
08/14/2011,OWNER SUR,OTC,DOG,N,14,11,28,NORMAL,LABRADOR RETR,BLACK
08/14/2011,STRAY,OTC,DOG,N,17,0,3,NORMAL,SCHNAUZER MIN,SILVER
08/14/2011,STRAY,OTC,DOG,N,19,0,3,NORMAL,LHASA APSO,WHITE
08/14/2011,STRAY,OTC,DOG,S,19,0,3,NORMAL,LHASA APSO,TAN
08/14/2011,OWNER SUR,OTC,CAT,S,NO AGE,SICK,DOMESTIC SH,TORBIE,,
08/15/2011,STRAY,OTC,DOG,U,0,0,5,NURSING,POINTER,WHITE
08/15/2011,STRAY,OTC,DOG,S,0,0,5,NURSING,POINTER,WHITE
08/15/2011,STRAY,OTC,CAT,N,0,0,11,NORMAL,DOMESTIC SH,BLACK
08/15/2011,OWNER SUR,OTC,CAT,M,0,1,15,NORMAL,DOMESTIC SH,BLUE
08/15/2011,OWNER SUR,OTC,CAT,F,0,1,15,NORMAL,DOMESTIC SH,CRM TABBY
08/15/2011,OWNER SUR,OTC,CAT,F,0,1,15,NORMAL,DOMESTIC SH,BLUE
08/15/2011,STRAY,FIELD,DOG,S,0,2,16,NORMAL,WELSH CORGI CAR,WHITE
08/15/2011,STRAY,FIELD,DOG,S,0,2,22,NORMAL,WELSH CORGI CAR,BLACK
08/15/2011,OWNER SUR,OTC,DOG,M,0,2,0,NORMAL,LABRADOR RETR,CHOCOLATE
08/15/2011,STRAY,OTC,DOG,F,0,2,5,NORMAL,LABRADOR RETR,BLACK
08/15/2011,OWNER SUR,OTC,DOG,S,0,3,14,NORMAL,JACK RUSS TERR,WHITE
08/15/2011,OWNER SUR,OTC,DOG,N,0,3,14,NORMAL,JACK RUSS TERR,BROWN
08/15/2011,STRAY,OTC,DOG,N,0,3,17,NORMAL,DOBERMAN PINSCH,BLACK
08/15/2011,STRAY,OTC,DOG,S,0,3,17,NORMAL,DOBERMAN PINSCH,BLACK
08/15/2011,STRAY,OTC,CAT,N,0,3,26,INJURED,DOMESTIC SH,BRN TABBY
08/15/2011,STRAY,OTC,DOG,S,0,3,1,NORMAL,LABRADOR RETR,TAN
08/15/2011,STRAY,OTC,DOG,S,0,3,1,NORMAL,TR WALKER HOUND,TRICOLOR
08/15/2011,STRAY,OTC,DOG,S,0,4,23,NORMAL,ANATOL SHEPHERD,CREAM
08/15/2011,STRAY,FIELD,DOG,S,0,4,7,NORMAL,CHINESE SHARPEI,TAN
08/15/2011,STRAY,FIELD,DOG,M,0,4,13,SICK,GERM SHEPHERD,TAN
08/15/2011,STRAY,OTC,CAT,S,0,5,21,NORMAL,DOMESTIC SH,BRN TABBY
08/15/2011,STRAY,OTC,DOG,N,1,7,27,NORMAL,PUG,WHITE
08/15/2011,STRAY,OTC,DOG,S,1,11,0,NURSING,PIT BULL,BROWN
08/15/2011,STRAY,OTC,DOG,S,2,0,25,NORMAL,POODLE TOY,WHITE
08/15/2011,OWNER SUR,OTC,CAT,N,1,0,0,NORMAL,DOMESTIC SH,BLACK
08/15/2011,STRAY,OTC,DOG,S,1,0,0,NORMAL,PIT BULL,BLUE
08/15/2011,OWNER SUR,OTC,DOG,N,1,0,0,NORMAL,PIT BULL,BROWN
08/15/2011,STRAY,OTC,DOG,N,1,6,29,NORMAL,YORKSHIRE TERR,TRICOLOR
08/15/2011,STRAY,OTC,DOG,N,1,6,29,NORMAL,POINTER,BLACK
08/15/2011,STRAY,FIELD,DOG,N,3,0,13,NORMAL,PIT BULL,TAN
08/15/2011,OWNER SUR,OTC,CAT,N,2,0,0,NORMAL,DOMESTIC SH,WHITE
08/15/2011,OWNER SUR,OTC,DOG,S,2,0,0,NORMAL,AUST CATTLE DOG,BROWN
08/15/2011,STRAY,FIELD,CAT,M,2,0,0,SICK,DOMESTIC SH,WHITE
08/15/2011,STRAY,FIELD,CAT,F,2,0,0,INJURED,DOMESTIC SH,BLUE CREAM
08/15/2011,STRAY,FIELD,CAT,U,2,0,0,INJURED,DOMESTIC SH,BLACK
08/15/2011,STRAY,OTC,DOG,N,2,0,0,NORMAL,BEAGLE,RED TICK
08/15/2011,OWNER SUR,RETURN,DOG,N,2,2,6,NORMAL,PLOTT HOUND,BR BRINDLE
08/15/2011,OWNER SUR,OTC,DOG,N,3,11,6,NORMAL,CATAHOULA,BLACK
08/15/2011,STRAY,OTC,CAT,S,3,0,0,NORMAL,DOMESTIC MH,BLACK
08/15/2011,STRAY,OTC,CAT,S,3,0,0,NORMAL,COLORPOINT,TORTIE PT
08/15/2011,STRAY,EMERG CLC,CAT,S,4,0,1,INJURED,DOMESTIC SH,BLACK
08/15/2011,STRAY,OTC,DOG,S,4,0,1,NORMAL,POMERANIAN,TAN
08/15/2011,OWNER SUR,OTC,DOG,N,4,0,1,NORMAL,LABRADOR RETR,BLACK
08/15/2011,STRAY,FIELD,DOG,S,6,0,26,NORMAL,WELSH CORGI CAR,TRICOLOR
08/15/2011,STRAY,OTC,DOG,N,5,0,1,NORMAL,CAVALIER SPAN,TRICOLOR
08/15/2011,STRAY,OTC,DOG,S,5,5,8,NORMAL,BOXER,BROWN
08/15/2011,STRAY,FIELD,DOG,N,5,6,22,NORMAL,BORDER COLLIE,WHITE
08/15/2011,OWNER SUR,OTC,DOG,N,6,11,28,NORMAL,AUST SHEPHERD,BLACK
08/15/2011,OWNER SUR,OTC,DOG,M,6,0,1,SICK,PIT BULL,WHITE
08/15/2011,STRAY,OTC,CAT,N,9,0,2,NORMAL,AMER SH,ORG TABBY
08/15/2011,STRAY,OTC,CAT,S,11,0,29,NORMAL,DOMESTIC SH,ORG TABBY
08/15/2011,STRAY,FIELD,DOG,M,11,0,0,NORMAL,CHIHUAHUA SH,WHITE
08/15/2011,OWNER SUR,OTC,DOG,S,10,0,2,NORMAL,CHIHUAHUA SH,BROWN
08/15/2011,STRAY,OTC,DOG,U,NO AGE,NURSING,POINTER,WHITE,,
08/16/2011,OWNER SUR,OTC,CAT,S,0,2,16,NORMAL,CYMRIC,CALICO
08/16/2011,OWNER SUR,OTC,CAT,N,0,2,16,NORMAL,MANX,BLACK
08/16/2011,OWNER SUR,OTC,CAT,N,0,2,16,NORMAL,DOMESTIC SH,ORG TABBY
08/16/2011,OWNER SUR,OTC,CAT,N,0,2,16,NORMAL,DOMESTIC SH,ORG TABBY
08/16/2011,STRAY,OTC,CAT,N,0,3,22,NORMAL,DOMESTIC SH,ORG TABBY
08/16/2011,STRAY,OTC,CAT,S,0,3,22,NORMAL,DOMESTIC SH,BRN TABBY
08/16/2011,STRAY,OTC,CAT,S,0,3,22,NORMAL,DOMESTIC SH,CALICO
08/16/2011,OWNER SUR,OTC,CAT,S,0,3,1,NORMAL,DOMESTIC SH,TORTIE
08/16/2011,OWNER SUR,OTC,CAT,S,0,3,1,NORMAL,DOMESTIC SH,TORTIE
08/16/2011,OWNER SUR,OTC,CAT,N,0,3,1,NORMAL,DOMESTIC SH,BLUE
08/16/2011,STRAY,OTC,CAT,N,0,3,1,NORMAL,DOMESTIC SH,BLUE
08/16/2011,OWNER SUR,OTC,CAT,N,0,3,1,NORMAL,DOMESTIC SH,BRN TABBY
08/16/2011,STRAY,OTC,CAT,N,0,3,1,NORMAL,MAINE COON,BLK TABBY
08/16/2011,OWNER SUR,OTC,CAT,N,0,4,16,NORMAL,DOMESTIC SH,BLACK
08/16/2011,OWNER SUR,OTC,CAT,N,0,4,16,NORMAL,DOMESTIC SH,BLACK
08/16/2011,STRAY,OTC,CAT,S,0,4,1,NORMAL,DOMESTIC SH,CRM TABBY
08/16/2011,OWNER SUR,OTC,CAT,N,0,5,14,NORMAL,DOMESTIC SH,BLUE TABBY
08/16/2011,STRAY,FIELD,CAT,M,1,8,0,INJURED,SIAMESE,LYNX PT
08/16/2011,STRAY,OTC,DOG,S,1,10,1,NORMAL,BRITTANY,RED
08/16/2011,OWNER SUR,RETURN,DOG,S,1,10,7,INJURED,GERM SHEPHERD,TAN
08/16/2011,STRAY,OTC,DOG,S,2,0,25,NORMAL,CHIHUAHUA SH,TAN
08/16/2011,STRAY,OTC,CAT,S,1,0,0,NORMAL,DOMESTIC SH,CALICO
08/16/2011,OWNER SUR,OTC,CAT,S,1,6,29,NORMAL,DOMESTIC SH,BLACK
08/16/2011,OWNER SUR,RETURN,DOG,S,2,9,25,NORMAL,AUST CATTLE DOG,WHITE
08/16/2011,STRAY,FIELD,DOG,N,2,0,0,NORMAL,LABRADOR RETR,BLACK
08/16/2011,STRAY,OTC,DOG,F,2,0,0,NORMAL,SCHNAUZER MIN,WHITE
08/16/2011,PUBLIC AST,QUARANTINE,DOG,S,2,0,0,PREGNANT,CHIHUAHUA SH,WHITE
08/16/2011,PUBLIC AST,QUARANTINE,DOG,S,5,8,17,NORMAL,ROTTWEILER,BLACK
08/16/2011,STRAY,OTC,DOG,S,5,0,1,NORMAL,CHIHUAHUA SH,TRICOLOR
08/16/2011,STRAY,FIELD,DOG,F,5,0,1,NORMAL,AMER BULLDOG,WHITE
08/16/2011,PUBLIC AST,QUARANTINE,DOG,S,7,0,2,NORMAL,LABRADOR RETR,TAN
08/16/2011,STRAY,OTC,CAT,S,8,0,2,NORMAL,DOMESTIC SH,TORTIE
08/16/2011,STRAY,OTC,DOG,N,8,0,2,NORMAL,CHIHUAHUA SH,CREAM
08/16/2011,STRAY,FIELD,DOG,N,12,0,3,NORMAL,AMER BULLDOG,WHITE
08/17/2011,STRAY,OTC,CAT,S,0,2,16,NORMAL,DOMESTIC SH,BLUE
08/17/2011,STRAY,OTC,CAT,N,0,2,16,NORMAL,DOMESTIC SH,BLUE
08/17/2011,STRAY,OTC,CAT,N,0,2,16,NORMAL,DOMESTIC SH,BLUE
08/17/2011,STRAY,OTC,CAT,N,0,2,16,NORMAL,DOMESTIC SH,BLUE
08/17/2011,OWNER SUR,NO SUBTYPE,DOG,S,0,2,20,NORMAL,LABRADOR RETR,WHITE
08/17/2011,STRAY,EMERG CLC,CAT,N,0,3,0,INJURED,DOMESTIC SH,BLACK
08/17/2011,PUBLIC AST,QUARANTINE,CAT,U,0,3,0,SICK,DOMESTIC LH,GRAY
08/17/2011,STRAY,OTC,DOG,N,0,2,0,NORMAL,LABRADOR RETR,BLACK
08/17/2011,STRAY,OTC,DOG,S,0,3,15,NORMAL,TR WALKER HOUND,BROWN
08/17/2011,STRAY,OTC,CAT,N,0,4,23,NORMAL,DOMESTIC SH,WHITE
08/17/2011,OWNER SUR,OTC,CAT,N,0,4,1,NORMAL,DOMESTIC MH,BRN TABBY
08/17/2011,STRAY,OTC,CAT,S,0,5,16,NORMAL,DOMESTIC SH,ORG TABBY
08/17/2011,STRAY,OTC,CAT,N,0,5,16,NORMAL,DOMESTIC SH,ORG TABBY
08/17/2011,STRAY,OTC,DOG,S,1,8,29,NORMAL,AUST KELPIE,TRICOLOR
08/17/2011,OWNER SUR,RETURN,DOG,S,1,10,23,NORMAL,CAROLINA DOG,WHITE
08/17/2011,STRAY,OTC,DOG,N,1,11,0,NORMAL,GERM SHEPHERD,TAN
08/17/2011,OWNER SUR,NO SUBTYPE,DOG,S,1,0,0,NORMAL,AUST CATTLE DOG,WHITE
08/17/2011,STRAY,OTC,DOG,S,1,0,0,NORMAL,CHIHUAHUA LH,BLACK
08/17/2011,STRAY,OTC,CAT,S,1,0,0,NORMAL,DOMESTIC SH,BRN TABBY
08/17/2011,STRAY,FIELD,DOG,S,1,6,29,NORMAL,LAKELAND TERR,WHITE
08/17/2011,OWNER SUR,FIELD,DOG,S,1,6,29,INJURED,BOXER,WHITE
08/17/2011,OWNER SUR,OTC,CAT,S,2,11,16,NORMAL,DOMESTIC LH,BLACK
08/17/2011,OWNER SUR,OTC,CAT,S,2,0,0,NORMAL,DOMESTIC SH,CALICO
08/17/2011,STRAY,OTC,DOG,S,2,0,0,NORMAL,CATAHOULA,BLUE MERLE
08/17/2011,STRAY,FIELD,DOG,S,2,0,0,NORMAL,LABRADOR RETR,BLACK
08/17/2011,STRAY,OTC,CAT,N,2,0,0,NORMAL,SNOWSHOE,LYNX PT
08/17/2011,STRAY,OTC,DOG,N,2,0,0,NORMAL,PIT BULL,BROWN
08/17/2011,OWNER SUR,OTC,CAT,N,2,5,26,NORMAL,DOMESTIC SH,BLUE
08/17/2011,OWNER SUR,OTC,DOG,S,3,9,6,NORMAL,BORDER COLLIE,BLACK
08/17/2011,STRAY,OTC,DOG,N,3,11,6,NORMAL,BASSET HOUND,TRICOLOR
08/17/2011,STRAY,OTC,DOG,N,3,0,0,NORMAL,DACHSHUND,RED
08/17/2011,STRAY,FIELD,DOG,N,3,0,0,NORMAL,CAROLINA DOG,TAN
08/17/2011,PUBLIC AST,QUARANTINE,DOG,F,3,0,4,NORMAL,PIT BULL,WHITE
08/17/2011,OWNER SUR,NO SUBTYPE,DOG,S,4,0,1,NORMAL,CATAHOULA,BR BRINDLE
08/17/2011,OWNER SUR,OTC,DOG,S,5,0,1,NORMAL,CHIHUAHUA SH,BLACK
08/17/2011,OWNER SUR,OTC,DOG,S,6,6,5,NORMAL,CHIHUAHUA LH,RED
08/17/2011,STRAY,OTC,CAT,S,6,0,1,INJURED,DOMESTIC SH,BLACK
08/17/2011,STRAY,OTC,DOG,S,6,0,1,NORMAL,PUG,TAN
08/17/2011,STRAY,OTC,DOG,N,9,0,2,NORMAL,ENG SETTER,BLACK
08/17/2011,STRAY,OTC,DOG,S,10,0,2,NORMAL,YORKSHIRE TERR,RED
08/18/2011,PUBLIC AST,NO SUBTYPE,DOG,N,0,0,-11,NURSING,GERM SHEPHERD,BROWN
08/18/2011,PUBLIC AST,NO SUBTYPE,DOG,N,0,1,21,NURSING,GERM SHEPHERD,SABLE
08/18/2011,PUBLIC AST,NO SUBTYPE,DOG,N,0,1,21,NURSING,GERM SHEPHERD,BROWN
08/18/2011,PUBLIC AST,NO SUBTYPE,DOG,N,0,1,21,NURSING,PIT BULL,BROWN
08/18/2011,PUBLIC AST,NO SUBTYPE,DOG,N,0,1,21,NURSING,PIT BULL,BROWN
08/18/2011,PUBLIC AST,NO SUBTYPE,DOG,S,0,1,21,NURSING,BOXER,BROWN
08/18/2011,PUBLIC AST,NO SUBTYPE,DOG,S,0,1,21,NURSING,PIT BULL,RED
08/18/2011,PUBLIC AST,NO SUBTYPE,DOG,S,0,1,21,NURSING,GERM SHEPHERD,BROWN
08/18/2011,PUBLIC AST,NO SUBTYPE,DOG,S,0,1,21,NURSING,GERM SHEPHERD,SABLE
08/18/2011,PUBLIC AST,NO SUBTYPE,DOG,S,0,1,21,NURSING,LABRADOR RETR,SABLE
08/18/2011,OWNER SUR,OTC,CAT,S,0,1,2,NORMAL,DOMESTIC SH,BLACK
08/18/2011,OWNER SUR,OTC,CAT,S,0,1,8,NORMAL,DOMESTIC SH,BRN TABBY
08/18/2011,OWNER SUR,OTC,CAT,S,0,1,8,NORMAL,DOMESTIC SH,BLACK
08/18/2011,STRAY,OTC,DOG,S,0,2,7,NORMAL,FOX TERR WIRE,TRICOLOR
08/18/2011,OWNER SUR,OTC,DOG,N,0,3,15,NORMAL,CHIHUAHUA SH,TAN
08/18/2011,OWNER SUR,OTC,CAT,S,0,3,22,NORMAL,DOMESTIC SH,BLACK
08/18/2011,OWNER SUR,OTC,CAT,S,0,3,1,NORMAL,DOMESTIC SH,BLACK
08/18/2011,OWNER SUR,OTC,CAT,N,0,3,1,NORMAL,DOMESTIC SH,BLK TABBY
08/18/2011,OWNER SUR,OTC,CAT,N,0,3,1,NORMAL,DOMESTIC SH,BRN TABBY
08/18/2011,OWNER SUR,OTC,CAT,S,0,3,1,NORMAL,DOMESTIC SH,BLACK
08/18/2011,OWNER SUR,OTC,CAT,S,0,3,1,NORMAL,DOMESTIC SH,BLACK
08/18/2011,OWNER SUR,OTC,CAT,S,0,3,4,NORMAL,BRITISH SH,BLACK
08/18/2011,OWNER SUR,OTC,CAT,S,0,4,16,NORMAL,DOMESTIC SH,TORBIE
08/18/2011,OWNER SUR,OTC,CAT,S,0,4,16,NORMAL,DOMESTIC SH,SLVR TABBY
08/18/2011,OWNER SUR,OTC,CAT,S,0,4,16,NORMAL,DOMESTIC SH,TORTIE
08/18/2011,OWNER SUR,OTC,CAT,S,0,4,16,NORMAL,DOMESTIC SH,TORTIE
08/18/2011,STRAY,OTC,CAT,N,0,4,1,NORMAL,DOMESTIC SH,ORG TABBY
08/18/2011,STRAY,OTC,CAT,N,0,4,1,NORMAL,DOMESTIC SH,BLUE TABBY
08/18/2011,STRAY,OTC,CAT,N,0,4,1,NORMAL,DOMESTIC SH,CRM TABBY
08/18/2011,STRAY,OTC,CAT,N,0,4,1,NORMAL,DOMESTIC SH,BRN TABBY
08/18/2011,STRAY,FIELD,DOG,N,0,4,1,NORMAL,QUEENSLAND HEEL,BLACK
08/18/2011,OWNER SUR,OTC,CAT,N,0,4,1,NORMAL,DOMESTIC SH,BRN TABBY
08/18/2011,STRAY,FIELD,DOG,S,0,5,1,NORMAL,PIT BULL,TAN
08/18/2011,STRAY,EMERG CLC,DOG,N,0,5,1,NORMAL,AUST CATTLE DOG,YELLOW
08/18/2011,STRAY,EMERG CLC,DOG,S,0,6,26,NORMAL,BORDER COLLIE,BLACK
08/18/2011,STRAY,OTC,CAT,S,0,6,29,NORMAL,SIAMESE,LYNX PT
08/18/2011,STRAY,OTC,CAT,S,0,6,29,NORMAL,DOMESTIC SH,TORTIE
08/18/2011,STRAY,OTC,CAT,N,0,6,29,NORMAL,DOMESTIC SH,BLACK
08/18/2011,STRAY,OTC,CAT,S,0,6,29,NORMAL,SIAMESE,LYNX PT
08/18/2011,STRAY,OTC,DOG,N,1,10,1,NORMAL,BORDER COLLIE,RED
08/18/2011,OWNER SUR,OTC,CAT,S,1,10,1,NORMAL,DOMESTIC SH,BLACK
08/18/2011,OWNER SUR,OTC,CAT,S,1,10,1,NORMAL,DOMESTIC SH,BLACK
08/18/2011,OWNER SUR,OTC,CAT,N,1,0,0,NORMAL,DOMESTIC SH,BRN TABBY
08/18/2011,OWNER SUR,OTC,CAT,N,1,0,0,NORMAL,DOMESTIC SH,BRN TABBY
08/18/2011,STRAY,FIELD,DOG,F,1,0,0,NORMAL,PIT BULL,BLACK
08/18/2011,OWNER SUR,OTC,CAT,S,1,4,7,NORMAL,DOMESTIC SH,TORBIE
08/18/2011,PUBLIC AST,QUARANTINE,DOG,N,1,6,0,NORMAL,LABRADOR RETR,TAN
08/18/2011,STRAY,OTC,CAT,S,2,0,0,NORMAL,DOMESTIC SH,BLUE
08/18/2011,STRAY,FIELD,DOG,S,2,0,0,NORMAL,PIT BULL,FAWN
08/18/2011,STRAY,FIELD,DOG,N,2,0,0,NORMAL,BASSET HOUND,RED
08/18/2011,OWNER SUR,FIELD,CAT,M,2,0,0,SICK,DOMESTIC SH,WHITE
08/18/2011,OWNER SUR,OTC,DOG,N,2,5,27,NORMAL,CHIHUAHUA SH,TAN
08/18/2011,STRAY,OTC,DOG,S,2,6,29,NORMAL,AUST CATTLE DOG,BLACK
08/18/2011,STRAY,OTC,DOG,S,3,0,0,NORMAL,DACHSHUND,RED
08/18/2011,STRAY,FIELD,DOG,M,3,0,0,NORMAL,CHINESE SHARPEI,BROWN
08/18/2011,STRAY,FIELD,DOG,S,3,0,0,NORMAL,PIT BULL,BLACK
08/18/2011,STRAY,OTC,DOG,N,3,0,0,NORMAL,LHASA APSO,WHITE
08/18/2011,PUBLIC AST,NO SUBTYPE,DOG,N,3,0,0,INJURED,PIT BULL,BR BRINDLE
08/18/2011,PUBLIC AST,NO SUBTYPE,DOG,M,3,0,0,INJURED,PIT BULL,BLUE
08/18/2011,OWNER SUR,OTC,CAT,S,3,4,1,NORMAL,BENGAL,BRN TABBY
08/18/2011,STRAY,OIJ,DOG,S,4,0,1,NORMAL,BORDER TERRIER,WHITE
08/18/2011,STRAY,FIELD,DOG,N,6,10,12,NORMAL,ANATOL SHEPHERD,CREAM
08/18/2011,STRAY,FIELD,DOG,S,6,0,1,NORMAL,BORDER COLLIE,BLACK
08/18/2011,STRAY,OTC,DOG,S,7,0,1,NORMAL,LABRADOR RETR,BLACK
08/18/2011,OWNER SUR,OTC,DOG,S,8,0,2,NORMAL,CHIHUAHUA SH,BLACK
08/18/2011,STRAY,FIELD,DOG,S,12,0,2,NORMAL,YORKSHIRE TERR,BLACK
08/19/2011,STRAY,OTC,CAT,N,0,1,22,FERAL,DOMESTIC SH,BLK SMOKE
08/19/2011,STRAY,OTC,CAT,S,0,1,22,FERAL,DOMESTIC SH,BLK SMOKE
08/19/2011,STRAY,OTC,CAT,N,0,2,23,INJURED,DOMESTIC SH,BLACK
08/19/2011,STRAY,OTC,DOG,N,0,3,15,NORMAL,LABRADOR RETR,TAN
08/19/2011,STRAY,OTC,DOG,N,0,3,15,NORMAL,LABRADOR RETR,BLACK
08/19/2011,STRAY,FIELD,DOG,S,0,4,1,INJURED,QUEENSLAND HEEL,WHITE
08/19/2011,STRAY,OTC,CAT,S,0,4,10,NORMAL,DOMESTIC SH,TORTIE
08/19/2011,OWNER SUR,OTC,DOG,N,1,8,0,NORMAL,POINTER,CHOCOLATE
08/19/2011,STRAY,OTC,DOG,S,1,10,1,NORMAL,CATAHOULA,BL BRINDLE
08/19/2011,STRAY,OTC,CAT,S,1,11,3,NORMAL,DOMESTIC SH,TORBIE
08/19/2011,OWNER SUR,OTC,DOG,N,1,0,7,NORMAL,CHIHUAHUA SH,TRICOLOR
08/19/2011,STRAY,FIELD,DOG,N,1,6,29,NORMAL,RAT TERRIER,BLACK
08/19/2011,STRAY,OTC,DOG,N,2,9,13,NORMAL,PIT BULL,BROWN
08/19/2011,OWNER SUR,OTC,CAT,N,2,0,0,NORMAL,SIAMESE,FLAME PT
08/19/2011,STRAY,OTC,CAT,S,2,0,0,NORMAL,DOMESTIC SH,BLACK
08/19/2011,STRAY,OTC,DOG,N,2,0,0,NORMAL,DACHSHUND LH,SABLE
08/19/2011,STRAY,OTC,DOG,N,2,0,0,NORMAL,SCHNAUZER STAND,BROWN
08/19/2011,STRAY,OTC,DOG,N,2,4,29,NORMAL,LABRADOR RETR,YELLOW
08/19/2011,STRAY,OTC,DOG,N,3,7,28,NORMAL,CHIHUAHUA SH,TAN
08/19/2011,STRAY,OTC,DOG,N,4,0,26,NORMAL,CHIHUAHUA SH,TRICOLOR
08/19/2011,STRAY,OTC,DOG,N,3,0,0,NORMAL,CHIHUAHUA SH,BROWN
08/19/2011,STRAY,OTC,DOG,M,3,0,0,INJURED,ENG BULLDOG,RED
08/19/2011,STRAY,OTC,DOG,N,4,0,1,NORMAL,LABRADOR RETR,YELLOW
08/19/2011,STRAY,OTC,DOG,N,4,0,1,NORMAL,GERM SHEPHERD,TAN
08/19/2011,STRAY,OTC,DOG,S,5,0,1,NORMAL,BOXER,BROWN
08/19/2011,PUBLIC AST,QUARANTINE,DOG,N,5,0,3,NORMAL,NS DUCK TOLLING,BROWN
08/19/2011,PUBLIC AST,QUARANTINE,DOG,N,7,0,2,NORMAL,LABRADOR RETR,BLACK
08/19/2011,STRAY,OTC,DOG,S,8,0,1,NORMAL,BOXER,BR BRINDLE
08/19/2011,STRAY,OTC,DOG,S,10,0,19,NORMAL,CATAHOULA,WHITE
08/19/2011,STRAY,OTC,CAT,F,11,0,22,NORMAL,ANGORA,BLUE TABBY
08/19/2011,STRAY,EMERG CLC,CAT,N,11,0,29,INJURED,DOMESTIC SH,WHITE
08/19/2011,STRAY,FIELD,DOG,N,10,0,2,INJURED,DALMATIAN,BLACK
08/20/2011,OWNER SUR,OTC,CAT,N,0,1,6,NURSING,DOMESTIC SH,BRN TABBY
08/20/2011,OWNER SUR,OTC,CAT,S,0,1,6,NURSING,DOMESTIC SH,BRN TABBY
08/20/2011,STRAY,OTC,DOG,M,0,1,8,NURSING,AUST SHEPHERD,BLACK
08/20/2011,STRAY,OTC,DOG,F,0,1,8,NURSING,AUST SHEPHERD,BLUE TICK
08/20/2011,STRAY,OTC,DOG,F,0,1,8,NURSING,AUST SHEPHERD,WHITE
08/20/2011,STRAY,OTC,DOG,M,0,1,8,NURSING,AUST SHEPHERD,BLACK
08/20/2011,STRAY,OTC,DOG,F,0,1,8,NURSING,AUST SHEPHERD,BLACK
08/20/2011,STRAY,OTC,DOG,M,0,1,8,NURSING,AUST SHEPHERD,BLACK
08/20/2011,OWNER SUR,OTC,CAT,F,0,1,8,NURSING,DOMESTIC SH,WHITE
08/20/2011,OWNER SUR,OTC,CAT,F,0,1,8,NURSING,DOMESTIC SH,TORBIE
08/20/2011,OWNER SUR,OTC,CAT,M,0,1,8,NURSING,DOMESTIC SH,WHITE
08/20/2011,OWNER SUR,OTC,CAT,F,0,1,8,NURSING,DOMESTIC SH,WHITE
08/20/2011,STRAY,OTC,CAT,N,0,2,10,NORMAL,DOMESTIC MH,BLUE
08/20/2011,STRAY,FIELD,DOG,F,0,3,15,INJURED,PLOTT HOUND,BR BRINDLE
08/20/2011,STRAY,OTC,CAT,S,0,3,26,NORMAL,SIAMESE,CALICO PT
08/20/2011,STRAY,NO SUBTYPE,CAT,S,0,3,26,NORMAL,DOMESTIC SH,BLUE TABBY
08/20/2011,STRAY,OTC,CAT,S,0,3,1,NORMAL,DOMESTIC SH,BLACK
08/20/2011,STRAY,OTC,CAT,N,0,4,1,NORMAL,DOMESTIC SH,BLUE
08/20/2011,OWNER SUR,OTC,CAT,N,0,4,1,NORMAL,SIAMESE,SEAL PT
08/20/2011,STRAY,OTC,CAT,N,0,5,16,NORMAL,DOMESTIC SH,ORG TABBY
08/20/2011,STRAY,OTC,CAT,N,0,5,16,NORMAL,DOMESTIC SH,ORG TABBY
08/20/2011,STRAY,OTC,CAT,N,0,5,16,NORMAL,DOMESTIC SH,ORG TABBY
08/20/2011,STRAY,OTC,CAT,N,0,5,27,NORMAL,DOMESTIC SH,ORG TABBY
08/20/2011,STRAY,OTC,CAT,N,0,6,16,NORMAL,DOMESTIC SH,CRM TABBY
08/20/2011,STRAY,OTC,DOG,S,1,9,0,NORMAL,CATAHOULA,BLACK
08/20/2011,STRAY,OTC,DOG,M,1,9,0,NORMAL,CHIHUAHUA SH,BROWN
08/20/2011,PUBLIC AST,QUARANTINE,DOG,S,1,10,21,NORMAL,CHIHUAHUA SH,TAN
08/20/2011,PUBLIC AST,QUARANTINE,DOG,N,1,10,21,NORMAL,CHIHUAHUA SH,CREAM
08/20/2011,STRAY,OTC,DOG,S,1,0,0,NORMAL,AUST CATTLE DOG,TAN
08/20/2011,OWNER SUR,RETURN,CAT,N,1,1,29,NORMAL,MAINE COON,BLUE TABBY
08/20/2011,STRAY,OTC,DOG,S,1,6,25,NORMAL,BRITTANY,LIVER
08/20/2011,OWNER SUR,OTC,DOG,N,1,6,29,NORMAL,CATAHOULA,WHITE
08/20/2011,OWNER SUR,RETURN,DOG,S,2,6,12,NORMAL,CHIHUAHUA SH,TAN
08/20/2011,STRAY,OTC,DOG,N,2,0,0,NORMAL,POODLE MIN,WHITE
08/20/2011,STRAY,OTC,DOG,S,2,0,0,NORMAL,BOXER,RED
08/20/2011,PUBLIC AST,QUARANTINE,DOG,N,2,0,3,NORMAL,AUST CATTLE DOG,BROWN
08/20/2011,STRAY,OTC,DOG,N,2,1,14,NORMAL,BORDER COLLIE,BLACK
08/20/2011,STRAY,FIELD,DOG,N,3,8,29,NORMAL,GERM SHEPHERD,BROWN
08/20/2011,OWNER SUR,OTC,DOG,S,3,10,3,NORMAL,PIT BULL,BLUE
08/20/2011,STRAY,OTC,DOG,S,3,0,0,NORMAL,BEAGLE,BLACK
08/20/2011,STRAY,OTC,DOG,S,3,0,0,NORMAL,AUST CATTLE DOG,WHITE
08/20/2011,STRAY,OTC,DOG,N,4,10,10,NORMAL,LABRADOR RETR,TAN
08/20/2011,OWNER SUR,OTC,CAT,S,4,0,1,NURSING,DOMESTIC SH,BRN TABBY
08/20/2011,STRAY,FIELD,DOG,F,4,0,1,NORMAL,CHIHUAHUA SH,BLACK
08/20/2011,STRAY,FIELD,DOG,F,4,0,1,NORMAL,CHIHUAHUA SH,BLACK
08/20/2011,STRAY,OTC,DOG,N,4,0,1,NORMAL,CHIHUAHUA SH,BROWN
08/20/2011,STRAY,OTC,DOG,N,4,5,2,NORMAL,YORKSHIRE TERR,BLACK
08/20/2011,PUBLIC AST,QUARANTINE,DOG,S,6,0,20,NORMAL,LABRADOR RETR,RED
08/20/2011,OWNER SUR,RETURN,CAT,S,5,0,8,NORMAL,DOMESTIC SH,TORTIE
08/20/2011,STRAY,FIELD,DOG,N,6,0,1,OTHER,LHASA APSO,WHITE
08/20/2011,STRAY,FIELD,DOG,N,7,0,1,INJURED,BULLMASTIFF,BR BRINDLE
08/20/2011,OWNER SUR,OTC,CAT,S,7,3,17,NORMAL,SNOWSHOE,SEAL PT
08/20/2011,STRAY,OTC,DOG,N,8,0,2,NORMAL,RAT TERRIER,WHITE
08/20/2011,STRAY,OTC,DOG,N,8,0,2,NORMAL,CHIHUAHUA SH,BLACK
08/20/2011,STRAY,OTC,DOG,N,10,0,2,NORMAL,SCHNAUZER MIN,GRAY
08/20/2011,STRAY,OTC,DOG,N,NO AGE,NORMAL,SHIH TZU,TAN,,
08/21/2011,OWNER SUR,OTC,CAT,U,0,1,1,NORMAL,DOMESTIC SH,BRN TABBY
08/21/2011,STRAY,OIJ,DOG,M,0,1,12,NORMAL,DACHSHUND,BLACK
08/21/2011,OWNER SUR,OTC,CAT,N,0,3,14,NORMAL,DOMESTIC MH,BRN TABBY
08/21/2011,OWNER SUR,OTC,CAT,N,0,3,0,NORMAL,DOMESTIC SH,BLUE TABBY
08/21/2011,OWNER SUR,OTC,CAT,S,0,4,1,NORMAL,DOMESTIC SH,BRN TABBY
08/21/2011,OWNER SUR,OTC,CAT,N,0,4,1,NORMAL,DOMESTIC SH,BRN TABBY
08/21/2011,OWNER SUR,OTC,CAT,S,0,4,1,NORMAL,SIAMESE,LYNX PT
08/21/2011,STRAY,OTC,DOG,S,0,6,29,NORMAL,LABRADOR RETR,BLACK
08/21/2011,PUBLIC AST,QUARANTINE,DOG,N,1,8,0,NORMAL,VIZSLA,TAN
08/21/2011,STRAY,FIELD,DOG,S,1,11,0,NORMAL,CHIHUAHUA SH,BROWN
08/21/2011,OWNER SUR,OTC,CAT,S,1,0,0,NORMAL,DOMESTIC SH,WHITE
08/21/2011,OWNER SUR,OTC,CAT,N,1,0,0,NORMAL,DOMESTIC SH,BRN TABBY
08/21/2011,STRAY,FIELD,DOG,S,1,0,0,NORMAL,AUST CATTLE DOG,TAN
08/21/2011,STRAY,OTC,DOG,S,1,0,0,NORMAL,CAROLINA DOG,BROWN
08/21/2011,OWNER SUR,OTC,DOG,N,1,0,4,NORMAL,CHIHUAHUA SH,WHITE
08/21/2011,STRAY,OTC,DOG,S,2,0,0,NORMAL,LABRADOR RETR,YELLOW
08/21/2011,OWNER SUR,OTC,CAT,S,2,0,0,NORMAL,DOMESTIC SH,CALICO
08/21/2011,OWNER SUR,OTC,CAT,N,3,11,25,NORMAL,DOMESTIC SH,BRN TABBY
08/21/2011,PUBLIC AST,QUARANTINE,DOG,S,3,1,22,SICK,PLOTT HOUND,BR BRINDLE
08/21/2011,STRAY,OTC,DOG,S,5,0,1,NORMAL,BOXER,TAN
08/21/2011,STRAY,OTC,DOG,S,6,0,1,NORMAL,BOXER,BROWN
08/21/2011,OWNER SUR,OTC,DOG,S,6,6,22,SICK,CHIHUAHUA SH,BROWN
08/21/2011,OWNER SUR,OTC,DOG,N,8,0,2,NORMAL,GOLDEN RETR,GOLD
08/21/2011,OWNER SUR,OTC,DOG,S,10,0,26,NORMAL,CHIHUAHUA SH,BLACK
08/21/2011,STRAY,OTC,DOG,N,9,0,2,NORMAL,ENG SPRNGR SPAN,BLACK
08/21/2011,STRAY,FIELD,DOG,N,15,0,3,NORMAL,GOLDEN RETR,GOLD
08/21/2011,STRAY,OTC,CAT,S,16,0,4,NORMAL,DOMESTIC SH,ORG TABBY
08/21/2011,STRAY,FIELD,CAT,M,NO AGE,INJURED,DOMESTIC SH,WHITE,,
08/22/2011,OWNER SUR,OTC,CAT,N,0,1,8,NORMAL,DOMESTIC SH,CRM TABBY
08/22/2011,STRAY,FIELD,DOG,S,0,2,0,NURSING,LABRADOR RETR,TAN
08/22/2011,STRAY,FIELD,DOG,S,0,2,3,NORMAL,LABRADOR RETR,BLACK
08/22/2011,STRAY,OTC,CAT,N,0,3,1,NORMAL,DOMESTIC SH,BLACK
08/22/2011,STRAY,OTC,CAT,S,0,3,1,NORMAL,DOMESTIC SH,TORTIE
08/22/2011,STRAY,OTC,CAT,N,0,3,7,NORMAL,DOMESTIC SH,BLUE
08/22/2011,OWNER SUR,RETURN,CAT,N,0,4,14,NORMAL,DOMESTIC SH,WHITE
08/22/2011,PUBLIC AST,COLD WEATH,DOG,S,0,4,1,NORMAL,LABRADOR RETR,GOLD
08/22/2011,OWNER SUR,OTC,CAT,N,0,4,1,NORMAL,DOMESTIC SH,BRN TABBY
08/22/2011,OWNER SUR,OTC,CAT,N,0,4,1,NORMAL,MAINE COON,BRN TABBY
08/22/2011,STRAY,OTC,CAT,N,0,4,1,NORMAL,DOMESTIC SH,BLACK
08/22/2011,STRAY,FIELD,DOG,N,0,4,1,NORMAL,LABRADOR RETR,TAN
08/22/2011,STRAY,FIELD,DOG,S,0,4,1,NORMAL,BORDER COLLIE,BLACK
08/22/2011,STRAY,OTC,DOG,N,0,5,16,NORMAL,MIN PINSCHER,BLACK
08/22/2011,STRAY,OTC,CAT,N,0,5,1,NORMAL,DOMESTIC SH,BRN TABBY
08/22/2011,PUBLIC AST,QUARANTINE,CAT,N,0,5,1,NORMAL,DOMESTIC SH,BLACK
08/22/2011,OWNER SUR,OTC,DOG,N,0,6,16,NORMAL,LHASA APSO,BLACK
08/22/2011,OWNER SUR,OTC,CAT,S,0,6,29,NORMAL,DOMESTIC SH,CALICO
08/22/2011,STRAY,FIELD,DOG,S,0,6,29,NORMAL,JACK RUSS TERR,TAN
08/22/2011,STRAY,EMERG CLC,DOG,N,1,9,0,NORMAL,SIBERIAN HUSKY,SABLE
08/22/2011,STRAY,OTC,CAT,N,2,0,22,NORMAL,DOMESTIC SH,BRN TABBY
08/22/2011,OWNER SUR,OTC,DOG,S,1,0,1,NORMAL,POODLE TOY,WHITE
08/22/2011,STRAY,OTC,DOG,N,1,3,18,NORMAL,GERM SHEPHERD,BLACK
08/22/2011,STRAY,FIELD,DOG,N,1,6,29,NORMAL,WEST HIGHLAND,TAN
08/22/2011,STRAY,FIELD,DOG,N,1,6,29,NORMAL,WEST HIGHLAND,TAN
08/22/2011,OWNER SUR,OTC,CAT,S,1,6,29,NORMAL,DOMESTIC SH,CALICO
08/22/2011,OWNER SUR,OTC,CAT,S,1,6,29,NORMAL,DOMESTIC SH,TORBIE
08/22/2011,STRAY,FIELD,DOG,S,2,0,0,NORMAL,LABRADOR RETR,BLACK
08/22/2011,STRAY,FIELD,DOG,S,2,0,0,NORMAL,CHIHUAHUA LH,BUFF
08/22/2011,STRAY,FIELD,DOG,M,3,0,0,NORMAL,POODLE MIN,BLACK
08/22/2011,STRAY,FIELD,CAT,F,3,0,0,SICK,SIAMESE,LILAC PT
08/22/2011,STRAY,OTC,DOG,S,3,0,0,NORMAL,MIN PINSCHER,BLACK
08/22/2011,STRAY,OTC,DOG,S,4,0,1,NORMAL,DACHSHUND,BLACK
08/22/2011,STRAY,OTC,DOG,S,4,5,2,NORMAL,RAT TERRIER,WHITE
08/22/2011,STRAY,OTC,DOG,N,5,0,1,NORMAL,BEARDED COLLIE,BLACK
08/22/2011,STRAY,OTC,DOG,N,5,0,1,NORMAL,CHIHUAHUA SH,TRICOLOR
08/22/2011,STRAY,FIELD,DOG,N,5,0,1,NORMAL,COCKER SPAN,BROWN
08/22/2011,PUBLIC AST,QUARANTINE,DOG,M,5,0,4,NORMAL,ENG BULLDOG,WHITE
08/22/2011,PUBLIC AST,QUARANTINE,CAT,S,6,0,1,SICK,DOMESTIC LH,ORANGE
08/22/2011,STRAY,OTC,CAT,N,6,0,1,NORMAL,DOMESTIC SH,BLK SMOKE
08/22/2011,PUBLIC AST,QUARANTINE,DOG,S,6,6,0,NORMAL,GERM SHEPHERD,SABLE
08/22/2011,STRAY,OTC,DOG,N,7,10,9,NORMAL,BEAGLE,WHITE
08/22/2011,OWNER SUR,OTC,DOG,S,12,9,23,NORMAL,BORDER COLLIE,LIVER
08/22/2011,STRAY,FIELD,DOG,N,12,0,3,SICK,BORDER COLLIE,BLACK
08/22/2011,PUBLIC AST,QUARANTINE,CAT,S,13,5,4,NORMAL,DOMESTIC SH,BRN TABBY
08/23/2011,STRAY,OTC,DOG,N,0,2,16,NORMAL,AM PIT BULL TER,BLUE TIGER
08/23/2011,STRAY,OTC,DOG,N,0,2,0,NORMAL,TR WALKER HOUND,CHOCOLATE
08/23/2011,STRAY,OTC,DOG,F,0,2,0,NORMAL,DOBERMAN PINSCH,BLACK
08/23/2011,STRAY,OTC,DOG,S,0,2,0,NORMAL,DOBERMAN PINSCH,BLACK
08/23/2011,STRAY,OTC,DOG,F,0,2,0,NORMAL,DOBERMAN PINSCH,CHOCOLATE
08/23/2011,STRAY,OTC,CAT,S,0,2,0,NORMAL,SIAMESE,LYNX PT
08/23/2011,STRAY,OTC,DOG,S,0,3,15,NORMAL,STAFFORDSHIRE,CHOCOLATE
08/23/2011,STRAY,FIELD,DOG,N,0,3,18,NORMAL,CAIRN TERRIER,BLACK
08/23/2011,STRAY,OTC,DOG,S,0,3,22,OTHER,CHIHUAHUA SH,CHOCOLATE
08/23/2011,STRAY,OTC,DOG,N,0,3,26,NORMAL,DACHSHUND,BUFF
08/23/2011,OWNER SUR,OTC,CAT,N,0,3,1,NORMAL,DOMESTIC SH,BRN TABBY
08/23/2011,OWNER SUR,OTC,CAT,S,0,3,8,NORMAL,DOMESTIC SH,BLACK
08/23/2011,OWNER SUR,OTC,CAT,N,0,4,5,NORMAL,DOMESTIC SH,BRN TABBY
08/23/2011,STRAY,OTC,CAT,N,0,6,29,NORMAL,DOMESTIC SH,BLACK
08/23/2011,PUBLIC AST,QUARANTINE,DOG,M,1,7,2,NORMAL,PIT BULL,BLUE
08/23/2011,OWNER SUR,OTC,DOG,N,1,8,0,NORMAL,CHIHUAHUA SH,BLACK
08/23/2011,STRAY,FIELD,DOG,S,1,10,28,NORMAL,PIT BULL,BLUE
08/23/2011,STRAY,FIELD,DOG,N,1,0,0,INJURED,LABRADOR RETR,WHITE
08/23/2011,OWNER SUR,OTC,DOG,F,1,0,0,NORMAL,PIT BULL,BROWN
08/23/2011,STRAY,FIELD,DOG,M,1,0,0,NORMAL,PIT BULL,APRICOT
08/23/2011,OWNER SUR,OTC,DOG,N,1,0,0,NORMAL,CATAHOULA,BROWN
08/23/2011,STRAY,OTC,CAT,S,1,0,0,NORMAL,DOMESTIC SH,CALICO
08/23/2011,STRAY,FIELD,DOG,N,1,6,29,SICK,PIT BULL,BLACK
08/23/2011,STRAY,OTC,CAT,S,2,0,0,NORMAL,DOMESTIC SH,BRN TABBY
08/23/2011,STRAY,OTC,DOG,S,2,0,0,NORMAL,CHIHUAHUA SH,RED
08/23/2011,STRAY,FIELD,DOG,S,2,0,0,PREGNANT,QUEENSLAND HEEL,BLUE TICK
08/23/2011,OWNER SUR,OTC,DOG,S,2,6,29,NORMAL,WH PT GRIFFON,TAN
08/23/2011,PUBLIC AST,EVICTION,DOG,S,2,6,29,NORMAL,CAIRN TERRIER,TAN
08/23/2011,OWNER SUR,OTC,DOG,S,3,8,0,NORMAL,MANCHESTER TERR,BLUE
08/23/2011,PUBLIC AST,QUARANTINE,CAT,N,4,0,22,NORMAL,DOMESTIC LH,BLK SMOKE
08/23/2011,STRAY,OTC,DOG,N,3,0,0,NORMAL,GERM SHEPHERD,BLACK
08/23/2011,OWNER SUR,OTC,DOG,S,3,0,0,NORMAL,LABRADOR RETR,RED
08/23/2011,STRAY,FIELD,DOG,S,3,0,0,INJURED,BOXER,BROWN
08/23/2011,OWNER SUR,OTC,DOG,S,3,6,23,NORMAL,LABRADOR RETR,CREAM
08/23/2011,STRAY,FIELD,DOG,N,4,0,1,NORMAL,CHIHUAHUA SH,WHITE
08/23/2011,STRAY,OTC,DOG,N,4,0,1,NORMAL,GERM SHEPHERD,BLACK
08/23/2011,OWNER SUR,OTC,CAT,N,4,3,26,NORMAL,DOMESTIC SH,BLACK
08/23/2011,OWNER SUR,OTC,CAT,N,7,0,1,NORMAL,DOMESTIC SH,BLUE
08/23/2011,STRAY,OTC,DOG,S,10,0,2,NORMAL,AUST SHEPHERD,BLACK
08/23/2011,STRAY,OTC,DOG,M,10,0,2,OTHER,DACHSHUND,BROWN
08/23/2011,STRAY,FIELD,DOG,N,10,4,20,NORMAL,POODLE MIN,WHITE
08/23/2011,STRAY,FIELD,DOG,S,15,0,3,NORMAL,AUST CATTLE DOG,BLACK
08/24/2011,OWNER SUR,OTC,CAT,N,0,2,0,NORMAL,DOMESTIC SH,BLACK
08/24/2011,OWNER SUR,OTC,CAT,N,0,2,0,NORMAL,DOMESTIC SH,BLUE
08/24/2011,OWNER SUR,OTC,CAT,N,0,1,8,NORMAL,DOMESTIC SH,BLUE
08/24/2011,OWNER SUR,OTC,CAT,S,0,1,8,NORMAL,DOMESTIC SH,BLACK
08/24/2011,STRAY,OTC,CAT,N,0,1,11,NORMAL,DOMESTIC SH,BLUE
08/24/2011,STRAY,FIELD,DOG,N,0,2,15,INJURED,LABRADOR RETR,BLACK
08/24/2011,STRAY,FIELD,DOG,M,0,2,15,NORMAL,LABRADOR RETR,WHITE
08/24/2011,STRAY,FIELD,DOG,N,0,2,9,NORMAL,CHIHUAHUA SH,TAN
08/24/2011,OWNER SUR,RETURN,DOG,S,0,3,10,NORMAL,LABRADOR RETR,TAN
08/24/2011,OWNER SUR,OTC,CAT,N,0,5,1,NORMAL,DOMESTIC SH,ORG TABBY
08/24/2011,STRAY,OTC,DOG,S,0,5,1,NORMAL,RHOD RIDGEBACK,BROWN
08/24/2011,STRAY,FIELD,DOG,M,0,6,29,NORMAL,STAFFORDSHIRE,FAWN
08/24/2011,STRAY,OTC,DOG,S,1,8,0,NORMAL,DACHSHUND WH,BLACK
08/24/2011,STRAY,OTC,DOG,N,1,8,0,SICK,RAT TERRIER,BLACK
08/24/2011,STRAY,OTC,DOG,S,1,8,0,NORMAL,CATAHOULA,BR BRINDLE
08/24/2011,STRAY,OTC,CAT,N,1,8,0,NORMAL,DOMESTIC SH,CRM TABBY
08/24/2011,STRAY,OTC,CAT,N,1,9,0,NORMAL,TONKINESE,LILAC PT
08/24/2011,STRAY,FIELD,DOG,N,1,10,1,NORMAL,AMERICAN STAFF,WHITE
08/24/2011,STRAY,OTC,CAT,S,1,0,0,NORMAL,DOMESTIC SH,BLUE
08/24/2011,STRAY,FIELD,DOG,S,1,0,0,NORMAL,CHIHUAHUA SH,TAN
08/24/2011,STRAY,OTC,DOG,M,1,0,0,NORMAL,CHOW CHOW,BLACK
08/24/2011,OWNER SUR,OTC,CAT,S,1,0,0,NORMAL,DOMESTIC SH,BLACK
08/24/2011,STRAY,FIELD,DOG,N,1,6,29,NORMAL,PIT BULL,RED
08/24/2011,OWNER SUR,OTC,DOG,S,1,6,29,NORMAL,STAFFORDSHIRE,BLACK
08/24/2011,OWNER SUR,OTC,DOG,N,1,6,29,NORMAL,BLUE LACY,FAWN
08/24/2011,STRAY,OTC,DOG,N,1,6,29,NORMAL,GERM SHEPHERD,BROWN
08/24/2011,STRAY,OTC,DOG,N,1,6,29,NORMAL,GERM SHEPHERD,BLACK
08/24/2011,STRAY,OTC,DOG,S,1,6,29,NORMAL,AUST SHEPHERD,TAN
08/24/2011,STRAY,OTC,DOG,S,2,0,0,NORMAL,AUST CATTLE DOG,WHITE
08/24/2011,PUBLIC AST,QUARANTINE,DOG,N,3,8,17,NORMAL,CHIHUAHUA SH,TAN
08/24/2011,STRAY,FIELD,DOG,N,3,0,0,NORMAL,BLACK MOUTH CUR,TAN
08/24/2011,STRAY,FIELD,DOG,M,3,6,0,NORMAL,PIT BULL,TAN
08/24/2011,PUBLIC AST,QUARANTINE,DOG,M,4,0,1,NORMAL,DOGO ARGENTINO,WHITE
08/24/2011,OWNER SUR,OTC,DOG,F,5,1,2,NORMAL,PIT BULL,CHOCOLATE
08/24/2011,STRAY,OTC,DOG,N,8,2,29,NORMAL,BEAGLE,BLACK
08/24/2011,STRAY,OTC,DOG,S,8,2,3,NORMAL,CHIHUAHUA SH,CHOCOLATE
08/24/2011,OWNER SUR,OTC,DOG,S,8,4,22,NORMAL,SCHNAUZER GIANT,BLACK
08/24/2011,STRAY,OTC,DOG,M,13,0,13,NORMAL,CHOW CHOW,RED
08/24/2011,STRAY,FIELD,DOG,N,12,0,3,AGED,DACHSHUND,BLACK
08/24/2011,BORN IN,NO SUBTYPE,DOG,F,NO AGE,NURSING,CHIHUAHUA SH,WHITE,,
08/24/2011,BORN IN,NO SUBTYPE,DOG,M,NO AGE,NURSING,CHIHUAHUA SH,WHITE,,
08/24/2011,BORN IN,NO SUBTYPE,DOG,F,NO AGE,NURSING,CHIHUAHUA SH,WHITE,,
08/24/2011,BORN IN,NO SUBTYPE,DOG,M,NO AGE,NURSING,CHIHUAHUA SH,WHITE,,
08/24/2011,BORN IN,NO SUBTYPE,DOG,M,NO AGE,NURSING,CHIHUAHUA SH,WHITE,,
08/25/2011,STRAY,OTC,CAT,M,0,1,22,NURSING,DOMESTIC SH,BRN TABBY
08/25/2011,STRAY,OTC,CAT,F,0,1,22,NURSING,DOMESTIC SH,BRN TABBY
08/25/2011,STRAY,OTC,CAT,F,0,1,22,NURSING,DOMESTIC SH,BRN TABBY
08/25/2011,STRAY,OTC,CAT,F,0,1,22,NURSING,DOMESTIC SH,BLUE TABBY
08/25/2011,STRAY,OTC,CAT,M,0,1,22,NURSING,SIAMESE,SEAL PT
08/25/2011,STRAY,OTC,CAT,M,0,1,22,NURSING,DOMESTIC SH,WHITE
08/25/2011,STRAY,OTC,DOG,N,0,2,0,INJURED,BEAGLE,FAWN
08/25/2011,STRAY,OTC,DOG,N,0,2,0,NORMAL,YORKSHIRE TERR,BLACK
08/25/2011,OWNER SUR,OTC,CAT,M,0,2,7,NORMAL,DOMESTIC SH,BRN TABBY
08/25/2011,STRAY,OTC,CAT,N,0,3,27,NORMAL,DOMESTIC SH,BLUE TABBY
08/25/2011,OWNER SUR,OTC,CAT,N,0,4,16,NORMAL,SIAMESE,FLAME PT
08/25/2011,STRAY,OTC,DOG,S,0,4,1,NORMAL,BASSET HOUND,BLACK
08/25/2011,STRAY,OTC,CAT,N,0,5,16,NORMAL,DOMESTIC MH,BRN TABBY
08/25/2011,STRAY,OTC,CAT,N,0,5,16,NORMAL,DOMESTIC SH,ORG TABBY
08/25/2011,OWNER SUR,OTC,DOG,S,0,5,1,NORMAL,GERM SHEPHERD,TAN
08/25/2011,OWNER SUR,OTC,DOG,S,0,5,1,NORMAL,GERM SHEPHERD,BR BRINDLE
08/25/2011,STRAY,OTC,DOG,S,0,6,16,NORMAL,PIT BULL,BLUE
08/25/2011,STRAY,FIELD,DOG,S,0,6,28,NORMAL,JACK RUSS TERR,BROWN
08/25/2011,OWNER SUR,FIELD,DOG,N,0,6,29,OTHER,LABRADOR RETR,BLACK
08/25/2011,OWNER SUR,OTC,CAT,S,0,6,29,NORMAL,DOMESTIC SH,BRN TABBY
08/25/2011,STRAY,OTC,CAT,N,0,6,29,NORMAL,DOMESTIC SH,BLACK
08/25/2011,STRAY,OTC,DOG,S,1,8,0,NORMAL,LABRADOR RETR,BROWN
08/25/2011,STRAY,OTC,DOG,S,1,8,0,NORMAL,LABRADOR RETR,TAN
08/25/2011,STRAY,OTC,DOG,S,1,8,0,NORMAL,POINTER,WHITE
08/25/2011,STRAY,OTC,DOG,S,1,8,0,NORMAL,LABRADOR RETR,TAN
08/25/2011,STRAY,FIELD,DOG,S,1,8,0,NORMAL,POINTER,BLACK
08/25/2011,OWNER SUR,OTC,DOG,N,1,10,15,NORMAL,CHIHUAHUA SH,BLACK
08/25/2011,STRAY,OTC,DOG,S,1,10,1,NORMAL,GERM SH POINT,CHOCOLATE
08/25/2011,OWNER SUR,OTC,DOG,S,1,10,1,NORMAL,LABRADOR RETR,BLACK
08/25/2011,OWNER SUR,OTC,CAT,S,1,0,0,NORMAL,DOMESTIC SH,BRN TABBY
08/25/2011,OWNER SUR,OTC,CAT,S,1,0,0,NORMAL,DOMESTIC SH,BLUE TABBY
08/25/2011,STRAY,OTC,DOG,S,1,1,24,NORMAL,LABRADOR RETR,BUFF
08/25/2011,STRAY,OTC,DOG,S,1,6,26,NORMAL,KUVASZ,WHITE
08/25/2011,STRAY,OTC,CAT,N,2,0,0,NORMAL,DOMESTIC SH,WHITE
08/25/2011,OWNER SUR,OTC,CAT,N,2,0,0,NORMAL,DOMESTIC SH,ORG TABBY
08/25/2011,STRAY,FIELD,DOG,N,2,0,0,INJURED,AUST CATTLE DOG,WHITE
08/25/2011,STRAY,FIELD,DOG,N,2,0,0,NORMAL,BLACK MOUTH CUR,RED
08/25/2011,STRAY,OTC,DOG,N,2,0,0,NORMAL,BRUSS GRIFFON,TAN
08/25/2011,STRAY,FIELD,DOG,M,2,0,0,INJURED,CHIHUAHUA SH,BROWN
08/25/2011,OWNER SUR,OTC,DOG,N,2,0,0,INJURED,BICHON FRISE,CREAM
08/25/2011,STRAY,OTC,DOG,S,2,6,29,NORMAL,BORDER TERRIER,CREAM
08/25/2011,STRAY,FIELD,DOG,N,3,0,0,NORMAL,AUST CATTLE DOG,WHITE
08/25/2011,STRAY,OTC,CAT,N,3,0,0,NORMAL,DOMESTIC SH,BRN TABBY
08/25/2011,STRAY,FIELD,DOG,S,4,0,1,NORMAL,BORDER COLLIE,BLACK
08/25/2011,STRAY,OTC,DOG,F,4,0,1,NORMAL,PIT BULL,BROWN
08/25/2011,OWNER SUR,OTC,DOG,S,4,0,1,OTHER,LABRADOR RETR,BLACK
08/25/2011,STRAY,FIELD,DOG,S,5,0,1,NORMAL,CHOW CHOW,RED
08/25/2011,STRAY,FIELD,DOG,S,5,0,1,NORMAL,CHOW CHOW,BLACK
08/25/2011,PUBLIC AST,EVICTION,DOG,N,5,2,21,NORMAL,AUST KELPIE,RED
08/25/2011,STRAY,OTC,DOG,S,5,6,28,NORMAL,PIT BULL,BR BRINDLE
08/25/2011,PUBLIC AST,QUARANTINE,DOG,S,6,0,8,NORMAL,GERM SHEPHERD,BLACK
08/25/2011,PUBLIC AST,INVESTIGAT,DOG,N,7,0,1,SICK,AUST CATTLE DOG,BLACK
08/25/2011,PUBLIC AST,QUARANTINE,DOG,S,8,0,3,NORMAL,CHOW CHOW,RED
08/25/2011,STRAY,OTC,DOG,N,9,11,5,NORMAL,IRISH TERRIER,RED
08/25/2011,STRAY,OTC,CAT,N,9,0,2,NORMAL,TURKISH ANGORA,WHITE
08/25/2011,STRAY,OTC,DOG,N,9,0,2,NORMAL,GREYHOUND,TAN
08/25/2011,PUBLIC AST,QUARANTINE,CAT,N,9,0,8,NORMAL,OCICAT,ORG TABBY
08/25/2011,STRAY,OTC,DOG,N,12,0,3,NORMAL,YORKSHIRE TERR,BLACK
08/25/2011,PUBLIC AST,INVESTIGAT,DOG,M,15,0,3,SICK,LABRADOR RETR,BLACK
08/25/2011,STRAY,OTC,CAT,N,15,0,3,AGED,DOMESTIC SH,BLUE TABBY
08/26/2011,OWNER SUR,OTC,DOG,N,0,2,16,NORMAL,CHIHUAHUA LH,TAN
08/26/2011,OWNER SUR,OTC,DOG,N,0,2,16,NORMAL,CHIHUAHUA LH,TAN
08/26/2011,OWNER SUR,OTC,DOG,N,0,2,16,NORMAL,CHIHUAHUA LH,TAN
08/26/2011,OWNER SUR,OTC,CAT,S,0,3,0,NORMAL,DOMESTIC LH,TORTIE
08/26/2011,OWNER SUR,OTC,CAT,N,0,3,0,NORMAL,DOMESTIC MH,BRN TABBY
08/26/2011,OWNER SUR,OTC,CAT,S,0,3,0,NORMAL,DOMESTIC MH,TORBIE
08/26/2011,STRAY,OTC,CAT,S,0,2,0,NORMAL,DOMESTIC SH,BLUE TABBY
08/26/2011,OWNER SUR,OTC,DOG,N,0,2,0,NORMAL,CHIHUAHUA LH,BLACK
08/26/2011,OWNER SUR,OTC,DOG,S,0,2,0,NORMAL,CHIHUAHUA LH,BLACK
08/26/2011,OWNER SUR,QUARANTINE,DOG,N,0,3,15,NORMAL,ALASK MALAMUTE,WHITE
08/26/2011,STRAY,OTC,CAT,M,0,4,16,FERAL,DOMESTIC SH,BLACK
08/26/2011,STRAY,OTC,CAT,F,0,4,16,FERAL,DOMESTIC SH,BLACK
08/26/2011,STRAY,OTC,CAT,N,0,4,27,NORMAL,DOMESTIC SH,WHITE
08/26/2011,STRAY,OTC,CAT,F,0,4,1,FERAL,DOMESTIC SH,BROWN
08/26/2011,STRAY,FIELD,DOG,N,0,4,1,NORMAL,PIT BULL,BROWN
08/26/2011,STRAY,OTC,DOG,N,0,4,1,NORMAL,GERM SHEPHERD,BLACK
08/26/2011,OWNER SUR,OTC,CAT,N,0,5,29,NORMAL,DOMESTIC SH,ORG TABBY
08/26/2011,STRAY,OTC,CAT,S,0,5,1,INJURED,DOMESTIC SH,BLACK
08/26/2011,STRAY,OTC,CAT,N,0,5,1,FERAL,DOMESTIC SH,BLACK
08/26/2011,STRAY,OTC,CAT,N,0,5,1,FERAL,DOMESTIC SH,BLACK
08/26/2011,STRAY,FIELD,DOG,N,0,5,1,NORMAL,AUST CATTLE DOG,BLACK
08/26/2011,STRAY,OTC,CAT,M,1,8,0,FERAL,DOMESTIC SH,BRN TABBY
08/26/2011,OWNER SUR,OTC,DOG,S,1,11,0,NORMAL,RAT TERRIER,TRICOLOR
08/26/2011,STRAY,FIELD,DOG,N,1,10,1,INJURED,CATAHOULA,TAN
08/26/2011,OWNER SUR,OTC,DOG,S,1,10,1,NORMAL,BLUETICK HOUND,BLACK
08/26/2011,STRAY,OTC,DOG,S,1,0,0,NORMAL,GERM SHEPHERD,BLACK
08/26/2011,STRAY,OTC,DOG,N,1,0,0,NORMAL,CAROLINA DOG,BROWN
08/26/2011,STRAY,FIELD,DOG,N,1,0,0,NORMAL,CHIHUAHUA SH,WHITE
08/26/2011,OWNER SUR,OTC,CAT,S,1,6,29,NORMAL,SIAMESE,CALICO PT
08/26/2011,OWNER SUR,RETURN,DOG,N,2,6,12,SICK,MANCHESTER TERR,BLACK
08/26/2011,STRAY,FIELD,DOG,S,2,0,0,NORMAL,GERM SHEPHERD,BROWN
08/26/2011,OWNER SUR,OTC,CAT,S,2,0,0,NORMAL,DOMESTIC SH,BRN TABBY
08/26/2011,STRAY,FIELD,DOG,N,2,0,1,NORMAL,CHIHUAHUA SH,TAN
08/26/2011,STRAY,OTC,DOG,N,2,6,29,NORMAL,CHIHUAHUA SH,BLACK
08/26/2011,OWNER SUR,OTC,CAT,N,2,6,29,NORMAL,SIAMESE,SEAL PT
08/26/2011,STRAY,FIELD,DOG,N,3,0,0,NORMAL,CHOW CHOW,RED
08/26/2011,STRAY,OTC,DOG,S,3,6,19,NORMAL,ST BERNARD RGH,WHITE
08/26/2011,STRAY,OTC,DOG,N,3,6,19,NORMAL,CHOW CHOW,BLACK
08/26/2011,STRAY,OTC,CAT,N,4,0,1,NORMAL,DOMESTIC SH,BLUE TABBY
08/26/2011,PUBLIC AST,QUARANTINE,DOG,N,5,0,1,NORMAL,GR SWISS MTN,TRICOLOR
08/26/2011,OWNER SUR,OTC,CAT,U,5,0,1,SICK,DOMESTIC MH,BLUE TABBY
08/26/2011,OWNER SUR,OTC,CAT,S,5,4,13,NORMAL,DOMESTIC SH,CALICO
08/26/2011,OWNER SUR,OTC,DOG,S,6,0,1,NORMAL,BEAGLE,TAN
08/27/2011,STRAY,OTC,CAT,F,0,0,10,NURSING,DOMESTIC SH,WHITE
08/27/2011,STRAY,OTC,CAT,M,0,1,1,NORMAL,DOMESTIC MH,BLACK
08/27/2011,STRAY,OTC,CAT,M,0,1,1,NORMAL,DOMESTIC MH,WHITE
08/27/2011,STRAY,OTC,CAT,N,0,1,8,NORMAL,DOMESTIC SH,BLACK
08/27/2011,STRAY,OTC,CAT,S,0,1,8,NORMAL,DOMESTIC SH,BLK TABBY
08/27/2011,STRAY,OTC,CAT,N,0,1,8,NORMAL,DOMESTIC SH,WHITE
08/27/2011,OWNER SUR,OTC,DOG,S,0,2,16,NORMAL,SHIH TZU,CHOCOLATE
08/27/2011,OWNER SUR,OTC,DOG,N,0,2,0,NORMAL,LABRADOR RETR,BLACK
08/27/2011,OWNER SUR,OTC,DOG,S,0,2,0,NORMAL,LABRADOR RETR,BLACK
08/27/2011,OWNER SUR,OTC,DOG,S,0,2,0,NORMAL,LABRADOR RETR,BLACK
08/27/2011,OWNER SUR,OTC,DOG,S,0,2,0,NORMAL,LABRADOR RETR,TAN
08/27/2011,OWNER SUR,OTC,DOG,S,0,2,0,NORMAL,LABRADOR RETR,BLACK
08/27/2011,STRAY,OTC,CAT,S,0,4,1,NORMAL,KORAT,BLUE
08/27/2011,STRAY,OTC,CAT,S,0,4,1,NORMAL,DOMESTIC SH,BLACK
08/27/2011,STRAY,OTC,DOG,N,0,4,1,NORMAL,BOXER,BLACK
08/27/2011,STRAY,OTC,DOG,S,0,4,1,NORMAL,LABRADOR RETR,BLACK
08/27/2011,STRAY,OTC,CAT,S,0,5,16,NORMAL,DOMESTIC SH,BLACK
08/27/2011,STRAY,FIELD,DOG,N,0,5,16,NORMAL,PIT BULL,RED
08/27/2011,STRAY,OTC,DOG,F,0,5,16,NORMAL,POODLE MIN,WHITE
08/27/2011,STRAY,OTC,DOG,M,0,5,1,NORMAL,CHIHUAHUA SH,BLACK
08/27/2011,STRAY,OTC,CAT,N,0,5,1,NORMAL,RUSSIAN BLUE,BLUE
08/27/2011,STRAY,OTC,CAT,S,0,5,1,NORMAL,DOMESTIC SH,TORTIE
08/27/2011,PUBLIC AST,QUARANTINE,DOG,N,0,6,29,NORMAL,BORDER COLLIE,BLACK
08/27/2011,OWNER SUR,FIELD,DOG,S,1,8,0,NORMAL,SIBERIAN HUSKY,CREAM
08/27/2011,OWNER SUR,FIELD,DOG,N,1,8,0,NORMAL,SIBERIAN HUSKY,CREAM
08/27/2011,OWNER SUR,OTC,DOG,S,1,8,0,NORMAL,PAPILLON,WHITE
08/27/2011,STRAY,FIELD,DOG,S,1,8,0,NORMAL,SCHNAUZER MIN,BLACK
08/27/2011,STRAY,OTC,DOG,S,1,11,0,NORMAL,WELSH CORGI CAR,BLACK
08/27/2011,OWNER SUR,OTC,CAT,F,1,0,0,NORMAL,DOMESTIC SH,BRN TABBY
08/27/2011,OWNER SUR,FIELD,DOG,S,1,6,29,NORMAL,SIBERIAN HUSKY,CREAM
08/27/2011,STRAY,OTC,DOG,N,2,0,0,NORMAL,PUG,BLACK
08/27/2011,STRAY,OTC,CAT,S,2,0,0,NORMAL,DOMESTIC SH,TORTIE
08/27/2011,STRAY,OTC,DOG,N,2,0,0,NORMAL,DACHSHUND,CHOCOLATE
08/27/2011,STRAY,OTC,DOG,M,3,0,0,NORMAL,CHIHUAHUA SH,TAN
08/27/2011,STRAY,FIELD,DOG,S,3,0,0,NORMAL,AUST CATTLE DOG,BLUE TICK
08/27/2011,STRAY,OTC,CAT,N,3,0,0,NORMAL,DOMESTIC SH,BRN TABBY
08/27/2011,STRAY,OTC,DOG,S,3,0,0,NORMAL,DACHSHUND,RED
08/27/2011,STRAY,OTC,DOG,N,3,0,0,NORMAL,ENG BULLDOG,WHITE
08/27/2011,STRAY,FIELD,DOG,N,3,0,11,NORMAL,WEIMARANER,CHOCOLATE
08/27/2011,OWNER SUR,OTC,DOG,N,4,0,1,NORMAL,SCHNAUZER MIN,BLACK
08/27/2011,STRAY,OTC,DOG,N,4,0,1,NORMAL,CHIHUAHUA SH,WHITE
08/27/2011,OWNER SUR,OTC,DOG,N,4,4,26,NORMAL,CHOW CHOW,SABLE
08/27/2011,STRAY,OTC,DOG,S,5,0,1,NORMAL,CHIHUAHUA SH,RED
08/27/2011,STRAY,FIELD,CAT,U,5,0,1,SICK,DOMESTIC MH,BRN TABBY
08/27/2011,STRAY,OTC,CAT,N,6,0,1,NORMAL,DOMESTIC SH,BLUE TABBY
08/27/2011,STRAY,FIELD,DOG,N,9,0,21,NORMAL,GERM SHEPHERD,BROWN
08/27/2011,STRAY,OTC,DOG,N,8,0,2,NORMAL,LABRADOR RETR,BLACK
08/28/2011,STRAY,FIELD,DOG,S,0,0,0,NURSING,QUEENSLAND HEEL,WHITE
08/28/2011,STRAY,FIELD,DOG,N,0,0,0,NURSING,QUEENSLAND HEEL,WHITE
08/28/2011,STRAY,FIELD,DOG,S,0,0,0,NURSING,QUEENSLAND HEEL,WHITE
08/28/2011,STRAY,FIELD,DOG,S,0,0,0,NURSING,QUEENSLAND HEEL,WHITE
08/28/2011,STRAY,FIELD,DOG,S,0,0,0,NURSING,QUEENSLAND HEEL,WHITE
08/28/2011,STRAY,FIELD,DOG,N,0,0,0,NURSING,QUEENSLAND HEEL,BLACK
08/28/2011,STRAY,FIELD,DOG,N,0,0,0,NURSING,QUEENSLAND HEEL,BLACK
08/28/2011,STRAY,FIELD,DOG,N,0,0,0,NURSING,QUEENSLAND HEEL,BLACK
08/28/2011,STRAY,FIELD,DOG,N,0,0,0,NURSING,QUEENSLAND HEEL,BLACK
08/28/2011,STRAY,FIELD,DOG,N,0,0,0,NURSING,QUEENSLAND HEEL,WHITE
08/28/2011,STRAY,FIELD,DOG,N,0,0,0,NURSING,QUEENSLAND HEEL,WHITE
08/28/2011,STRAY,FIELD,DOG,N,0,0,0,NURSING,QUEENSLAND HEEL,BLACK
08/28/2011,STRAY,FIELD,DOG,U,0,0,0,NURSING,QUEENSLAND HEEL,WHITE
08/28/2011,STRAY,FIELD,DOG,U,0,0,0,NURSING,QUEENSLAND HEEL,WHITE
08/28/2011,STRAY,OTC,CAT,N,0,2,0,NORMAL,DOMESTIC SH,BLACK
08/28/2011,STRAY,OTC,CAT,N,0,2,0,NORMAL,DOMESTIC SH,BLACK
08/28/2011,STRAY,OTC,CAT,N,0,1,8,NORMAL,SIAMESE,FLAME PT
08/28/2011,STRAY,OTC,DOG,N,0,3,1,NORMAL,JACK RUSS TERR,WHITE
08/28/2011,OWNER SUR,OTC,CAT,N,0,3,1,NORMAL,DOMESTIC SH,BRN TABBY
08/28/2011,OWNER SUR,OTC,CAT,N,0,3,1,NORMAL,DOMESTIC SH,BRN TABBY
08/28/2011,OWNER SUR,OTC,CAT,S,0,3,1,NORMAL,DOMESTIC SH,BRN TABBY
08/28/2011,OWNER SUR,OTC,CAT,S,0,3,9,NORMAL,DOMESTIC SH,BRN TABBY
08/28/2011,STRAY,OTC,CAT,N,0,5,16,NORMAL,DOMESTIC SH,ORG TABBY
08/28/2011,STRAY,OTC,CAT,N,0,5,21,NORMAL,SIAMESE,FLAME PT
08/28/2011,STRAY,FIELD,DOG,N,0,6,29,NORMAL,POINTER,WHITE
08/28/2011,STRAY,FIELD,DOG,M,1,8,0,NORMAL,GREAT PYRENEES,WHITE
08/28/2011,STRAY,OTC,CAT,S,1,8,0,INJURED,DOMESTIC SH,TORTIE
08/28/2011,OWNER SUR,OTC,DOG,S,1,8,0,NORMAL,AUST CATTLE DOG,WHITE
08/28/2011,STRAY,OTC,DOG,N,1,8,0,NORMAL,AUST CATTLE DOG,BLACK
08/28/2011,OWNER SUR,OTC,DOG,N,1,8,0,NORMAL,PRESA CANARIO,BR BRINDLE
08/28/2011,OWNER SUR,OTC,DOG,N,1,11,28,NORMAL,CHIHUAHUA SH,TAN
08/28/2011,STRAY,OTC,DOG,S,1,0,0,NORMAL,CHIHUAHUA SH,BR BRINDLE
08/28/2011,STRAY,OTC,CAT,N,1,0,0,NORMAL,MAINE COON,BLUE TABBY
08/28/2011,OWNER SUR,OTC,DOG,M,1,0,0,NORMAL,PIT BULL,BR BRINDLE
08/28/2011,STRAY,OTC,DOG,S,1,0,0,NORMAL,COCKER SPAN,BUFF
08/28/2011,STRAY,OTC,DOG,N,1,0,0,NORMAL,COCKER SPAN,BLACK
08/28/2011,STRAY,OTC,DOG,S,1,0,0,NORMAL,WHIPPET,BLACK
08/28/2011,STRAY,OTC,DOG,N,1,0,0,NORMAL,GREAT PYRENEES,WHITE
08/28/2011,OWNER SUR,OTC,CAT,S,1,2,1,NORMAL,DOMESTIC SH,BLACK
08/28/2011,STRAY,OTC,DOG,S,1,2,12,NORMAL,DACHSHUND,TAN
08/28/2011,STRAY,OTC,CAT,F,2,0,0,NORMAL,DOMESTIC SH,CALICO
08/28/2011,STRAY,OTC,CAT,S,2,0,0,NORMAL,CHARTREUX,BLUE
08/28/2011,OWNER SUR,OTC,DOG,N,2,0,0,NORMAL,CHIHUAHUA SH,BUFF
08/28/2011,OWNER SUR,OTC,CAT,S,3,11,25,NORMAL,AMER SH,BRN TABBY
08/28/2011,STRAY,FIELD,DOG,S,4,0,22,NORMAL,HARRIER,WHITE
08/28/2011,STRAY,OTC,DOG,S,3,0,0,NORMAL,LABRADOR RETR,TAN
08/28/2011,PUBLIC AST,NO SUBTYPE,DOG,F,4,0,1,NORMAL,POODLE MIN,WHITE
08/28/2011,OWNER SUR,OTC,CAT,N,4,6,0,NORMAL,DOMESTIC SH,BRN TABBY
08/28/2011,STRAY,OTC,DOG,N,5,10,3,NORMAL,GERM SHEPHERD,BLACK
08/28/2011,PUBLIC AST,NO SUBTYPE,DOG,S,5,0,1,NORMAL,AUST CATTLE DOG,BLACK
08/28/2011,OWNER SUR,OTC,CAT,S,6,11,9,NORMAL,DOMESTIC SH,BLACK
08/28/2011,OWNER SUR,OTC,CAT,S,6,0,1,NORMAL,DOMESTIC SH,BLACK
08/28/2011,OWNER SUR,OTC,CAT,N,6,0,1,NORMAL,DOMESTIC SH,BRN TABBY
08/28/2011,STRAY,FIELD,DOG,M,10,0,11,NORMAL,LABRADOR RETR,YELLOW
08/28/2011,STRAY,FIELD,CAT,U,NO AGE,INJURED,DOMESTIC SH,BLACK,,
08/29/2011,STRAY,OTC,CAT,U,0,0,1,NURSING,DOMESTIC SH,BRN TABBY
08/29/2011,STRAY,OTC,CAT,S,0,1,15,NORMAL,DOMESTIC SH,BRN TABBY
08/29/2011,STRAY,OTC,CAT,N,0,1,15,NORMAL,DOMESTIC SH,BLUE
08/29/2011,STRAY,OTC,DOG,N,0,1,15,NURSING,GERM SHEPHERD,BROWN
08/29/2011,STRAY,OTC,DOG,S,0,1,15,NURSING,GERM SHEPHERD,BROWN
08/29/2011,STRAY,OTC,DOG,S,0,1,15,NURSING,GERM SHEPHERD,BROWN
08/29/2011,STRAY,OTC,DOG,N,0,1,15,NURSING,GERM SHEPHERD,BROWN
08/29/2011,STRAY,OTC,DOG,N,0,1,15,NURSING,GERM SHEPHERD,BROWN
08/29/2011,STRAY,OTC,DOG,N,0,1,15,NURSING,GERM SHEPHERD,BROWN
08/29/2011,STRAY,OTC,DOG,F,0,1,15,NURSING,GERM SHEPHERD,BROWN
08/29/2011,STRAY,OTC,DOG,N,0,1,15,NURSING,GERM SHEPHERD,BROWN
08/29/2011,STRAY,OTC,DOG,N,0,1,15,NURSING,GERM SHEPHERD,BROWN
08/29/2011,STRAY,OTC,DOG,N,0,1,15,NURSING,GERM SHEPHERD,BROWN
08/29/2011,STRAY,OTC,CAT,S,0,1,1,NORMAL,DOMESTIC SH,CRM TABBY
08/29/2011,STRAY,OTC,CAT,S,0,1,1,NORMAL,DOMESTIC SH,ORG TABBY
08/29/2011,STRAY,OTC,CAT,N,0,1,1,NORMAL,DOMESTIC SH,ORG TABBY
08/29/2011,STRAY,OTC,CAT,N,0,1,1,NORMAL,DOMESTIC SH,ORG TABBY
08/29/2011,STRAY,OTC,CAT,N,0,1,1,NORMAL,DOMESTIC SH,BLUE
08/29/2011,STRAY,OTC,CAT,N,0,1,1,NORMAL,DOMESTIC SH,BLUE
08/29/2011,STRAY,OTC,CAT,M,0,1,1,INJURED,DOMESTIC SH,BRN TABBY
08/29/2011,STRAY,OTC,CAT,S,0,1,1,NORMAL,DOMESTIC SH,BRN TABBY
08/29/2011,STRAY,OTC,CAT,S,0,1,1,NORMAL,DOMESTIC SH,BRN TABBY
08/29/2011,OWNER SUR,OTC,DOG,N,0,2,0,NORMAL,CHIHUAHUA SH,TRICOLOR
08/29/2011,STRAY,OTC,CAT,S,0,2,13,NORMAL,DOMESTIC MH,BLK SMOKE
08/29/2011,STRAY,OTC,CAT,S,0,3,21,NORMAL,DOMESTIC MH,BRN TABBY
08/29/2011,STRAY,OTC,DOG,N,0,3,1,SICK,POODLE TOY,RED
08/29/2011,STRAY,OTC,CAT,N,0,4,16,NORMAL,DOMESTIC LH,BLACK
08/29/2011,OWNER SUR,OTC,CAT,N,0,5,16,NORMAL,DOMESTIC SH,BRN TABBY
08/29/2011,OWNER SUR,OTC,CAT,N,0,5,16,NORMAL,DOMESTIC SH,BRN TABBY
08/29/2011,OWNER SUR,OTC,CAT,N,0,5,16,NORMAL,DOMESTIC SH,BRN TABBY
08/29/2011,OWNER SUR,OTC,CAT,N,0,5,16,NORMAL,DOMESTIC SH,ORG TABBY
08/29/2011,STRAY,OTC,CAT,N,0,5,16,NORMAL,DOMESTIC SH,BLACK
08/29/2011,OWNER SUR,OTC,DOG,S,0,5,5,NORMAL,GERM SHEPHERD,TAN
08/29/2011,STRAY,OTC,CAT,N,0,6,16,NORMAL,DOMESTIC SH,ORG TABBY
08/29/2011,STRAY,EMERG CLC,CAT,S,0,6,16,INJURED,DOMESTIC SH,BLACK
08/29/2011,STRAY,OTC,CAT,S,0,6,18,NURSING,DOMESTIC SH,WHITE
08/29/2011,STRAY,FIELD,CAT,F,1,8,0,SICK,DOMESTIC SH,WHITE
08/29/2011,STRAY,OTC,DOG,N,1,8,0,NORMAL,MIN PINSCHER,BLACK
08/29/2011,STRAY,OTC,DOG,S,1,0,0,NORMAL,BOXER,RED
08/29/2011,STRAY,OTC,DOG,S,1,6,29,NORMAL,DACHSHUND,BLACK
08/29/2011,OWNER SUR,OTC,CAT,N,2,0,0,NORMAL,DOMESTIC SH,BLACK
08/29/2011,STRAY,OTC,CAT,S,2,0,0,NORMAL,DOMESTIC SH,BRN TABBY
08/29/2011,STRAY,OTC,DOG,N,2,0,0,NORMAL,DACHSHUND LH,BLACK
08/29/2011,STRAY,OTC,DOG,M,2,0,0,NORMAL,LHASA APSO,WHITE
08/29/2011,STRAY,FIELD,DOG,N,2,0,0,NORMAL,POODLE MIN,WHITE
08/29/2011,OWNER SUR,OTC,DOG,S,2,3,17,NORMAL,BORDER COLLIE,BLACK
08/29/2011,STRAY,OTC,DOG,S,3,0,0,NORMAL,CHIHUAHUA SH,BLACK
08/29/2011,STRAY,OTC,DOG,S,3,0,0,NORMAL,JACK RUSS TERR,WHITE
08/29/2011,STRAY,OTC,CAT,N,3,0,0,NORMAL,SIAMESE,FLAME PT
08/29/2011,STRAY,OTC,CAT,N,3,0,0,NORMAL,BRITISH SH,WHITE
08/29/2011,OWNER SUR,OTC,CAT,S,4,0,1,NORMAL,DOMESTIC SH,CALICO
08/29/2011,STRAY,OTC,DOG,S,4,0,1,NURSING,GERM SHEPHERD,SABLE
08/29/2011,STRAY,FIELD,DOG,S,5,7,4,NORMAL,ROTTWEILER,BLACK
08/29/2011,OWNER SUR,QUARANTINE,DOG,N,5,11,8,NORMAL,CAIRN TERRIER,BROWN
08/29/2011,STRAY,OTC,DOG,N,5,0,1,NORMAL,JACK RUSS TERR,WHITE
08/29/2011,STRAY,OTC,CAT,N,5,0,1,NORMAL,DOMESTIC SH,BLUE TABBY
08/29/2011,STRAY,FIELD,DOG,M,5,0,1,NORMAL,ROTTWEILER,BLACK
08/29/2011,STRAY,FIELD,DOG,M,5,0,1,NORMAL,DACHSHUND LH,GRAY
08/29/2011,PUBLIC AST,SURGERY,DOG,S,5,6,22,NORMAL,BOXER,BROWN
08/29/2011,OWNER SUR,OTC,DOG,N,6,0,1,NORMAL,CAIRN TERRIER,TAN
08/29/2011,OWNER SUR,OTC,CAT,S,9,0,2,NORMAL,DOMESTIC SH,CALICO
08/29/2011,OWNER SUR,OTC,CAT,S,9,0,2,NORMAL,SIAMESE,LYNX PT
08/29/2011,OWNER SUR,OTC,CAT,S,9,2,5,NORMAL,DOMESTIC SH,LYNX PT
08/30/2011,OWNER SUR,OTC,DOG,N,0,1,8,NORMAL,BORDER COLLIE,TRICOLOR
08/30/2011,OWNER SUR,OTC,DOG,N,0,1,8,NORMAL,BORDER COLLIE,BLACK
08/30/2011,OWNER SUR,OTC,DOG,N,0,1,8,NORMAL,BORDER COLLIE,BLACK
08/30/2011,OWNER SUR,OTC,DOG,S,0,1,8,NORMAL,BORDER COLLIE,TAN
08/30/2011,OWNER SUR,OTC,DOG,N,0,1,8,NORMAL,BORDER COLLIE,TAN
08/30/2011,OWNER SUR,OTC,DOG,N,0,1,8,NORMAL,BORDER COLLIE,BLACK
08/30/2011,OWNER SUR,OTC,DOG,S,0,1,8,NORMAL,BORDER COLLIE,BLACK
08/30/2011,STRAY,EMERG CLC,CAT,U,0,2,0,INJURED,DOMESTIC SH,BRN TABBY
08/30/2011,STRAY,OTC,DOG,N,0,2,0,NORMAL,BOXER,BROWN
08/30/2011,STRAY,FIELD,DOG,S,0,2,0,NORMAL,BLACK MOUTH CUR,TAN
08/30/2011,STRAY,FIELD,DOG,N,0,3,1,SICK,CHIHUAHUA SH,TAN
08/30/2011,PUBLIC AST,EMERGENCY,CAT,N,0,3,1,NORMAL,DOMESTIC SH,BRN TABBY
08/30/2011,STRAY,FIELD,DOG,N,0,5,15,NORMAL,GOLDEN RETR,GOLD
08/30/2011,STRAY,OTC,DOG,S,0,6,14,NORMAL,CHIHUAHUA SH,BROWN
08/30/2011,STRAY,FIELD,DOG,S,0,6,16,NORMAL,LABRADOR RETR,TAN
08/30/2011,STRAY,FIELD,DOG,N,0,6,16,NORMAL,GERM SHEPHERD,BLACK
08/30/2011,STRAY,OTC,CAT,N,0,6,0,NORMAL,DOMESTIC SH,BRN TABBY
08/30/2011,STRAY,FIELD,DOG,S,1,8,0,INJURED,BORDER COLLIE,BLACK
08/30/2011,STRAY,OTC,DOG,N,1,8,0,NORMAL,DACHSHUND,BROWN
08/30/2011,STRAY,OTC,DOG,N,1,10,1,NORMAL,PIT BULL,BROWN
08/30/2011,STRAY,OTC,DOG,S,1,0,0,NORMAL,CHIHUAHUA SH,BLACK
08/30/2011,STRAY,EMERG CLC,DOG,S,1,0,1,INJURED,CHIHUAHUA SH,BROWN
08/30/2011,PUBLIC AST,QUARANTINE,DOG,M,1,1,1,NORMAL,PIT BULL,WHITE
08/30/2011,OWNER SUR,OTC,DOG,N,1,2,0,NORMAL,BLUETICK HOUND,TRICOLOR
08/30/2011,STRAY,FIELD,DOG,N,1,6,29,NORMAL,JACK RUSS TERR,WHITE
08/30/2011,STRAY,FIELD,DOG,N,1,6,29,NORMAL,CHIHUAHUA SH,BLACK
08/30/2011,STRAY,FIELD,DOG,S,2,8,0,NORMAL,GREAT DANE,BRN MERLE
08/30/2011,STRAY,FIELD,DOG,S,2,8,20,NORMAL,LABRADOR RETR,BROWN
08/30/2011,STRAY,OTC,DOG,S,2,0,0,INJURED,SHIH TZU,BLACK
08/30/2011,STRAY,EMERG CLC,DOG,S,2,0,0,INJURED,CHIHUAHUA SH,BROWN
08/30/2011,PUBLIC AST,QUARANTINE,DOG,S,2,0,0,NORMAL,PIT BULL,CHOCOLATE
08/30/2011,STRAY,FIELD,DOG,S,2,5,10,NORMAL,PIT BULL,BR BRINDLE
08/30/2011,OWNER SUR,OTC,DOG,N,3,7,14,NORMAL,BORDER COLLIE,BLACK
08/30/2011,OWNER SUR,OTC,DOG,N,3,0,0,SICK,CHIHUAHUA SH,BLACK
08/30/2011,STRAY,FIELD,DOG,S,5,0,1,NORMAL,LHASA APSO,WHITE
08/30/2011,STRAY,FIELD,DOG,N,5,0,1,NORMAL,LHASA APSO,WHITE
08/30/2011,STRAY,OTC,DOG,S,5,0,1,NORMAL,POINTER,BR BRINDLE
08/30/2011,STRAY,OTC,DOG,S,7,0,26,NORMAL,AUST CATTLE DOG,BLUE TICK
08/30/2011,OWNER SUR,FIELD,DOG,N,6,5,1,NORMAL,COCKER SPAN,BUFF
08/30/2011,OWNER SUR,FIELD,DOG,S,6,5,1,NORMAL,COCKER SPAN,BUFF
08/30/2011,OWNER SUR,OTC,CAT,S,7,0,1,NORMAL,DOMESTIC SH,BLUE
08/30/2011,PUBLIC AST,INVESTIGAT,DOG,S,8,11,8,SICK,CHINESE SHARPEI,BUFF
08/30/2011,STRAY,FIELD,DOG,N,9,0,24,NORMAL,GERM SHEPHERD,BROWN
08/30/2011,STRAY,EMERG CLC,CAT,F,8,0,2,INJURED,DOMESTIC SH,ORG TABBY
08/30/2011,PUBLIC AST,QUARANTINE,DOG,F,9,9,4,NORMAL,STAFFORDSHIRE,BL BRINDLE
08/30/2011,STRAY,OTC,DOG,S,10,0,2,NORMAL,CHIHUAHUA SH,BLACK
08/30/2011,PUBLIC AST,INVESTIGAT,DOG,S,10,0,2,SICK,CHINESE SHARPEI,WHITE
08/30/2011,PUBLIC AST,QUARANTINE,DOG,S,12,0,3,NORMAL,PIT BULL,WHITE
08/31/2011,STRAY,OTC,DOG,N,0,0,7,NURSING,LABRADOR RETR,BUFF
08/31/2011,STRAY,OTC,DOG,N,0,0,7,NURSING,LABRADOR RETR,BUFF
08/31/2011,STRAY,OTC,DOG,N,0,0,7,NURSING,LABRADOR RETR,BUFF
08/31/2011,STRAY,OTC,DOG,N,0,0,7,NURSING,LABRADOR RETR,TAN
08/31/2011,STRAY,OTC,DOG,N,0,0,7,NURSING,LABRADOR RETR,TAN
08/31/2011,STRAY,OTC,DOG,S,0,0,7,NURSING,LABRADOR RETR,TAN
08/31/2011,STRAY,OTC,DOG,S,0,0,7,NURSING,LABRADOR RETR,BROWN
08/31/2011,STRAY,OTC,DOG,S,0,0,7,NURSING,LABRADOR RETR,BROWN
08/31/2011,STRAY,OTC,DOG,S,0,0,7,NURSING,LABRADOR RETR,TAN
08/31/2011,STRAY,OTC,DOG,S,0,0,7,NURSING,LABRADOR RETR,TAN
08/31/2011,STRAY,OTC,CAT,N,0,1,8,NORMAL,DOMESTIC SH,BLUE TABBY
08/31/2011,STRAY,OTC,CAT,N,0,2,25,NORMAL,DOMESTIC SH,BLACK
08/31/2011,OWNER SUR,OTC,CAT,S,0,2,7,NORMAL,DOMESTIC LH,TORTIE
08/31/2011,OWNER SUR,RETURN,CAT,S,0,2,8,NORMAL,SIAMESE,LYNX PT
08/31/2011,STRAY,FIELD,DOG,S,0,3,15,NORMAL,LABRADOR RETR,BLACK
08/31/2011,STRAY,FIELD,DOG,S,0,3,15,NORMAL,LABRADOR RETR,BLACK
08/31/2011,STRAY,FIELD,DOG,S,0,3,15,NORMAL,LABRADOR RETR,BLACK
08/31/2011,STRAY,OTC,DOG,S,0,3,1,NORMAL,PIT BULL,BR BRINDLE
08/31/2011,STRAY,FIELD,DOG,N,0,4,26,SICK,BOXER,BR BRINDLE
08/31/2011,STRAY,OTC,CAT,N,0,4,1,NORMAL,DOMESTIC SH,ORG TABBY
08/31/2011,OWNER SUR,OTC,DOG,N,0,5,1,NORMAL,POODLE STND,CREAM
08/31/2011,STRAY,FIELD,DOG,M,0,6,16,NORMAL,GERM SHEPHERD,BLACK
08/31/2011,STRAY,FIELD,DOG,N,0,6,29,NORMAL,PIT BULL,CHOCOLATE
08/31/2011,STRAY,OTC,CAT,S,1,7,25,NORMAL,DOMESTIC SH,BLACK
08/31/2011,STRAY,OTC,CAT,S,1,7,25,NORMAL,DOMESTIC SH,BLACK
08/31/2011,STRAY,FIELD,DOG,S,1,8,0,NORMAL,ROTTWEILER,BLACK
08/31/2011,STRAY,OTC,CAT,N,1,8,0,NORMAL,DOMESTIC SH,BRN TABBY
08/31/2011,STRAY,FIELD,DOG,N,1,8,0,NORMAL,TR WALKER HOUND,TRICOLOR
08/31/2011,OWNER SUR,RETURN,DOG,S,1,10,21,NORMAL,CATAHOULA,WHITE
08/31/2011,OWNER SUR,OTC,DOG,S,1,11,16,NORMAL,BRITTANY,RED
08/31/2011,STRAY,FIELD,DOG,N,1,11,5,NORMAL,PIT BULL,RED
08/31/2011,OWNER SUR,OTC,DOG,N,1,0,0,NORMAL,AM PIT BULL TER,WHITE
08/31/2011,STRAY,OTC,CAT,N,1,0,0,NORMAL,BURMESE,CHOC PT
08/31/2011,STRAY,FIELD,DOG,N,1,0,0,NORMAL,BASSET HOUND,BLACK
08/31/2011,STRAY,FIELD,DOG,N,1,0,0,NORMAL,PIT BULL,BLACK
08/31/2011,STRAY,FIELD,DOG,F,1,0,0,NORMAL,AMERICAN STAFF,FAWN
08/31/2011,STRAY,FIELD,DOG,F,1,2,0,INJURED,AUST CATTLE DOG,BLACK
08/31/2011,OWNER SUR,FIELD,DOG,S,1,6,28,INJURED,PIT BULL,BLUE
08/31/2011,STRAY,OTC,DOG,M,1,6,29,NORMAL,ROTTWEILER,BLACK
08/31/2011,STRAY,OTC,DOG,N,1,6,29,NORMAL,PIT BULL,BROWN
08/31/2011,STRAY,OTC,DOG,N,1,6,29,NORMAL,CHIHUAHUA SH,TAN
08/31/2011,OWNER SUR,OTC,DOG,F,3,0,0,NORMAL,RAT TERRIER,TRICOLOR
08/31/2011,STRAY,OTC,DOG,S,2,0,0,NORMAL,LABRADOR RETR,BLACK
08/31/2011,STRAY,FIELD,DOG,M,2,0,0,NORMAL,AMERICAN STAFF,FAWN
08/31/2011,OWNER SUR,OTC,DOG,S,4,0,0,NORMAL,RAT TERRIER,TRICOLOR
08/31/2011,OWNER SUR,FIELD,DOG,F,3,0,0,NORMAL,JACK RUSS TERR,BROWN
08/31/2011,OWNER SUR,OTC,DOG,N,3,0,0,NORMAL,AMER BULLDOG,BROWN
08/31/2011,STRAY,OTC,DOG,S,3,0,0,NURSING,LABRADOR RETR,WHITE
08/31/2011,STRAY,FIELD,DOG,M,4,0,1,NORMAL,ROTTWEILER,BLACK
08/31/2011,OWNER SUR,OTC,CAT,N,6,0,1,NORMAL,DOMESTIC SH,BLACK
08/31/2011,STRAY,FIELD,DOG,M,7,0,1,NORMAL,GERM SHEPHERD,BLACK
08/31/2011,STRAY,OTC,DOG,S,9,1,13,NORMAL,JACK RUSS TERR,WHITE
08/31/2011,OWNER SUR,OTC,DOG,N,9,4,22,NORMAL,BEAGLE,WHITE
08/31/2011,PUBLIC AST,OWNER DIED,DOG,N,12,8,24,NORMAL,AUST SHEPHERD,BLUE MERLE
08/31/2011,STRAY,FIELD,DOG,S,12,0,3,OTHER,LABRADOR RETR,YELLOW
09-01-11,STRAY,EMERG CLC,CAT,M,0,0,4,NURSING,DOMESTIC SH,BRN TABBY
09-01-11,STRAY,EMERG CLC,CAT,M,0,0,4,NURSING,DOMESTIC SH,BRN TABBY
09-01-11,STRAY,EMERG CLC,CAT,M,0,0,4,NURSING,DOMESTIC SH,ORG TABBY
09-01-11,STRAY,FIELD,DOG,S,0,2,26,NORMAL,BLACK MOUTH CUR,RED
09-01-11,STRAY,OTC,CAT,S,0,2,27,NORMAL,DOMESTIC SH,BRN TABBY
09-01-11,STRAY,FIELD,DOG,S,0,2,1,SICK,BLACK MOUTH CUR,BROWN
09-01-11,STRAY,OTC,DOG,N,0,2,1,NORMAL,BOXER,SABLE
09-01-11,STRAY,OTC,DOG,N,0,2,8,NORMAL,LABRADOR RETR,RED
09-01-11,OWNER SUR,OTC,CAT,S,0,3,1,NORMAL,DOMESTIC SH,BRN TABBY
09-01-11,OWNER SUR,OTC,CAT,S,0,3,13,NORMAL,DOMESTIC SH,BLACK
09-01-11,STRAY,OTC,DOG,N,0,4,2,NORMAL,PIT BULL,BLACK
09-01-11,OWNER SUR,OTC,CAT,S,0,4,2,NORMAL,DOMESTIC SH,WHITE
09-01-11,STRAY,FIELD,DOG,N,0,4,2,NORMAL,STAFFORDSHIRE,BLACK
09-01-11,OWNER SUR,RETURN,CAT,N,0,5,15,NORMAL,DOMESTIC SH,ORG TABBY
09-01-11,OWNER SUR,OTC,CAT,S,0,5,17,NORMAL,DOMESTIC SH,BRN TABBY
09-01-11,OWNER SUR,OTC,CAT,S,0,5,17,NORMAL,DOMESTIC SH,CRM TABBY
09-01-11,OWNER SUR,OTC,CAT,M,0,5,17,NORMAL,SIAMESE,LYNX PT
09-01-11,OWNER SUR,OTC,CAT,N,0,5,24,NORMAL,DOMESTIC SH,WHITE
09-01-11,OWNER SUR,OTC,CAT,S,0,5,24,NORMAL,DOMESTIC SH,WHITE
09-01-11,OWNER SUR,RETURN,DOG,N,0,5,7,NORMAL,AUST CATTLE DOG,BLACK
09-01-11,STRAY,FIELD,DOG,N,0,6,16,NORMAL,CATAHOULA,WHITE
09-01-11,STRAY,FIELD,DOG,S,1,6,2,NORMAL,PIT BULL,BROWN
09-01-11,STRAY,FIELD,DOG,N,1,8,0,NORMAL,PIT BULL,WHITE
09-01-11,OWNER SUR,OTC,CAT,S,1,8,13,NORMAL,DOMESTIC SH,BLACK
09-01-11,STRAY,OTC,CAT,N,1,8,0,NORMAL,DOMESTIC SH,ORG TABBY
09-01-11,STRAY,OTC,DOG,S,1,10,1,NORMAL,FOX TERR SMOOTH,BLACK
09-01-11,STRAY,OTC,DOG,N,1,10,1,NORMAL,FOX TERR SMOOTH,BROWN
09-01-11,OWNER SUR,OTC,CAT,S,2,0,15,NORMAL,DOMESTIC SH,WHITE
09-01-11,OWNER SUR,OTC,CAT,N,2,0,19,NORMAL,DOMESTIC SH,BLACK
09-01-11,OWNER SUR,OTC,CAT,S,1,0,0,NORMAL,DOMESTIC SH,BLACK
09-01-11,STRAY,OTC,CAT,S,1,0,0,NORMAL,DOMESTIC SH,BRN TABBY
09-01-11,STRAY,FIELD,DOG,S,1,0,0,NORMAL,PIT BULL,WHITE
09-01-11,STRAY,OTC,DOG,N,1,0,0,INJURED,BOXER,BROWN
09-01-11,STRAY,FIELD,DOG,N,1,0,0,NORMAL,CHIHUAHUA SH,RED
09-01-11,OWNER SUR,OTC,CAT,S,1,0,0,NORMAL,DOMESTIC SH,TORBIE
09-01-11,OWNER SUR,OTC,DOG,N,1,4,2,NORMAL,FOX TERR WIRE,TAN
09-01-11,STRAY,OTC,CAT,S,2,0,0,INJURED,DOMESTIC SH,BRN TABBY
09-01-11,STRAY,OTC,DOG,N,2,0,0,NORMAL,BORDER COLLIE,BR BRINDLE
09-01-11,STRAY,FIELD,DOG,M,2,0,0,NORMAL,CATAHOULA,BL BRINDLE
09-01-11,STRAY,OTC,CAT,S,2,0,0,NORMAL,DOMESTIC SH,TORTIE
09-01-11,PUBLIC AST,OIJ,DOG,N,2,0,0,NORMAL,CATAHOULA,BROWN
09-01-11,STRAY,FIELD,DOG,N,3,0,0,NORMAL,RHOD RIDGEBACK,TAN
09-01-11,OWNER SUR,OTC,DOG,S,3,0,0,NORMAL,SIBERIAN HUSKY,GRAY
09-01-11,OWNER SUR,OTC,DOG,S,3,0,0,NORMAL,CHOW CHOW,CREAM
09-01-11,STRAY,OTC,DOG,S,4,0,1,NORMAL,BOXER,TAN
09-01-11,STRAY,OTC,CAT,N,4,0,1,NORMAL,RUSSIAN BLUE,BLUE
09-01-11,OWNER SUR,OTC,DOG,N,4,0,1,NORMAL,BORDER COLLIE,TRICOLOR
09-01-11,OWNER SUR,OTC,CAT,N,4,0,1,NORMAL,DOMESTIC SH,BLACK
09-01-11,OWNER SUR,OTC,DOG,N,5,6,3,NORMAL,CHIHUAHUA SH,BLACK
09-01-11,STRAY,OTC,DOG,N,5,6,3,NORMAL,DACHSHUND,RED
09-01-11,STRAY,OTC,DOG,N,5,10,21,NORMAL,FOX TERR SMOOTH,TRICOLOR
09-01-11,STRAY,FIELD,DOG,S,5,11,25,AGED,PIT BULL,WHITE
09-01-11,STRAY,FIELD,DOG,S,5,11,25,AGED,PIT BULL,WHITE
09-01-11,STRAY,FIELD,DOG,F,5,0,1,NORMAL,PRESA CANARIO,BROWN
09-01-11,STRAY,OTC,DOG,S,5,0,1,NORMAL,AMERICAN STAFF,CHOCOLATE
09-01-11,STRAY,OTC,CAT,S,5,0,1,NORMAL,SIAMESE,CHOC PT
09-01-11,OWNER SUR,OTC,DOG,N,5,0,4,INJURED,BEAGLE,WHITE
09-01-11,OWNER SUR,OTC,DOG,M,6,0,1,NORMAL,CHOW CHOW,BLACK
09-01-11,STRAY,OTC,DOG,S,8,0,26,NORMAL,DACHSHUND,RED
09-02-11,STRAY,OTC,CAT,N,0,1,15,SICK,DOMESTIC SH,ORG TABBY
09-02-11,STRAY,OTC,CAT,S,0,1,15,SICK,DOMESTIC SH,TORTIE
09-02-11,STRAY,OTC,CAT,N,0,1,22,NORMAL,DOMESTIC SH,LILAC PT
09-02-11,STRAY,OTC,CAT,N,0,1,22,NORMAL,DOMESTIC SH,BLACK
09-02-11,STRAY,FIELD,CAT,N,0,1,12,FERAL,DOMESTIC SH,BLACK
09-02-11,STRAY,OTC,DOG,S,0,2,26,NORMAL,PLOTT HOUND,BR BRINDLE
09-02-11,STRAY,OTC,DOG,N,0,3,15,NORMAL,PLOTT HOUND,BLACK
09-02-11,OWNER SUR,OTC,DOG,S,0,3,16,NORMAL,BEAGLE,RED
09-02-11,STRAY,OTC,DOG,S,0,3,18,NORMAL,BEAGLE,BLACK
09-02-11,STRAY,OTC,DOG,S,0,3,21,NORMAL,LABRADOR RETR,BLACK
09-02-11,STRAY,FIELD,DOG,S,0,3,1,NORMAL,PIT BULL,BLACK
09-02-11,STRAY,OTC,DOG,N,0,3,8,NORMAL,LABRADOR RETR,WHITE
09-02-11,STRAY,FIELD,DOG,N,0,4,22,NORMAL,LABRADOR RETR,BUFF
09-02-11,STRAY,OTC,DOG,N,0,4,24,NORMAL,PLOTT HOUND,BLUE
09-02-11,OWNER SUR,OTC,CAT,S,0,4,2,INJURED,DOMESTIC SH,BRN TABBY
09-02-11,OWNER SUR,FIELD,CAT,F,0,4,2,INJURED,SIAMESE,LYNX PT
09-02-11,STRAY,OTC,DOG,S,0,6,16,NORMAL,LABRADOR RETR,BLACK
09-02-11,STRAY,OTC,CAT,S,1,11,0,INJURED,SIAMESE,LYNX PT
09-02-11,STRAY,FIELD,DOG,N,1,0,0,NORMAL,CHIHUAHUA SH,BROWN
09-02-11,STRAY,OTC,DOG,N,1,0,0,NORMAL,LABRADOR RETR,BROWN
09-02-11,OWNER SUR,OTC,DOG,N,1,0,0,NORMAL,GERM SH POINT,WHITE
09-02-11,OWNER SUR,OTC,DOG,N,1,2,1,NORMAL,BULLMASTIFF,BROWN
09-02-11,OWNER SUR,OTC,CAT,S,2,6,2,NORMAL,DOMESTIC LH,CRM TABBY
09-02-11,OWNER SUR,OTC,CAT,S,2,6,2,NORMAL,DOMESTIC LH,ORG TABBY
09-02-11,STRAY,OTC,DOG,S,2,6,2,NORMAL,CHIHUAHUA SH,BROWN
09-02-11,STRAY,OTC,DOG,M,2,0,0,NORMAL,AMER BULLDOG,BLUE
09-02-11,STRAY,FIELD,DOG,N,2,0,0,INJURED,AMERICAN STAFF,WHITE
09-02-11,OWNER SUR,QUARANTINE,DOG,N,2,1,9,NORMAL,LABRADOR RETR,BLACK
09-02-11,STRAY,FIELD,DOG,S,3,0,0,NORMAL,JACK RUSS TERR,TRICOLOR
09-02-11,OWNER SUR,OTC,CAT,N,4,0,1,NORMAL,TURKISH ANGORA,WHITE
09-02-11,PUBLIC AST,QUARANTINE,DOG,N,4,0,2,NORMAL,LABRADOR RETR,BROWN
09-02-11,STRAY,OTC,DOG,N,5,0,1,NORMAL,SHETLD SHEEPDOG,TRICOLOR
09-02-11,STRAY,OTC,CAT,N,5,0,1,NORMAL,MANX,ORG TABBY
09-02-11,STRAY,FIELD,DOG,N,8,8,20,SICK,BRITTANY,LIVER
09-02-11,PUBLIC AST,QUARANTINE,DOG,S,13,0,4,NORMAL,COCKER SPAN,BROWN
09-02-11,EUTH REQ,NO SUBTYPE,DOG,F,14,0,3,AGED,WEIMARANER,FAWN
09-03-11,STRAY,OTC,CAT,S,0,1,1,NORMAL,DOMESTIC SH,BRN TABBY
09-03-11,STRAY,OTC,CAT,S,0,1,1,NORMAL,DOMESTIC SH,BLUE TABBY
09-03-11,STRAY,OTC,CAT,S,0,1,1,NORMAL,DOMESTIC SH,BRN TABBY
09-03-11,STRAY,OTC,CAT,S,0,1,1,NORMAL,DOMESTIC SH,BRN TABBY
09-03-11,STRAY,OTC,CAT,S,0,1,1,NORMAL,DOMESTIC SH,BLACK
09-03-11,STRAY,OTC,CAT,S,0,1,1,NORMAL,DOMESTIC SH,BLACK
09-03-11,STRAY,OTC,CAT,S,0,1,1,NORMAL,DOMESTIC SH,BLUE TABBY
09-03-11,STRAY,OTC,CAT,S,0,1,1,NORMAL,DOMESTIC SH,BLACK
09-03-11,STRAY,OTC,CAT,N,0,1,1,NORMAL,DOMESTIC SH,BLACK
09-03-11,STRAY,FIELD,CAT,S,0,3,16,INJURED,DOMESTIC SH,BRN TABBY
09-03-11,STRAY,FIELD,DOG,N,0,3,16,NORMAL,POINTER,TAN
09-03-11,STRAY,FIELD,DOG,N,0,3,16,NORMAL,PIT BULL,TAN
09-03-11,STRAY,OTC,CAT,S,0,3,1,NORMAL,DOMESTIC SH,BLUE
09-03-11,OWNER SUR,OTC,CAT,N,0,4,28,NORMAL,DOMESTIC SH,ORG TABBY
09-03-11,OWNER SUR,OTC,CAT,N,0,4,28,NORMAL,DOMESTIC SH,ORG TABBY
09-03-11,STRAY,OTC,DOG,S,0,4,2,NORMAL,POINTER,BROWN
09-03-11,STRAY,FIELD,DOG,N,0,5,17,NORMAL,PIT BULL,TAN
09-03-11,STRAY,FIELD,DOG,S,0,5,1,NORMAL,WEIMARANER,FAWN
09-03-11,OWNER SUR,OTC,CAT,N,1,10,1,NORMAL,DOMESTIC SH,BLACK
09-03-11,STRAY,FIELD,DOG,S,1,10,1,NORMAL,DACHSHUND,BLACK
09-03-11,STRAY,FIELD,DOG,S,1,0,0,NORMAL,CHIHUAHUA SH,TAN
09-03-11,STRAY,OTC,CAT,N,1,0,0,NORMAL,DOMESTIC SH,BLUE TABBY
09-03-11,STRAY,FIELD,DOG,M,2,6,1,NORMAL,BEAGLE,TRICOLOR
09-03-11,STRAY,FIELD,DOG,S,2,6,2,NORMAL,BEAGLE,TRICOLOR
09-03-11,STRAY,FIELD,DOG,F,2,6,2,NORMAL,WEIMARANER,FAWN
09-03-11,STRAY,OTC,CAT,S,2,6,2,NORMAL,DOMESTIC SH,BLUE
09-03-11,STRAY,OTC,CAT,N,3,0,24,NORMAL,DOMESTIC SH,WHITE
09-03-11,STRAY,OTC,CAT,S,3,0,25,NORMAL,DOMESTIC SH,BRN TABBY
09-03-11,OWNER SUR,OTC,CAT,N,2,0,0,NORMAL,DOMESTIC SH,BRN TABBY
09-03-11,OWNER SUR,OTC,DOG,N,2,0,0,NORMAL,CHIHUAHUA LH,TAN
09-03-11,OWNER SUR,OTC,CAT,S,2,0,0,NORMAL,BENGAL,BRN TABBY
09-03-11,OWNER SUR,FIELD,DOG,N,2,0,0,NORMAL,DACHSHUND LH,SABLE
09-03-11,STRAY,OTC,DOG,S,3,6,2,NORMAL,GERM SHEPHERD,TAN
09-03-11,OWNER SUR,OTC,DOG,S,4,0,1,NORMAL,PIT BULL,BLACK
09-03-11,STRAY,OTC,CAT,F,4,0,1,NORMAL,CHARTREUX,BLUE
09-03-11,OWNER SUR,OTC,DOG,F,4,0,1,NORMAL,CHIHUAHUA LH,TAN
09-03-11,OWNER SUR,OTC,DOG,S,4,2,15,NORMAL,AUST CATTLE DOG,WHITE
09-03-11,STRAY,FIELD,DOG,N,5,0,1,SICK,AMER BULLDOG,BR BRINDLE
09-03-11,OWNER SUR,QUARANTINE,CAT,S,5,0,2,NORMAL,DOMESTIC SH,ORG TABBY
09-03-11,STRAY,FIELD,DOG,F,6,0,1,NORMAL,LABRADOR RETR,BLACK
09-03-11,OWNER SUR,FIELD,DOG,S,7,0,1,INJURED,CHIHUAHUA LH,BLACK
09-03-11,STRAY,EMERG CLC,DOG,N,10,11,15,AGED,GERM SHEPHERD,WHITE
09-03-11,STRAY,OTC,DOG,N,11,10,15,AGED,BORDER COLLIE,BLACK
09-03-11,STRAY,OTC,DOG,S,11,11,27,SICK,LABRADOR RETR,BLACK
09-03-11,OWNER SUR,OTC,DOG,F,15,0,2,AGED,GOLDEN RETR,TAN
09-04-11,STRAY,OTC,CAT,M,0,1,22,NURSING,DOMESTIC SH,BLACK
09-04-11,STRAY,OTC,CAT,N,0,1,22,NURSING,DOMESTIC SH,WHITE
09-04-11,STRAY,OTC,CAT,F,0,2,23,NORMAL,SIAMESE,SEAL PT
09-04-11,OWNER SUR,FIELD,DOG,S,0,2,13,NORMAL,DOBERMAN PINSCH,CHOCOLATE
09-04-11,OWNER SUR,FIELD,DOG,S,0,3,23,NORMAL,LABRADOR RETR,BLACK
09-04-11,OWNER SUR,FIELD,DOG,S,0,3,23,NORMAL,LABRADOR RETR,BLACK
09-04-11,OWNER SUR,FIELD,DOG,S,0,3,23,NORMAL,LABRADOR RETR,TAN
09-04-11,OWNER SUR,OTC,CAT,N,0,3,1,NORMAL,DOMESTIC SH,WHITE
09-04-11,STRAY,OTC,CAT,N,0,3,1,NORMAL,SIAMESE,LYNX PT
09-04-11,STRAY,OTC,DOG,N,0,5,27,NORMAL,CHIHUAHUA SH,TAN
09-04-11,STRAY,OTC,DOG,N,0,5,11,NORMAL,GR SWISS MTN,BLACK
09-04-11,STRAY,OTC,DOG,N,0,6,16,NORMAL,AUST CATTLE DOG,WHITE
09-04-11,PUBLIC AST,QUARANTINE,DOG,N,1,8,0,NORMAL,GREAT DANE,BLACK
09-04-11,OWNER SUR,OTC,DOG,N,1,8,19,NORMAL,SWED VALLHUND,BROWN
09-04-11,STRAY,OTC,DOG,N,1,9,1,NORMAL,CHIHUAHUA SH,BLACK
09-04-11,STRAY,OTC,DOG,M,1,10,1,NORMAL,BOXER,BROWN
09-04-11,STRAY,FIELD,DOG,N,1,10,1,NORMAL,GERM SHEPHERD,TAN
09-04-11,STRAY,FIELD,DOG,S,1,10,1,NORMAL,GERM SHEPHERD,BLACK
09-04-11,STRAY,OTC,DOG,N,1,11,26,NORMAL,HAVANESE,SILVER
09-04-11,OWNER SUR,OTC,CAT,N,1,11,4,NORMAL,DOMESTIC SH,BRN TABBY
09-04-11,OWNER SUR,OTC,CAT,S,1,11,4,NORMAL,DOMESTIC SH,WHITE
09-04-11,STRAY,QUARANTINE,CAT,N,2,0,13,NORMAL,DOMESTIC SH,ORG TABBY
09-04-11,STRAY,FIELD,DOG,N,1,0,0,NORMAL,PIT BULL,BLACK
09-04-11,STRAY,OTC,DOG,N,2,8,6,NORMAL,PIT BULL,RED
09-04-11,STRAY,OTC,DOG,S,2,0,0,NORMAL,CHIHUAHUA SH,TAN
09-04-11,OWNER SUR,OTC,DOG,N,2,0,0,NORMAL,AMERICAN STAFF,BR BRINDLE
09-04-11,STRAY,OTC,CAT,N,2,0,0,NORMAL,DOMESTIC SH,BRN TABBY
09-04-11,STRAY,OTC,CAT,S,3,0,0,NORMAL,DOMESTIC SH,TORTIE
09-04-11,STRAY,OTC,CAT,S,3,0,0,NORMAL,DOMESTIC MH,TORTIE
09-04-11,OWNER SUR,OTC,DOG,N,6,8,28,NORMAL,GERM SHEPHERD,BLACK
09-04-11,OWNER SUR,OTC,CAT,N,6,0,1,NORMAL,MAINE COON,BRN TABBY
09-04-11,STRAY,OTC,DOG,N,8,0,2,INJURED,CHIHUAHUA SH,WHITE
09-04-11,STRAY,FIELD,DOG,S,11,0,1,NORMAL,SHIBA INU,BROWN
09-04-11,STRAY,OTC,DOG,N,12,0,0,NORMAL,JACK RUSS TERR,WHITE
09-04-11,STRAY,OTC,DOG,N,14,0,2,AGED,LABRADOR RETR,BROWN
09-05-11,STRAY,OTC,CAT,S,0,4,2,NORMAL,DOMESTIC SH,TORTIE
09-05-11,STRAY,OTC,CAT,S,0,4,2,NORMAL,DOMESTIC SH,BRN TABBY
09-05-11,STRAY,OTC,DOG,N,0,4,2,NORMAL,YORKSHIRE TERR,BLACK
09-05-11,STRAY,OTC,DOG,N,0,4,2,NORMAL,YORKSHIRE TERR,BLACK
09-05-11,STRAY,OTC,CAT,S,0,5,1,NORMAL,DOMESTIC SH,BLACK
09-05-11,PUBLIC AST,QUARANTINE,DOG,M,1,8,0,NORMAL,PIT BULL,BLUE
09-05-11,STRAY,OTC,CAT,S,1,8,0,NORMAL,DOMESTIC SH,BRN TABBY
09-05-11,STRAY,OTC,CAT,S,2,0,16,NORMAL,DOMESTIC SH,BRN TABBY
09-05-11,PUBLIC AST,QUARANTINE,DOG,F,1,1,1,NORMAL,PIT BULL,TAN
09-05-11,STRAY,OTC,DOG,F,1,5,0,NORMAL,AUST CATTLE DOG,BLUE TICK
09-05-11,STRAY,OTC,DOG,N,1,5,1,NORMAL,CHIHUAHUA LH,TRICOLOR
09-05-11,STRAY,OTC,DOG,M,3,0,0,NORMAL,CAROLINA DOG,TAN
09-05-11,STRAY,OTC,DOG,S,3,0,0,NORMAL,AUST SHEPHERD,SABLE
09-05-11,STRAY,OTC,DOG,N,2,0,0,NORMAL,PLOTT HOUND,BR BRINDLE
09-05-11,OWNER SUR,OTC,DOG,F,2,0,0,NORMAL,BULLMASTIFF,BROWN
09-05-11,PUBLIC AST,OIJ,DOG,N,2,0,0,NORMAL,LABRADOR RETR,TAN
09-05-11,STRAY,OTC,DOG,N,2,0,0,NORMAL,PIT BULL,TAN
09-05-11,OWNER SUR,RETURN,CAT,S,2,1,8,NORMAL,MAINE COON,BLUE TABBY
09-05-11,STRAY,OTC,DOG,S,2,4,14,NORMAL,CATAHOULA,TAN
09-05-11,STRAY,OTC,DOG,F,3,6,2,NORMAL,AUST CATTLE DOG,WHITE
09-05-11,STRAY,EMERG CLC,DOG,S,3,0,0,INJURED,BEAGLE,BROWN
09-05-11,PUBLIC AST,QUARANTINE,DOG,M,3,0,0,NORMAL,AMER BULLDOG,BLACK
09-05-11,STRAY,OTC,CAT,N,3,0,0,INJURED,ABYSSINIAN,BRN TABBY
09-05-11,STRAY,OTC,DOG,S,3,0,0,NORMAL,PIT BULL,BLACK
09-05-11,PUBLIC AST,QUARANTINE,DOG,M,3,0,0,NORMAL,GERM SHEPHERD,BROWN
09-05-11,PUBLIC AST,EMERGENCY,DOG,S,3,6,14,NORMAL,LABRADOR RETR,BLACK
09-05-11,STRAY,OTC,DOG,S,5,0,28,NORMAL,YORKSHIRE TERR,RED
09-05-11,STRAY,EMERG CLC,DOG,F,4,0,1,INJURED,SHIH TZU,CREAM
09-05-11,STRAY,OTC,DOG,N,4,2,24,NORMAL,AUST SHEPHERD,WHITE
09-05-11,STRAY,OTC,CAT,N,5,0,1,NORMAL,DOMESTIC SH,BLUE TABBY
09-05-11,OWNER SUR,OTC,CAT,N,5,0,1,NORMAL,MAINE COON,BRN TABBY
09-05-11,STRAY,OTC,DOG,N,7,0,28,NORMAL,PIT BULL,BLUE
09-05-11,STRAY,OTC,CAT,N,10,0,2,NORMAL,DOMESTIC SH,BLACK
09-05-11,STRAY,OTC,DOG,S,11,11,12,NORMAL,GOLDEN RETR,RED
09-06-11,STRAY,FIELD,DOG,N,0,2,11,NORMAL,RAT TERRIER,TAN
09-06-11,STRAY,EMERG CLC,CAT,N,0,3,1,INJURED,DOMESTIC SH,BLACK
09-06-11,OWNER SUR,OTC,DOG,F,0,3,1,NORMAL,AUST CATTLE DOG,BROWN
09-06-11,OWNER SUR,OTC,DOG,M,0,3,1,NORMAL,AUST CATTLE DOG,BROWN
09-06-11,OWNER SUR,OTC,DOG,F,0,3,1,NORMAL,AUST CATTLE DOG,BROWN
09-06-11,OWNER SUR,OTC,DOG,M,0,3,1,NORMAL,AUST CATTLE DOG,BROWN
09-06-11,STRAY,OTC,CAT,N,0,4,2,NORMAL,DOMESTIC SH,ORG TABBY
09-06-11,OWNER SUR,OTC,CAT,S,0,5,23,NORMAL,DOMESTIC SH,BLACK
09-06-11,STRAY,OTC,DOG,M,0,5,1,NORMAL,CHINESE SHARPEI,BROWN
09-06-11,STRAY,OTC,DOG,M,0,6,15,NORMAL,CHIHUAHUA SH,BR BRINDLE
09-06-11,STRAY,FIELD,DOG,N,1,6,2,NORMAL,PIT BULL,APRICOT
09-06-11,STRAY,FIELD,DOG,S,1,6,2,NORMAL,PIT BULL,APRICOT
09-06-11,STRAY,OTC,DOG,S,1,6,2,NORMAL,POINTER,BLACK
09-06-11,STRAY,OTC,DOG,S,1,6,2,NORMAL,POINTER,BLACK
09-06-11,OWNER SUR,OTC,DOG,S,1,0,0,NORMAL,POODLE TOY,WHITE
09-06-11,STRAY,EMERG CLC,CAT,U,1,0,1,INJURED,DOMESTIC SH,GRAY TABBY
09-06-11,OWNER SUR,OTC,DOG,S,1,1,24,NORMAL,ALASK MALAMUTE,CREAM
09-06-11,STRAY,OTC,DOG,S,1,2,23,NORMAL,WHIPPET,BUFF
09-06-11,STRAY,FIELD,DOG,N,1,4,18,NORMAL,LABRADOR RETR,BLACK
09-06-11,PUBLIC AST,QUARANTINE,DOG,N,2,10,17,NORMAL,CHIHUAHUA SH,TAN
09-06-11,OWNER SUR,OTC,DOG,S,2,11,28,NORMAL,PIT BULL,WHITE
09-06-11,STRAY,OTC,DOG,N,2,0,0,NORMAL,AUST SHEPHERD,BROWN
09-06-11,PUBLIC AST,QUARANTINE,DOG,M,2,0,0,NORMAL,POODLE MIN,WHITE
09-06-11,STRAY,QUARANTINE,CAT,F,2,0,0,INJURED,DOMESTIC SH,BLACK
09-06-11,STRAY,EMERG CLC,DOG,M,2,0,0,INJURED,CHIHUAHUA SH,TAN
09-06-11,STRAY,OTC,CAT,N,2,0,0,NORMAL,DOMESTIC SH,ORG TABBY
09-06-11,OWNER SUR,FIELD,DOG,S,2,0,0,NORMAL,GERM SHEPHERD,WHITE
09-06-11,STRAY,EMERG CLC,DOG,F,2,0,0,INJURED,LABRADOR RETR,RED
09-06-11,STRAY,EMERG CLC,DOG,M,2,0,0,INJURED,LABRADOR RETR,RED
09-06-11,OWNER SUR,OTC,DOG,N,2,0,1,NORMAL,DOGO ARGENTINO,WHITE
09-06-11,STRAY,FIELD,DOG,S,3,6,2,NORMAL,PIT BULL,BLUE
09-06-11,STRAY,FIELD,DOG,S,3,0,0,NORMAL,AM PIT BULL TER,CHOCOLATE
09-06-11,OWNER SUR,OTC,CAT,N,3,0,0,NORMAL,TURKISH VAN,WHITE
09-06-11,STRAY,EMERG CLC,DOG,N,3,0,1,INJURED,CHIHUAHUA SH,BROWN
09-06-11,OWNER SUR,OTC,DOG,N,3,4,15,NORMAL,ENG COONHOUND,RED
09-06-11,OWNER SUR,OTC,DOG,S,4,0,1,NORMAL,PIT BULL,WHITE
09-06-11,OWNER SUR,OTC,CAT,S,4,4,8,NORMAL,DOMESTIC LH,TORTIE
09-06-11,OWNER SUR,OTC,DOG,S,5,0,1,NORMAL,CHIHUAHUA SH,TRICOLOR
09-06-11,STRAY,EMERG CLC,DOG,S,6,0,1,INJURED,CHIHUAHUA SH,WHITE
09-06-11,STRAY,FIELD,DOG,F,7,0,1,NORMAL,AUST SHEPHERD,GRAY
09-06-11,STRAY,FIELD,DOG,F,7,0,1,NORMAL,AUST SHEPHERD,BLACK
09-06-11,OWNER SUR,OTC,DOG,N,9,2,17,NORMAL,BRITTANY,WHITE
09-06-11,STRAY,FIELD,DOG,N,10,5,24,AGED,PIT BULL,BLACK
09-06-11,STRAY,OTC,CAT,N,16,0,28,NORMAL,MAINE COON,BLUE TABBY
09-06-11,STRAY,OTC,CAT,N,NO AGE,NORMAL,DOMESTIC MH,BLACK,,
09-07-11,STRAY,EMERG CLC,CAT,F,0,0,4,NURSING,DOMESTIC SH,BRN TABBY
09-07-11,STRAY,OTC,DOG,S,0,2,25,OTHER,LABRADOR RETR,BRN MERLE
09-07-11,STRAY,FIELD,DOG,S,0,2,27,NORMAL,CHIHUAHUA SH,TAN
09-07-11,STRAY,OTC,DOG,N,0,2,1,OTHER,LABRADOR RETR,BLACK
09-07-11,STRAY,OTC,DOG,S,0,2,1,OTHER,LABRADOR RETR,BLACK
09-07-11,STRAY,OTC,DOG,N,0,2,1,OTHER,LABRADOR RETR,BLACK
09-07-11,STRAY,OTC,DOG,N,0,2,1,OTHER,LABRADOR RETR,BLACK
09-07-11,STRAY,OTC,DOG,N,0,2,1,OTHER,LABRADOR RETR,BLACK
09-07-11,STRAY,OTC,DOG,S,0,2,1,OTHER,LABRADOR RETR,BLACK
09-07-11,STRAY,OTC,DOG,N,0,2,1,OTHER,LABRADOR RETR,BRN MERLE
09-07-11,STRAY,OTC,DOG,N,0,2,1,OTHER,LABRADOR RETR,BRN MERLE
09-07-11,STRAY,OTC,DOG,S,0,2,1,OTHER,AUST SHEPHERD,BRN MERLE
09-07-11,STRAY,OTC,DOG,S,0,2,1,OTHER,LABRADOR RETR,BRN MERLE
09-07-11,STRAY,OTC,DOG,N,0,2,1,OTHER,LABRADOR RETR,SABLE
09-07-11,STRAY,OTC,DOG,N,0,2,1,OTHER,LABRADOR RETR,SABLE
09-07-11,STRAY,OTC,DOG,S,0,2,1,OTHER,LABRADOR RETR,SABLE
09-07-11,STRAY,OTC,CAT,S,0,5,26,NORMAL,DOMESTIC SH,BLUE
09-07-11,STRAY,FIELD,DOG,S,0,5,1,NORMAL,PIT BULL,WHITE
09-07-11,STRAY,FIELD,DOG,S,1,9,1,NORMAL,GERM SHEPHERD,BLACK
09-07-11,STRAY,OTC,CAT,S,1,0,0,NORMAL,DOMESTIC SH,CALICO
09-07-11,STRAY,OTC,CAT,N,1,0,0,NORMAL,DOMESTIC SH,BLACK
09-07-11,STRAY,FIELD,DOG,N,1,0,0,NORMAL,CHIHUAHUA SH,BR BRINDLE
09-07-11,STRAY,FIELD,DOG,N,1,0,0,NORMAL,PIT BULL,WHITE
09-07-11,STRAY,OTC,CAT,N,1,0,0,NORMAL,DOMESTIC SH,BLUE TABBY
09-07-11,STRAY,OTC,DOG,M,1,0,0,INJURED,GERM SHEPHERD,WHITE
09-07-11,STRAY,OTC,DOG,N,2,0,0,NORMAL,LABRADOR RETR,BROWN
09-07-11,OWNER SUR,OTC,DOG,S,2,0,0,NORMAL,LABRADOR RETR,BUFF
09-07-11,STRAY,OTC,DOG,N,2,0,0,NORMAL,PIT BULL,WHITE
09-07-11,STRAY,FIELD,DOG,N,2,0,0,NORMAL,PIT BULL,RED
09-07-11,STRAY,OTC,CAT,S,2,0,12,NORMAL,DOMESTIC SH,ORG TABBY
09-07-11,OWNER SUR,RETURN,DOG,S,2,3,26,NORMAL,BORDER COLLIE,BLACK
09-07-11,STRAY,FIELD,DOG,S,3,0,0,NORMAL,POODLE MIN,CREAM
09-07-11,STRAY,FIELD,DOG,N,5,0,29,NORMAL,FLAT COAT RETR,BLACK
09-07-11,STRAY,FIELD,DOG,S,6,0,28,NORMAL,CAIRN TERRIER,WHITE
09-07-11,STRAY,FIELD,DOG,S,5,0,1,NORMAL,LABRADOR RETR,CHOCOLATE
09-07-11,STRAY,FIELD,DOG,N,5,0,1,NORMAL,LABRADOR RETR,BLACK
09-07-11,STRAY,FIELD,DOG,N,5,0,1,OTHER,LABRADOR RETR,BLACK
09-07-11,OWNER SUR,OTC,CAT,S,6,6,3,NORMAL,BRITISH SH,BLUE TABBY
09-07-11,PUBLIC AST,EMERGENCY,DOG,N,6,0,1,NORMAL,GOLDEN RETR,BUFF
09-07-11,PUBLIC AST,QUARANTINE,DOG,N,6,0,2,NORMAL,LABRADOR RETR,BLACK
09-07-11,OWNER SUR,OTC,DOG,S,7,0,1,INJURED,PIT BULL,BROWN
09-07-11,STRAY,FIELD,DOG,S,7,2,4,NORMAL,GREAT DANE,WHITE
09-07-11,OWNER SUR,OTC,CAT,N,10,0,2,AGED,MAINE COON,ORANGE
09-07-11,OWNER SUR,FIELD,DOG,S,10,1,18,NORMAL,AUST CATTLE DOG,RED
09-07-11,OWNER SUR,FIELD,DOG,M,10,1,18,NORMAL,SHETLD SHEEPDOG,TRICOLOR
09-07-11,PUBLIC AST,QUARANTINE,DOG,N,10,5,1,NORMAL,BORDER COLLIE,BLACK
09-07-11,STRAY,OTC,DOG,N,11,0,1,NORMAL,BOXER,BROWN
09-08-11,STRAY,OTC,CAT,N,0,2,23,NORMAL,DOMESTIC SH,ORG TABBY
09-08-11,STRAY,OTC,CAT,N,0,2,23,NORMAL,DOMESTIC SH,BLACK
09-08-11,STRAY,OTC,CAT,S,0,2,23,NORMAL,DOMESTIC SH,TORTIE
09-08-11,STRAY,OTC,CAT,S,0,2,27,NORMAL,DOMESTIC SH,ORG TABBY
09-08-11,OWNER SUR,OTC,DOG,S,0,2,29,NORMAL,CHIHUAHUA SH,BR BRINDLE
09-08-11,STRAY,OTC,CAT,S,0,2,1,NORMAL,DOMESTIC SH,BRN TABBY
09-08-11,STRAY,OTC,CAT,N,0,2,1,NORMAL,DOMESTIC SH,BRN TABBY
09-08-11,STRAY,OTC,CAT,N,0,3,27,NORMAL,DOMESTIC SH,BRN TABBY
09-08-11,STRAY,OTC,CAT,N,0,3,1,NORMAL,DOMESTIC SH,BLUE TABBY
09-08-11,STRAY,FIELD,DOG,N,0,4,16,INJURED,LABRADOR RETR,BLACK
09-08-11,STRAY,OTC,CAT,N,0,4,2,NORMAL,DOMESTIC SH,BRN TABBY
09-08-11,STRAY,OTC,CAT,N,0,4,2,NORMAL,DOMESTIC SH,ORG TABBY
09-08-11,STRAY,OTC,DOG,N,0,6,16,NORMAL,GERM SHEPHERD,WHITE
09-08-11,STRAY,FIELD,DOG,F,1,9,27,NORMAL,STAFFORDSHIRE,BROWN
09-08-11,STRAY,OTC,DOG,N,1,11,6,NORMAL,LABRADOR RETR,BLACK
09-08-11,STRAY,FIELD,CAT,S,1,0,0,INJURED,DOMESTIC SH,BLUE TABBY
09-08-11,STRAY,OTC,CAT,N,1,0,0,NORMAL,DOMESTIC SH,CRM TABBY
09-08-11,STRAY,OTC,CAT,N,1,0,0,NORMAL,DOMESTIC SH,ORG TABBY
09-08-11,STRAY,OTC,CAT,S,1,0,0,NORMAL,DOMESTIC SH,CRM TABBY
09-08-11,STRAY,FIELD,DOG,N,2,6,2,NORMAL,BOXER,BROWN
09-08-11,OWNER SUR,RETURN,DOG,N,2,6,8,NORMAL,CHIHUAHUA SH,BLACK
09-08-11,STRAY,OTC,DOG,M,3,0,0,NORMAL,SC WHEAT TERR,WHITE
09-08-11,STRAY,OTC,CAT,N,2,0,0,NORMAL,DOMESTIC SH,BRN TABBY
09-08-11,STRAY,FIELD,DOG,S,2,0,0,NORMAL,AMERICAN STAFF,WHITE
09-08-11,PUBLIC AST,QUARANTINE,DOG,N,3,6,8,NORMAL,BORDER TERRIER,WHITE
09-08-11,STRAY,OTC,CAT,S,3,0,0,NORMAL,DOMESTIC SH,BLUE CREAM
09-08-11,STRAY,OTC,CAT,N,3,0,0,NORMAL,MAINE COON,ORG TABBY
09-08-11,STRAY,OTC,DOG,S,4,7,27,NORMAL,NS DUCK TOLLING,GOLD
09-08-11,OWNER SUR,OTC,DOG,N,4,0,1,NORMAL,BASSET HOUND,RED
09-08-11,PUBLIC AST,INVESTIGAT,DOG,S,5,0,1,NORMAL,GERM SHEPHERD,TRICOLOR
09-08-11,OWNER SUR,OTC,CAT,N,5,0,1,NORMAL,DOMESTIC SH,BRN TABBY
09-08-11,OWNER SUR,OTC,CAT,N,5,0,1,NORMAL,DOMESTIC SH,BRN TABBY
09-08-11,OWNER SUR,OTC,DOG,S,6,7,21,NORMAL,BASSET HOUND,BROWN
09-08-11,STRAY,QUARANTINE,CAT,N,6,0,1,NORMAL,DOMESTIC SH,CRM TABBY
09-08-11,PUBLIC AST,QUARANTINE,DOG,N,7,7,5,NORMAL,PIT BULL,WHITE
09-08-11,OWNER SUR,RETURN,CAT,N,7,1,17,SICK,DOMESTIC SH,BLUE
09-08-11,STRAY,OTC,DOG,M,12,4,2,INJURED,SCHNAUZER MIN,GRAY
09-08-11,STRAY,OTC,CAT,S,17,0,4,SICK,DOMESTIC MH,BLACK
09-09-11,STRAY,FIELD,CAT,S,0,1,28,NORMAL,DOMESTIC SH,CALICO
09-09-11,STRAY,FIELD,CAT,M,0,1,1,NORMAL,DOMESTIC SH,WHITE
09-09-11,STRAY,FIELD,CAT,M,0,1,1,NORMAL,DOMESTIC SH,BLACK
09-09-11,STRAY,FIELD,CAT,N,0,1,1,NORMAL,DOMESTIC SH,ORANGE
09-09-11,STRAY,FIELD,CAT,M,0,1,1,NORMAL,DOMESTIC SH,BLACK
09-09-11,STRAY,FIELD,CAT,N,0,1,1,NORMAL,DOMESTIC SH,BLACK
09-09-11,STRAY,FIELD,CAT,F,0,1,1,NORMAL,DOMESTIC SH,TORBIE
09-09-11,STRAY,FIELD,CAT,N,0,1,1,NORMAL,DOMESTIC SH,BLACK
09-09-11,OWNER SUR,OTC,DOG,S,0,1,8,NORMAL,AUST SHEPHERD,TRICOLOR
09-09-11,OWNER SUR,OTC,DOG,N,0,1,8,NORMAL,AUST SHEPHERD,BROWN
09-09-11,OWNER SUR,OTC,DOG,S,0,1,8,NORMAL,AUST SHEPHERD,TAN
09-09-11,OWNER SUR,OTC,DOG,N,0,1,8,NORMAL,AUST SHEPHERD,WHITE
09-09-11,OWNER SUR,OTC,DOG,N,0,1,8,NORMAL,AUST SHEPHERD,WHITE
09-09-11,OWNER SUR,OTC,DOG,S,0,1,8,NORMAL,AUST SHEPHERD,WHITE
09-09-11,STRAY,OTC,CAT,N,0,1,8,NORMAL,DOMESTIC SH,CRM TABBY
09-09-11,STRAY,OTC,CAT,N,0,1,8,NORMAL,DOMESTIC SH,ORG TABBY
09-09-11,STRAY,OTC,CAT,S,0,1,8,NORMAL,DOMESTIC SH,BRN TABBY
09-09-11,STRAY,OTC,CAT,S,0,1,8,NORMAL,DOMESTIC SH,BLUE TABBY
09-09-11,OWNER SUR,OTC,DOG,S,0,1,8,NORMAL,AUST SHEPHERD,BROWN
09-09-11,STRAY,FIELD,CAT,M,0,2,16,NORMAL,DOMESTIC SH,BRN TABBY
09-09-11,OWNER SUR,OTC,DOG,F,0,2,1,SICK,BOSTON TERRIER,BR BRINDLE
09-09-11,STRAY,OTC,CAT,N,0,3,23,NORMAL,DOMESTIC SH,BLACK
09-09-11,STRAY,OTC,CAT,S,0,3,27,NORMAL,DOMESTIC SH,BLACK
09-09-11,STRAY,OTC,CAT,S,0,4,2,NORMAL,DOMESTIC SH,BLACK
09-09-11,STRAY,OTC,DOG,N,0,4,2,NORMAL,LABRADOR RETR,WHITE
09-09-11,OWNER SUR,RETURN,DOG,S,0,6,0,NORMAL,GERM SHEPHERD,BLACK
09-09-11,STRAY,OTC,DOG,M,1,7,10,NORMAL,LABRADOR RETR,BLACK
09-09-11,OWNER SUR,OTC,DOG,N,1,7,11,NORMAL,LABRADOR RETR,BUFF
09-09-11,OWNER SUR,OTC,DOG,S,1,8,0,NORMAL,STAFFORDSHIRE,TAN
09-09-11,STRAY,OTC,DOG,S,1,8,0,NORMAL,LABRADOR RETR,BLACK
09-09-11,STRAY,OTC,DOG,N,1,10,1,NORMAL,AUST CATTLE DOG,RED
09-09-11,STRAY,EMERG CLC,CAT,N,2,0,28,INJURED,SIAMESE,FLAME PT
09-09-11,STRAY,OTC,DOG,N,1,4,25,SICK,GERMAN PINSCHER,BLUE
09-09-11,STRAY,OTC,DOG,M,2,7,29,NORMAL,BOXER,BROWN
09-09-11,STRAY,OTC,CAT,S,2,0,0,NORMAL,DOMESTIC SH,TORTIE
09-09-11,OWNER SUR,OTC,CAT,S,2,0,0,NORMAL,DOMESTIC SH,BRN TABBY
09-09-11,STRAY,OTC,CAT,N,2,0,0,NORMAL,DOMESTIC SH,BRN TABBY
09-09-11,STRAY,FIELD,DOG,N,3,0,0,NORMAL,PIT BULL,RED
09-09-11,STRAY,OTC,CAT,S,4,0,1,NORMAL,DOMESTIC SH,BRN TABBY
09-09-11,STRAY,OTC,CAT,N,4,0,1,NORMAL,DOMESTIC MH,BLACK
09-09-11,STRAY,OTC,DOG,N,4,0,1,NORMAL,BEAGLE,TRICOLOR
09-09-11,OWNER SUR,RETURN,DOG,N,4,0,14,NORMAL,CHIHUAHUA SH,WHITE
09-09-11,STRAY,OTC,DOG,N,5,0,1,NORMAL,COLLIE ROUGH,TAN
09-09-11,OWNER SUR,OTC,DOG,N,5,1,19,NORMAL,CHIHUAHUA SH,TRICOLOR
09-09-11,STRAY,OTC,CAT,N,7,1,13,NORMAL,DOMESTIC SH,BLUE
09-09-11,OWNER SUR,OTC,CAT,N,8,10,6,NORMAL,DOMESTIC LH,BLACK
09-09-11,OWNER SUR,OTC,CAT,S,8,0,2,NORMAL,RUSSIAN BLUE,BLUE
09-09-11,STRAY,OTC,DOG,N,10,0,2,NORMAL,POODLE MIN,WHITE
09-09-11,STRAY,OTC,CAT,N,11,0,2,AGED,DOMESTIC SH,BRN TABBY
09-09-11,OWNER SUR,OTC,DOG,M,15,0,3,AGED,LABRADOR RETR,RED
09-10-11,STRAY,OTC,CAT,N,0,1,8,NORMAL,DOMESTIC SH,WHITE
09-10-11,STRAY,OTC,CAT,S,0,1,11,NORMAL,DOMESTIC LH,BLACK
09-10-11,OWNER SUR,OTC,DOG,S,0,2,12,NORMAL,BASSET HOUND,BLACK
09-10-11,OWNER SUR,OTC,DOG,S,0,2,12,NORMAL,BASSET HOUND,BLACK
09-10-11,OWNER SUR,OTC,DOG,M,0,3,16,NORMAL,BASSET HOUND,BLACK
09-10-11,OWNER SUR,OTC,DOG,N,0,3,16,NORMAL,BASSET HOUND,BLACK
09-10-11,STRAY,OTC,DOG,S,0,3,26,NORMAL,BORDER COLLIE,BLACK
09-10-11,STRAY,FIELD,DOG,S,0,3,26,NORMAL,CHIHUAHUA SH,TAN
09-10-11,OWNER SUR,FIELD,DOG,S,0,5,0,NORMAL,DOBERMAN PINSCH,BLACK
09-10-11,STRAY,FIELD,DOG,N,0,4,2,OTHER,VIZSLA,RED
09-10-11,OWNER SUR,FIELD,DOG,S,0,5,17,NORMAL,BLUE LACY,BLUE
09-10-11,OWNER SUR,FIELD,DOG,F,0,5,17,NORMAL,BLUE LACY,BLUE
09-10-11,STRAY,OTC,CAT,N,0,5,1,NORMAL,DOMESTIC LH,BRN TABBY
09-10-11,OWNER SUR,OTC,DOG,S,1,6,2,NORMAL,GERM SH POINT,TAN
09-10-11,STRAY,NO SUBTYPE,DOG,N,1,8,0,NORMAL,BEAGLE,BROWN
09-10-11,STRAY,OTC,DOG,S,1,10,1,NORMAL,DACHSHUND,BROWN
09-10-11,STRAY,OTC,CAT,S,1,0,0,NORMAL,DOMESTIC SH,TORBIE
09-10-11,OWNER SUR,FIELD,DOG,S,1,0,0,NORMAL,ROTTWEILER,BLACK
09-10-11,STRAY,OTC,CAT,S,1,0,0,NORMAL,DOMESTIC SH,BLACK
09-10-11,STRAY,OTC,DOG,S,1,0,0,NORMAL,BOXER,TAN
09-10-11,STRAY,OTC,DOG,S,1,0,0,NORMAL,BOXER,TAN
09-10-11,STRAY,FIELD,DOG,N,2,6,2,NORMAL,LABRADOR RETR,RED
09-10-11,STRAY,OTC,DOG,S,2,6,2,NORMAL,YORKSHIRE TERR,WHITE
09-10-11,OWNER SUR,OTC,CAT,N,3,0,29,NORMAL,SNOWSHOE,SEAL PT
09-10-11,STRAY,OTC,DOG,S,2,0,0,NORMAL,PIT BULL,WHITE
09-10-11,STRAY,OTC,DOG,S,2,0,0,NORMAL,GERM SHEPHERD,TRICOLOR
09-10-11,STRAY,OTC,DOG,F,2,0,0,NORMAL,CHIHUAHUA SH,BLACK
09-10-11,STRAY,FIELD,DOG,N,3,0,0,NORMAL,CHESA BAY RETR,BR BRINDLE
09-10-11,STRAY,OTC,DOG,N,6,0,29,NORMAL,SHIH TZU,WHITE
09-10-11,STRAY,FIELD,DOG,S,5,0,1,NORMAL,PIT BULL,WHITE
09-10-11,PUBLIC AST,QUARANTINE,DOG,F,5,0,1,NORMAL,PIT BULL,BLUE
09-10-11,STRAY,OTC,DOG,M,6,0,1,NORMAL,PIT BULL,BLUE
09-10-11,STRAY,OTC,DOG,S,6,0,1,NORMAL,STAFFORDSHIRE,CREAM
09-10-11,STRAY,OTC,DOG,F,6,0,1,NORMAL,BORDER COLLIE,BLACK
09-10-11,OWNER SUR,RETURN,DOG,N,6,0,13,NORMAL,CAIRN TERRIER,TAN
09-10-11,STRAY,OTC,DOG,S,7,0,1,NORMAL,POODLE MIN,WHITE
09-10-11,STRAY,OTC,CAT,N,12,0,3,NORMAL,DOMESTIC LH,BLACK
09-11-11,OWNER SUR,OTC,CAT,N,0,2,16,NORMAL,DOMESTIC SH,BLACK
09-11-11,OWNER SUR,OTC,CAT,N,0,2,16,NORMAL,DOMESTIC SH,BLACK
09-11-11,OWNER SUR,OTC,CAT,N,0,2,16,NORMAL,DOMESTIC SH,BLACK
09-11-11,OWNER SUR,OTC,CAT,N,0,2,16,NORMAL,DOMESTIC SH,BLACK
09-11-11,OWNER SUR,OTC,DOG,F,0,2,22,INJURED,CHIHUAHUA LH,SABLE
09-11-11,OWNER SUR,OTC,DOG,S,0,2,29,NORMAL,MANCHESTER TERR,BLACK
09-11-11,OWNER SUR,OTC,DOG,N,0,2,1,NORMAL,BORDER TERRIER,TAN
09-11-11,OWNER SUR,OTC,DOG,S,0,2,1,NORMAL,MANCHESTER TERR,WHITE
09-11-11,OWNER SUR,OTC,DOG,S,0,2,1,NORMAL,AUST SHEPHERD,BLACK
09-11-11,STRAY,OTC,CAT,U,0,4,2,INJURED,DOMESTIC SH,BRN TABBY
09-11-11,STRAY,FIELD,CAT,N,0,4,2,INJURED,DOMESTIC SH,BRN TABBY
09-11-11,STRAY,FIELD,DOG,S,0,4,2,NORMAL,AMER BULLDOG,BLACK
09-11-11,STRAY,OTC,DOG,N,0,6,13,NORMAL,BOXER,BR BRINDLE
09-11-11,STRAY,OTC,DOG,N,0,6,16,NORMAL,LABRADOR RETR,CREAM
09-11-11,STRAY,OTC,CAT,S,0,6,16,NORMAL,RUSSIAN BLUE,BLUE
09-11-11,STRAY,OTC,CAT,F,1,6,2,NORMAL,DOMESTIC MH,BLUE
09-11-11,STRAY,OTC,DOG,S,1,8,0,NORMAL,CATAHOULA,BLACK
09-11-11,OWNER SUR,OTC,DOG,S,1,8,10,NORMAL,DACHSHUND,CHOCOLATE
09-11-11,STRAY,OTC,CAT,S,1,0,0,NORMAL,DOMESTIC SH,BLUE TABBY
09-11-11,STRAY,OTC,DOG,N,1,0,0,INJURED,BEAGLE,TRICOLOR
09-11-11,STRAY,OTC,DOG,S,1,0,0,NORMAL,GERM SHEPHERD,BLACK
09-11-11,OWNER SUR,OTC,CAT,S,1,5,8,NORMAL,DOMESTIC MH,ORG TABBY
09-11-11,OWNER SUR,RETURN,DOG,S,2,8,1,NORMAL,LABRADOR RETR,BROWN
09-11-11,STRAY,EMERG CLC,DOG,N,2,0,0,INJURED,CHOW CHOW,BLACK
09-11-11,STRAY,FIELD,DOG,S,2,0,0,NORMAL,AMER BULLDOG,BLACK
09-11-11,STRAY,FIELD,DOG,S,2,0,0,NORMAL,CHIHUAHUA SH,TAN
09-11-11,STRAY,OTC,DOG,N,2,0,0,NORMAL,YORKSHIRE TERR,BLACK
09-11-11,PUBLIC AST,QUARANTINE,DOG,N,2,0,0,NORMAL,PIT BULL,BR BRINDLE
09-11-11,STRAY,FIELD,DOG,N,3,0,0,NORMAL,DOBERMAN PINSCH,BLACK
09-11-11,STRAY,FIELD,DOG,N,4,0,1,NORMAL,SIBERIAN HUSKY,TAN
09-11-11,STRAY,OTC,DOG,S,4,0,1,NORMAL,CHIHUAHUA SH,BROWN
09-11-11,STRAY,OTC,DOG,S,5,0,1,NORMAL,AUST CATTLE DOG,WHITE
09-11-11,STRAY,FIELD,DOG,S,6,11,10,NORMAL,PIT BULL,BR BRINDLE
09-11-11,STRAY,OTC,DOG,S,6,0,1,NORMAL,LABRADOR RETR,CHOCOLATE
09-11-11,STRAY,OTC,CAT,N,7,6,25,NORMAL,MAINE COON,BRN TABBY
09-11-11,STRAY,FIELD,DOG,F,8,0,2,INJURED,BEAGLE,WHITE
09-11-11,STRAY,FIELD,DOG,N,8,0,2,NORMAL,CHIHUAHUA SH,TAN
09-11-11,STRAY,OTC,DOG,S,9,7,28,NORMAL,GOLDEN RETR,GOLD
09-11-11,STRAY,OTC,CAT,N,9,3,15,NORMAL,PERSIAN,WHITE
09-12-11,STRAY,OTC,DOG,S,0,4,2,NORMAL,BLUETICK HOUND,WHITE
09-12-11,STRAY,OTC,DOG,S,0,4,2,NORMAL,CHIHUAHUA SH,BUFF
09-12-11,OWNER SUR,OTC,CAT,N,0,5,1,NORMAL,DOMESTIC SH,BLACK
09-12-11,OWNER SUR,OTC,DOG,N,1,6,2,NORMAL,CHIHUAHUA SH,BROWN
09-12-11,OWNER SUR,OTC,DOG,N,1,7,12,NORMAL,POODLE STND,BLACK
09-12-11,STRAY,OTC,CAT,N,1,8,0,NORMAL,RUSSIAN BLUE,BLUE
09-12-11,STRAY,OTC,CAT,N,1,8,0,NORMAL,DOMESTIC SH,BLACK
09-12-11,OWNER SUR,OTC,DOG,S,1,9,1,NORMAL,CHIHUAHUA SH,TAN
09-12-11,STRAY,FIELD,DOG,S,1,10,1,NORMAL,LABRADOR RETR,TAN
09-12-11,OWNER SUR,OTC,CAT,S,1,0,0,NORMAL,DOMESTIC SH,TORBIE
09-12-11,OWNER SUR,OTC,DOG,N,2,6,2,NORMAL,LABRADOR RETR,CHOCOLATE
09-12-11,STRAY,OTC,DOG,S,2,6,2,NORMAL,LABRADOR RETR,BLACK
09-12-11,STRAY,OTC,DOG,N,2,6,2,NORMAL,PIT BULL,BLUE
09-12-11,STRAY,OTC,DOG,N,2,6,2,NORMAL,PIT BULL,BLUE
09-12-11,STRAY,FIELD,DOG,S,2,8,0,NORMAL,PIT BULL,TRICOLOR
09-12-11,STRAY,OTC,DOG,N,2,0,0,INJURED,BLUE LACY,BLUE
09-12-11,STRAY,FIELD,DOG,N,3,7,11,NORMAL,GERM SHEPHERD,BROWN
09-12-11,STRAY,OTC,DOG,F,3,0,0,NORMAL,BLUE LACY,FAWN
09-12-11,STRAY,FIELD,DOG,S,3,0,0,NORMAL,CATAHOULA,BR BRINDLE
09-12-11,STRAY,FIELD,DOG,M,8,0,2,SICK,GERM SHEPHERD,BLACK
09-12-11,STRAY,OTC,CAT,N,9,8,19,NORMAL,DOMESTIC LH,BRN TABBY
09-12-11,STRAY,EMERG CLC,DOG,S,9,2,18,INJURED,GERM SHEPHERD,BLACK
09-12-11,STRAY,OTC,DOG,F,10,0,2,NORMAL,GERM SHEPHERD,RED
09-12-11,STRAY,EMERG CLC,DOG,N,15,0,3,INJURED,SHIH TZU,BLACK
09/13/2011,STRAY,OTC,CAT,N,0,1,22,NORMAL,DOMESTIC SH,ORG TABBY
09/13/2011,STRAY,OTC,CAT,F,0,1,22,NORMAL,DOMESTIC SH,BLUE
09/13/2011,STRAY,OTC,CAT,N,0,1,22,NORMAL,DOMESTIC SH,BLUE TABBY
09/13/2011,STRAY,OTC,CAT,S,0,1,1,NORMAL,DOMESTIC SH,BRN TABBY
09/13/2011,STRAY,OTC,CAT,S,0,1,1,NORMAL,DOMESTIC SH,BLUE TABBY
09/13/2011,STRAY,OTC,CAT,S,0,1,1,NORMAL,DOMESTIC SH,BLUE TABBY
09/13/2011,STRAY,OTC,CAT,N,0,1,4,NORMAL,DOMESTIC SH,BLUE TABBY
09/13/2011,STRAY,OTC,CAT,S,0,1,8,NORMAL,DOMESTIC SH,BLACK
09/13/2011,STRAY,OTC,DOG,M,0,2,25,INJURED,BORDER COLLIE,BLACK
09/13/2011,OWNER SUR,OTC,CAT,N,0,2,1,NORMAL,DOMESTIC SH,BLACK
09/13/2011,OWNER SUR,OTC,CAT,S,0,2,1,NORMAL,DOMESTIC SH,BLACK
09/13/2011,OWNER SUR,OTC,CAT,S,0,2,1,NORMAL,DOMESTIC SH,BLACK
09/13/2011,STRAY,OTC,DOG,N,0,2,1,NORMAL,AUST CATTLE DOG,TAN
09/13/2011,STRAY,OTC,DOG,N,0,2,1,NORMAL,AUST CATTLE DOG,TAN
09/13/2011,STRAY,OTC,DOG,S,0,2,1,NORMAL,AUST CATTLE DOG,BROWN
09/13/2011,STRAY,OTC,DOG,N,0,2,1,NORMAL,AUST CATTLE DOG,TAN
09/13/2011,STRAY,OTC,DOG,S,0,2,1,NORMAL,AUST CATTLE DOG,BROWN
09/13/2011,STRAY,OTC,CAT,S,0,3,16,NORMAL,DOMESTIC SH,CALICO
09/13/2011,STRAY,OTC,DOG,N,0,3,26,NORMAL,PLOTT HOUND,BR BRINDLE
09/13/2011,STRAY,FIELD,DOG,N,0,4,5,NORMAL,GERM SHEPHERD,BLACK
09/13/2011,STRAY,FIELD,DOG,S,0,4,12,NORMAL,GERM SHEPHERD,WHITE
09/13/2011,OWNER SUR,OTC,DOG,S,0,6,26,OTHER,CHIHUAHUA SH,BLACK
09/13/2011,STRAY,FIELD,DOG,N,1,6,4,NORMAL,BORDER TERRIER,WHITE
09/13/2011,STRAY,FIELD,DOG,N,1,8,0,NORMAL,NEWFOUNDLAND,BL BRINDLE
09/13/2011,OWNER SUR,OTC,DOG,M,1,8,0,INJURED,GREAT DANE,TAN
09/13/2011,STRAY,OTC,DOG,N,1,10,1,NORMAL,DACHSHUND WH,WHITE
09/13/2011,STRAY,OTC,DOG,N,1,10,1,NORMAL,AUST CATTLE DOG,BROWN
09/13/2011,STRAY,FIELD,CAT,U,1,10,1,SICK,DOMESTIC SH,ORG TABBY
09/13/2011,STRAY,OTC,CAT,S,2,6,2,NORMAL,DOMESTIC MH,BLACK
09/13/2011,OWNER SUR,OTC,DOG,N,3,0,13,NORMAL,LABRADOR RETR,WHITE
09/13/2011,OWNER SUR,OTC,DOG,N,2,1,7,NORMAL,AMERICAN STAFF,WHITE
09/13/2011,OWNER SUR,RETURN,DOG,S,2,1,7,NORMAL,AMERICAN STAFF,FAWN
09/13/2011,OWNER SUR,RETURN,DOG,N,2,3,19,NORMAL,AMERICAN STAFF,WHITE
09/13/2011,PUBLIC AST,QUARANTINE,DOG,S,2,5,1,NORMAL,ROTTWEILER,TRICOLOR
09/13/2011,STRAY,OTC,DOG,S,3,10,20,NORMAL,POODLE MIN,CREAM
09/13/2011,STRAY,OTC,DOG,N,3,10,20,NORMAL,POODLE MIN,CREAM
09/13/2011,STRAY,FIELD,DOG,S,4,0,27,FERAL,LABRADOR RETR,BLACK
09/13/2011,STRAY,OTC,CAT,S,3,0,0,NORMAL,DOMESTIC SH,TORTIE
09/13/2011,PUBLIC AST,QUARANTINE,DOG,N,3,6,20,NORMAL,BRUSS GRIFFON,TAN
09/13/2011,STRAY,OTC,DOG,N,4,0,1,NORMAL,PIT BULL,CHOCOLATE
09/13/2011,EUTH REQ,NO SUBTYPE,DOG,S,4,0,1,NORMAL,DACHSHUND,RED
09/13/2011,OWNER SUR,OTC,CAT,N,4,0,1,NORMAL,DOMESTIC SH,ORG TABBY
09/13/2011,OWNER SUR,OTC,CAT,S,4,0,1,NORMAL,DOMESTIC SH,ORG TABBY
09/13/2011,STRAY,OTC,CAT,S,4,0,1,NORMAL,DOMESTIC LH,BLACK
09/13/2011,STRAY,OTC,DOG,S,5,0,1,NORMAL,LABRADOR RETR,GOLD
09/13/2011,OWNER SUR,OTC,DOG,N,5,0,1,NORMAL,DACHSHUND,RED
09/13/2011,PUBLIC AST,QUARANTINE,DOG,M,7,0,19,NORMAL,PIT BULL,BROWN
09/13/2011,STRAY,OTC,DOG,S,7,4,17,NORMAL,LABRADOR RETR,BLACK
09/13/2011,OWNER SUR,OTC,DOG,S,10,0,0,NORMAL,DACHSHUND,BLACK
09/13/2011,OWNER SUR,OTC,DOG,N,10,0,0,NORMAL,DACHSHUND,BROWN
09/13/2011,EUTH REQ,NO SUBTYPE,DOG,S,10,0,0,NORMAL,DACHSHUND,RED
09/13/2011,STRAY,FIELD,CAT,U,NO AGE,INJURED,DOMESTIC SH,WHITE,,
09/14/2011,STRAY,OTC,CAT,S,0,1,1,NURSING,DOMESTIC SH,BRN TABBY
09/14/2011,STRAY,OTC,CAT,S,0,1,1,NURSING,DOMESTIC MH,BLUE TABBY
09/14/2011,STRAY,OTC,CAT,S,0,1,1,NURSING,DOMESTIC MH,BLUE TABBY
09/14/2011,STRAY,OTC,CAT,S,0,1,1,NURSING,DOMESTIC MH,BLUE TABBY
09/14/2011,STRAY,OTC,CAT,N,0,1,1,NURSING,DOMESTIC MH,BLUE TABBY
09/14/2011,STRAY,OTC,CAT,F,0,1,1,NURSING,DOMESTIC MH,BLUE TABBY
09/14/2011,STRAY,OTC,DOG,S,0,2,27,NORMAL,DACHSHUND,BLACK
09/14/2011,OWNER SUR,FIELD,DOG,S,0,5,27,NORMAL,AMER BULLDOG,BLACK
09/14/2011,OWNER SUR,FIELD,DOG,N,0,5,27,NORMAL,STAFFORDSHIRE,BLACK
09/14/2011,OWNER SUR,FIELD,DOG,N,0,5,27,NORMAL,AM PIT BULL TER,BLACK
09/14/2011,OWNER SUR,FIELD,DOG,S,0,5,27,NORMAL,AM PIT BULL TER,BLACK
09/14/2011,STRAY,FIELD,DOG,N,0,5,1,NORMAL,AM PIT BULL TER,TAN
09/14/2011,STRAY,OTC,DOG,S,1,6,2,NORMAL,LABRADOR RETR,BLACK
09/14/2011,STRAY,OTC,DOG,N,1,6,2,NORMAL,GERM SHEPHERD,BROWN
09/14/2011,STRAY,OTC,DOG,N,1,6,2,NORMAL,LABRADOR RETR,CHOCOLATE
09/14/2011,STRAY,FIELD,DOG,N,1,8,0,NORMAL,PIT BULL,BLACK
09/14/2011,STRAY,FIELD,DOG,N,1,8,0,NORMAL,PIT BULL,BLUE
09/14/2011,OWNER SUR,FIELD,DOG,S,1,10,1,NORMAL,JACK RUSS TERR,WHITE
09/14/2011,STRAY,FIELD,DOG,N,1,0,0,NORMAL,BOXER,BROWN
09/14/2011,STRAY,OTC,CAT,S,1,0,0,INJURED,ANGORA,TORBIE
09/14/2011,STRAY,OTC,DOG,N,1,0,0,NORMAL,ROTTWEILER,BROWN
09/14/2011,OWNER SUR,OTC,DOG,N,1,0,0,NORMAL,PIT BULL,BLACK
09/14/2011,PUBLIC AST,QUARANTINE,DOG,N,1,0,1,NORMAL,KUVASZ,WHITE
09/14/2011,OWNER SUR,OTC,CAT,S,1,4,24,NORMAL,SIAMESE,TORTIE PT
09/14/2011,OWNER SUR,OTC,CAT,S,1,4,24,NORMAL,SIAMESE,TORTIE PT
09/14/2011,STRAY,OTC,CAT,N,2,6,2,NORMAL,DOMESTIC SH,BLUE TABBY
09/14/2011,STRAY,FIELD,CAT,U,2,0,0,NORMAL,DOMESTIC SH,BLK TABBY
09/14/2011,OWNER SUR,OTC,CAT,S,2,0,0,NORMAL,DOMESTIC SH,CALICO
09/14/2011,STRAY,OTC,DOG,S,2,0,0,NORMAL,LABRADOR RETR,BLACK
09/14/2011,OWNER SUR,OTC,DOG,S,2,0,0,NORMAL,AUST CATTLE DOG,BR BRINDLE
09/14/2011,OWNER SUR,OTC,DOG,N,2,0,0,NORMAL,LABRADOR RETR,BLACK
09/14/2011,OWNER SUR,OTC,DOG,S,2,0,0,NORMAL,LABRADOR RETR,BLACK
09/14/2011,OWNER SUR,FIELD,DOG,M,2,0,0,NORMAL,AMER BULLDOG,CHOCOLATE
09/14/2011,OWNER SUR,FIELD,DOG,N,2,0,0,NORMAL,AMER BULLDOG,CHOCOLATE
09/14/2011,PUBLIC AST,QUARANTINE,DOG,N,2,0,2,NORMAL,AIREDALE TERR,BLACK
09/14/2011,OWNER SUR,RETURN,DOG,N,2,2,10,NORMAL,LABRADOR RETR,BLACK
09/14/2011,STRAY,FIELD,DOG,S,3,7,1,NORMAL,LABRADOR RETR,BLACK
09/14/2011,STRAY,OTC,DOG,S,3,0,0,NORMAL,AUST CATTLE DOG,RED TICK
09/14/2011,STRAY,FIELD,DOG,S,3,0,0,NORMAL,CHIHUAHUA SH,BLACK
09/14/2011,STRAY,FIELD,DOG,N,3,0,0,INJURED,CHIHUAHUA SH,WHITE
09/14/2011,STRAY,OTC,CAT,S,4,0,1,NURSING,DOMESTIC SH,BLUE TABBY
09/14/2011,STRAY,OTC,CAT,N,5,6,3,NORMAL,BENGAL,BRN TABBY
09/14/2011,STRAY,OTC,DOG,S,5,8,24,NORMAL,PIT BULL,WHITE
09/14/2011,STRAY,FIELD,DOG,S,6,0,1,NORMAL,CHIHUAHUA SH,BLACK
09/14/2011,OWNER SUR,RETURN,DOG,F,6,0,12,NORMAL,LABRADOR RETR,BLACK
09/14/2011,STRAY,OTC,DOG,S,6,5,0,NORMAL,CHINESE SHARPEI,BROWN
09/14/2011,STRAY,OTC,DOG,S,8,0,2,OTHER,LHASA APSO,GRAY
09/14/2011,STRAY,OTC,DOG,N,8,0,8,NORMAL,GERM SHEPHERD,BROWN
09/14/2011,PUBLIC AST,QUARANTINE,DOG,S,10,0,2,NORMAL,POMERANIAN,BLACK
09/14/2011,OWNER SUR,OTC,DOG,N,16,6,5,AGED,TOY FOX TERRIER,WHITE
09/15/2011,STRAY,EMERG CLC,CAT,S,0,1,1,NORMAL,DOMESTIC SH,BRN TABBY
09/15/2011,OWNER SUR,OTC,DOG,S,0,2,20,NORMAL,CHIHUAHUA SH,BLUE
09/15/2011,OWNER SUR,OTC,CAT,S,0,2,23,NORMAL,DOMESTIC SH,TORTIE
09/15/2011,OWNER SUR,OTC,CAT,S,0,2,23,NORMAL,DOMESTIC SH,TORTIE
09/15/2011,STRAY,OTC,DOG,S,0,2,11,NORMAL,YORKSHIRE TERR,TRICOLOR
09/15/2011,OWNER SUR,OTC,DOG,F,0,4,2,SICK,POODLE MIN,WHITE
09/15/2011,OWNER SUR,RETURN,CAT,S,0,5,14,NORMAL,DOMESTIC SH,TORTIE
09/15/2011,STRAY,FIELD,DOG,N,0,5,1,NORMAL,CATAHOULA,BR BRINDLE
09/15/2011,STRAY,OTC,CAT,N,1,6,2,NORMAL,DOMESTIC SH,BRN TABBY
09/15/2011,OWNER SUR,OTC,DOG,F,1,7,1,INJURED,POODLE MIN,WHITE
09/15/2011,OWNER SUR,OTC,DOG,S,1,9,13,NORMAL,DACHSHUND,BROWN
09/15/2011,STRAY,OTC,DOG,S,1,10,1,NORMAL,CHIHUAHUA SH,CHOCOLATE
09/15/2011,STRAY,OTC,DOG,N,1,10,1,NORMAL,AUST CATTLE DOG,WHITE
09/15/2011,STRAY,OTC,DOG,S,1,10,1,NORMAL,POODLE TOY,WHITE
09/15/2011,STRAY,FIELD,DOG,S,1,11,5,NORMAL,PIT BULL,WHITE
09/15/2011,OWNER SUR,OTC,DOG,N,1,0,0,NORMAL,MASTIFF,TAN
09/15/2011,PUBLIC AST,QUARANTINE,DOG,N,1,0,0,NORMAL,BICHON FRISE,WHITE
09/15/2011,STRAY,OTC,DOG,S,1,0,0,NORMAL,BORDER COLLIE,BLACK
09/15/2011,STRAY,FIELD,DOG,N,1,0,0,NORMAL,NORFOLK TERRIER,BLACK
09/15/2011,STRAY,FIELD,DOG,N,1,0,0,NORMAL,NORFOLK TERRIER,BLACK
09/15/2011,OWNER SUR,OTC,DOG,N,2,6,2,NORMAL,GREAT DANE,BLACK
09/15/2011,OWNER SUR,OTC,DOG,N,2,6,2,NORMAL,AUST CATTLE DOG,WHITE
09/15/2011,PUBLIC AST,QUARANTINE,CAT,F,2,6,11,NURSING,DOMESTIC SH,TORTIE
09/15/2011,STRAY,OTC,DOG,N,3,6,2,NORMAL,GERM SHEPHERD,TAN
09/15/2011,STRAY,FIELD,DOG,S,3,0,0,NORMAL,PUG,WHITE
09/15/2011,STRAY,OTC,DOG,N,3,0,0,NORMAL,DACHSHUND,BLACK
09/15/2011,OWNER SUR,OTC,CAT,S,4,0,1,NORMAL,DOMESTIC SH,CALICO
09/15/2011,STRAY,FIELD,DOG,N,4,0,1,NORMAL,ANATOL SHEPHERD,TAN
09/15/2011,STRAY,FIELD,CAT,M,4,0,1,SICK,DOMESTIC SH,ORG TABBY
09/15/2011,PUBLIC AST,QUARANTINE,DOG,S,4,0,1,NORMAL,POODLE MIN,APRICOT
09/15/2011,STRAY,OTC,DOG,M,5,0,1,NORMAL,GERM SHEPHERD,TRICOLOR
09/15/2011,STRAY,OTC,DOG,N,6,0,1,NORMAL,BEAGLE,TRICOLOR
09/15/2011,STRAY,OTC,CAT,N,8,0,2,NORMAL,DOMESTIC SH,BLACK
09/15/2011,STRAY,OTC,CAT,S,10,0,2,NORMAL,MAINE COON,TORBIE
09/15/2011,PUBLIC AST,QUARANTINE,DOG,N,10,0,2,NORMAL,SHETLD SHEEPDOG,GOLD
09/15/2011,STRAY,OTC,DOG,S,14,0,3,NORMAL,BEAGLE,TRICOLOR
09/16/2011,STRAY,FIELD,CAT,U,0,1,15,SICK,DOMESTIC SH,BLACK
09/16/2011,STRAY,OTC,CAT,U,0,1,15,NORMAL,DOMESTIC SH,BRN TABBY
09/16/2011,STRAY,OTC,CAT,U,0,1,15,NORMAL,SIAMESE,BLUE PT
09/16/2011,STRAY,OTC,CAT,U,0,1,15,NORMAL,DOMESTIC SH,CRM TABBY
09/16/2011,STRAY,OTC,DOG,N,0,2,16,NORMAL,CHIHUAHUA SH,BLACK
09/16/2011,OWNER SUR,OTC,CAT,S,0,2,23,NORMAL,DOMESTIC SH,TORBIE
09/16/2011,STRAY,OTC,DOG,M,0,3,18,NORMAL,LABRADOR RETR,CHOCOLATE
09/16/2011,OWNER SUR,OTC,DOG,S,1,7,29,NORMAL,GREAT DANE,FAWN
09/16/2011,OWNER SUR,OTC,DOG,S,1,7,29,NORMAL,GREAT DANE,FAWN
09/16/2011,PUBLIC AST,QUARANTINE,DOG,M,1,9,1,NORMAL,PEKINGESE,BROWN
09/16/2011,STRAY,FIELD,DOG,S,2,0,0,INJURED,CATAHOULA,Y BRINDLE
09/16/2011,STRAY,OTC,CAT,N,1,0,0,SICK,DOMESTIC SH,ORG TABBY
09/16/2011,STRAY,OTC,DOG,M,1,0,0,NORMAL,LABRADOR RETR,YELLOW
09/16/2011,STRAY,OTC,DOG,S,2,6,2,NORMAL,RAT TERRIER,WHITE
09/16/2011,STRAY,FIELD,DOG,S,2,7,23,NORMAL,STAFFORDSHIRE,BROWN
09/16/2011,STRAY,FIELD,DOG,M,3,0,16,NORMAL,PIT BULL,BROWN
09/16/2011,STRAY,FIELD,DOG,S,2,0,0,NORMAL,LABRADOR RETR,BLACK
09/16/2011,STRAY,FIELD,DOG,N,2,0,0,NORMAL,CHIHUAHUA SH,BLACK
09/16/2011,STRAY,FIELD,DOG,N,2,0,0,NORMAL,PIT BULL,BR BRINDLE
09/16/2011,OWNER SUR,OTC,DOG,N,2,1,10,NORMAL,PIT BULL,BLACK
09/16/2011,STRAY,FIELD,DOG,N,2,5,10,NORMAL,BOXER,BR BRINDLE
09/16/2011,STRAY,FIELD,DOG,S,3,6,2,NORMAL,PIT BULL,WHITE
09/16/2011,STRAY,OTC,CAT,N,5,0,1,SICK,DOMESTIC SH,BLACK
09/16/2011,OWNER SUR,OTC,DOG,M,5,0,1,NORMAL,BOXER,GOLD
09/16/2011,STRAY,FIELD,DOG,N,6,10,19,NORMAL,DOGO ARGENTINO,WHITE
09/16/2011,OWNER SUR,OTC,DOG,N,6,4,16,NORMAL,CHIHUAHUA SH,TAN
09/16/2011,STRAY,OTC,DOG,N,8,0,2,NORMAL,CHIHUAHUA SH,TAN
09/16/2011,PUBLIC AST,QUARANTINE,DOG,N,8,0,2,NORMAL,POMERANIAN,TAN
09/16/2011,PUBLIC AST,QUARANTINE,DOG,N,11,0,3,NORMAL,GOLDEN RETR,GOLD
09/17/2011,STRAY,OTC,DOG,S,0,2,27,NORMAL,GERM SHEPHERD,BLACK
09/17/2011,OWNER SUR,OTC,CAT,N,0,2,0,NORMAL,DOMESTIC LH,BLACK
09/17/2011,OWNER SUR,OTC,CAT,N,0,2,0,NORMAL,DOMESTIC LH,BLACK
09/17/2011,OWNER SUR,OTC,CAT,N,0,2,0,NORMAL,DOMESTIC SH,BLACK
09/17/2011,OWNER SUR,OTC,DOG,N,0,2,0,NORMAL,AUST CATTLE DOG,BLUE TICK
09/17/2011,STRAY,OTC,DOG,N,0,3,16,NORMAL,CHIHUAHUA SH,BLACK
09/17/2011,STRAY,OTC,DOG,N,0,3,16,NORMAL,CHIHUAHUA SH,TRICOLOR
09/17/2011,STRAY,FIELD,CAT,F,0,3,23,INJURED,DOMESTIC SH,BLUE TABBY
09/17/2011,STRAY,OTC,DOG,N,0,3,23,NORMAL,POINTER,WHITE
09/17/2011,STRAY,OTC,CAT,N,0,3,1,NORMAL,DOMESTIC SH,BLACK
09/17/2011,OWNER SUR,FIELD,DOG,S,1,6,2,NORMAL,CHIHUAHUA SH,WHITE
09/17/2011,OWNER SUR,FIELD,DOG,N,1,6,2,NORMAL,CHIHUAHUA SH,BROWN
09/17/2011,STRAY,OTC,CAT,N,1,8,0,NORMAL,DOMESTIC SH,BLUE
09/17/2011,STRAY,OTC,CAT,S,1,8,0,NORMAL,DOMESTIC SH,TORBIE
09/17/2011,STRAY,OTC,DOG,N,1,11,22,NORMAL,CHIHUAHUA SH,BLACK
09/17/2011,STRAY,FIELD,DOG,N,1,0,0,NORMAL,GERM SHEPHERD,TAN
09/17/2011,STRAY,OTC,DOG,N,1,0,0,NORMAL,CATAHOULA,WHITE
09/17/2011,STRAY,FIELD,DOG,S,1,5,11,NORMAL,GREAT PYRENEES,WHITE
09/17/2011,STRAY,FIELD,DOG,N,2,6,2,NORMAL,CHIHUAHUA SH,BROWN
09/17/2011,STRAY,OTC,DOG,N,2,7,17,NORMAL,CHIHUAHUA SH,BLACK
09/17/2011,OWNER SUR,OTC,CAT,S,2,0,0,NORMAL,DOMESTIC SH,BLACK
09/17/2011,STRAY,OTC,DOG,S,3,6,2,NORMAL,AMER BULLDOG,WHITE
09/17/2011,STRAY,OTC,DOG,N,3,8,4,NORMAL,AMER BULLDOG,WHITE
09/17/2011,STRAY,FIELD,DOG,S,3,0,0,INJURED,LABRADOR RETR,BLACK
09/17/2011,OWNER SUR,OTC,DOG,S,3,0,0,NORMAL,POODLE MIN,WHITE
09/17/2011,PUBLIC AST,QUARANTINE,DOG,N,4,0,2,NORMAL,BRITTANY,RED
09/17/2011,OWNER SUR,OTC,DOG,S,5,9,1,NORMAL,GERM SH POINT,BLACK
09/17/2011,OWNER SUR,OTC,DOG,N,5,0,1,NORMAL,BLUETICK HOUND,BLUE TICK
09/17/2011,OWNER SUR,OTC,CAT,S,5,0,1,NORMAL,DOMESTIC SH,CALICO
09/17/2011,STRAY,OTC,DOG,S,8,0,0,NORMAL,COCKER SPAN,TRICOLOR
09/17/2011,STRAY,OTC,DOG,S,8,8,14,NORMAL,LABRADOR RETR,BLACK
09/17/2011,STRAY,OTC,DOG,N,8,0,2,NORMAL,TIBETAN TERR,TAN
09/17/2011,STRAY,OTC,DOG,N,9,6,4,NORMAL,SIBERIAN HUSKY,TAN
09/17/2011,OWNER SUR,OTC,DOG,N,9,8,24,NORMAL,SHIBA INU,BROWN
09/17/2011,EUTH REQ,NO SUBTYPE,CAT,M,17,0,4,SICK,DOMESTIC SH,ORG TABBY
09/18/2011,STRAY,OTC,CAT,N,0,1,15,NURSING,DOMESTIC SH,BLUE TABBY
09/18/2011,STRAY,OTC,CAT,S,0,1,15,NURSING,DOMESTIC SH,BLUE TABBY
09/18/2011,STRAY,OTC,CAT,M,0,1,15,NURSING,DOMESTIC SH,BLUE
09/18/2011,STRAY,OTC,CAT,N,0,1,15,NURSING,DOMESTIC SH,BLUE
09/18/2011,STRAY,OTC,CAT,N,0,1,15,NURSING,DOMESTIC SH,BLUE
09/18/2011,STRAY,OTC,CAT,S,0,1,21,NORMAL,DOMESTIC SH,BRN TABBY
09/18/2011,STRAY,FIELD,CAT,M,0,1,7,SICK,DOMESTIC MH,BRN TABBY
09/18/2011,STRAY,FIELD,DOG,N,0,3,16,NORMAL,CHIHUAHUA LH,BLACK
09/18/2011,STRAY,FIELD,DOG,S,0,4,16,NORMAL,CHIHUAHUA LH,BLACK
09/18/2011,OWNER SUR,RETURN,DOG,N,0,4,10,NORMAL,VIZSLA,RED
09/18/2011,STRAY,OTC,DOG,N,0,5,17,NORMAL,AMER FOXHOUND,TRICOLOR
09/18/2011,STRAY,OTC,DOG,S,0,5,17,NORMAL,DOBERMAN PINSCH,BLACK
09/18/2011,STRAY,OTC,DOG,S,0,5,17,NORMAL,POINTER,BLACK
09/18/2011,STRAY,OTC,CAT,S,0,5,9,NORMAL,DOMESTIC SH,SLVR TABBY
09/18/2011,STRAY,OTC,DOG,S,0,6,16,NORMAL,AMER FOXHOUND,TRICOLOR
09/18/2011,OWNER SUR,OTC,CAT,S,1,6,2,NORMAL,DOMESTIC SH,CALICO
09/18/2011,STRAY,OTC,DOG,S,1,8,0,NORMAL,AUST CATTLE DOG,WHITE
09/18/2011,STRAY,OTC,DOG,M,1,8,0,NORMAL,LABRADOR RETR,BLACK
09/18/2011,STRAY,OTC,DOG,S,1,8,0,NORMAL,BLUE LACY,FAWN
09/18/2011,STRAY,FIELD,DOG,S,1,10,1,NORMAL,BORDER TERRIER,RED
09/18/2011,OWNER SUR,OTC,DOG,M,1,0,0,NORMAL,CHIHUAHUA SH,TAN
09/18/2011,STRAY,OTC,CAT,U,1,0,0,NORMAL,DOMESTIC SH,BRN TABBY
09/18/2011,STRAY,OTC,CAT,U,1,0,0,NORMAL,DOMESTIC MH,BRN TABBY
09/18/2011,STRAY,OTC,CAT,F,1,0,0,NORMAL,DOMESTIC MH,BRN TABBY
09/18/2011,STRAY,FIELD,DOG,N,3,0,18,NORMAL,PIT BULL,BLACK
09/18/2011,STRAY,OTC,DOG,N,2,0,0,NORMAL,PIT BULL,WHITE
09/18/2011,OWNER SUR,RETURN,CAT,S,3,7,5,NORMAL,DOMESTIC SH,CALICO
09/18/2011,STRAY,OTC,CAT,N,5,0,1,NORMAL,DOMESTIC SH,ORG TABBY
09/18/2011,STRAY,FIELD,DOG,S,5,0,1,NORMAL,GERM SHEPHERD,BROWN
09/18/2011,STRAY,OTC,DOG,S,6,0,2,NORMAL,ROTTWEILER,BLACK
09/18/2011,OWNER SUR,OTC,CAT,S,8,0,2,NORMAL,DOMESTIC SH,BRN TABBY
09/18/2011,OWNER SUR,OTC,CAT,N,8,0,2,NORMAL,DOMESTIC SH,BLACK
09/18/2011,STRAY,OTC,DOG,N,9,6,5,NORMAL,SIBERIAN HUSKY,TAN
09/19/2011,STRAY,OTC,CAT,N,0,0,0,NORMAL,DOMESTIC SH,BLACK
09/19/2011,OWNER SUR,OTC,CAT,M,0,1,1,SICK,DOMESTIC LH,WHITE
09/19/2011,PUBLIC AST,QUARANTINE,CAT,F,0,1,1,NORMAL,DOMESTIC SH,TORTIE
09/19/2011,OWNER SUR,OTC,DOG,N,0,2,5,NORMAL,CHIHUAHUA SH,BLACK
09/19/2011,STRAY,OTC,DOG,N,0,3,16,NORMAL,LABRADOR RETR,BLACK
09/19/2011,STRAY,OTC,DOG,S,0,3,16,NORMAL,LABRADOR RETR,TAN
09/19/2011,STRAY,OTC,DOG,N,0,3,16,NORMAL,LABRADOR RETR,TAN
09/19/2011,STRAY,FIELD,DOG,S,0,3,23,FERAL,PLOTT HOUND,BR BRINDLE
09/19/2011,STRAY,FIELD,DOG,N,0,3,23,FERAL,PLOTT HOUND,BR BRINDLE
09/19/2011,STRAY,QUARANTINE,DOG,N,0,3,23,FERAL,PLOTT HOUND,BR BRINDLE
09/19/2011,OWNER SUR,OTC,DOG,S,0,3,23,SICK,LABRADOR RETR,TAN
09/19/2011,STRAY,FIELD,DOG,N,0,4,2,INJURED,AUST CATTLE DOG,TAN
09/19/2011,STRAY,FOUND IN,CAT,N,0,4,2,NORMAL,DOMESTIC SH,BLACK
09/19/2011,STRAY,FOUND IN,CAT,S,0,4,2,NORMAL,DOMESTIC SH,BRN TABBY
09/19/2011,OWNER SUR,OTC,DOG,N,0,5,17,NORMAL,CHIHUAHUA SH,BLACK
09/19/2011,STRAY,OTC,CAT,S,0,6,15,NORMAL,DOMESTIC SH,WHITE
09/19/2011,STRAY,OTC,DOG,N,0,6,23,NORMAL,WELSH CORGI CAR,TAN
09/19/2011,STRAY,OTC,CAT,N,1,6,2,NORMAL,DOMESTIC SH,BRN TABBY
09/19/2011,OWNER SUR,QUARANTINE,DOG,N,1,8,29,NORMAL,VIZSLA,TAN
09/19/2011,STRAY,FIELD,DOG,S,1,9,1,NORMAL,CHIHUAHUA SH,TAN
09/19/2011,STRAY,OTC,CAT,N,1,10,1,NORMAL,DOMESTIC SH,BLUE TABBY
09/19/2011,STRAY,FIELD,DOG,S,2,0,21,NORMAL,LABRADOR RETR,BLACK
09/19/2011,STRAY,FIELD,DOG,S,1,0,0,NORMAL,AMER BULLDOG,TAN
09/19/2011,OWNER SUR,RETURN,CAT,N,1,1,5,NORMAL,DOMESTIC SH,BLACK
09/19/2011,OWNER SUR,FIELD,DOG,S,2,6,2,INJURED,PIT BULL,FAWN
09/19/2011,STRAY,FIELD,DOG,M,3,0,0,NORMAL,ROTTWEILER,BLACK
09/19/2011,STRAY,FIELD,DOG,M,2,0,0,NORMAL,AMER BULLDOG,TAN
09/19/2011,STRAY,OTC,DOG,S,2,0,0,NORMAL,ROTTWEILER,RED
09/19/2011,STRAY,OTC,CAT,N,2,0,0,NORMAL,DOMESTIC SH,BLUE TABBY
09/19/2011,STRAY,OTC,DOG,F,2,0,0,NORMAL,CHIHUAHUA SH,BR BRINDLE
09/19/2011,PUBLIC AST,QUARANTINE,CAT,S,2,0,1,NORMAL,DOMESTIC SH,ORG TABBY
09/19/2011,OWNER SUR,OTC,DOG,S,2,1,29,NORMAL,CHIHUAHUA SH,BROWN
09/19/2011,OWNER SUR,OTC,DOG,S,2,3,27,NORMAL,DACHSHUND,BROWN
09/19/2011,STRAY,FIELD,DOG,N,3,0,0,NORMAL,GERM SHEPHERD,BROWN
09/19/2011,STRAY,FIELD,DOG,N,3,0,0,NORMAL,LABRADOR RETR,BLACK
09/19/2011,STRAY,EMERG CLC,DOG,N,3,3,13,INJURED,BORDER COLLIE,BROWN
09/19/2011,STRAY,OTC,DOG,N,3,5,22,NORMAL,CHIHUAHUA SH,BROWN
09/19/2011,STRAY,OTC,DOG,N,4,9,2,NORMAL,ENG SPRNGR SPAN,BLACK
09/19/2011,STRAY,OTC,DOG,S,5,0,26,NORMAL,BORDER COLLIE,BLACK
09/19/2011,PUBLIC AST,QUARANTINE,DOG,N,4,2,24,NORMAL,BOXER,BROWN
09/19/2011,OWNER SUR,OTC,CAT,S,5,0,1,NORMAL,DOMESTIC SH,CRM TABBY
09/19/2011,STRAY,FIELD,DOG,N,5,0,1,NORMAL,LABRADOR RETR,BLACK
09/19/2011,STRAY,OTC,DOG,N,6,0,1,INJURED,REDBONE HOUND,RED
09/19/2011,STRAY,OTC,CAT,M,6,0,1,INJURED,DOMESTIC SH,BRN TABBY
09/19/2011,STRAY,FIELD,DOG,N,7,0,1,NORMAL,GERM SHEPHERD,BLACK
09/19/2011,STRAY,FIELD,DOG,S,10,0,2,NORMAL,BORDER COLLIE,BLUE MERLE
09/19/2011,STRAY,OTC,DOG,N,12,3,9,NORMAL,DACHSHUND,RED
09/20/2011,OWNER SUR,OTC,CAT,M,0,1,22,SICK,DOMESTIC SH,WHITE
09/20/2011,STRAY,OTC,DOG,N,0,1,8,NORMAL,LABRADOR RETR,BLACK
09/20/2011,STRAY,OTC,DOG,N,0,1,8,NORMAL,LABRADOR RETR,BLACK
09/20/2011,STRAY,OTC,DOG,N,0,1,8,NORMAL,LABRADOR RETR,CHOCOLATE
09/20/2011,STRAY,OTC,DOG,N,0,1,8,NORMAL,ROTTWEILER,BLACK
09/20/2011,STRAY,OTC,DOG,S,0,1,8,NORMAL,LABRADOR RETR,CHOCOLATE
09/20/2011,STRAY,OTC,DOG,S,0,1,8,NORMAL,LABRADOR RETR,CHOCOLATE
09/20/2011,STRAY,OTC,DOG,S,0,1,8,NORMAL,LABRADOR RETR,CHOCOLATE
09/20/2011,OWNER SUR,OTC,DOG,N,0,2,3,NORMAL,AUST CATTLE DOG,BLUE TICK
09/20/2011,EUTH REQ,NO SUBTYPE,DOG,F,0,3,16,SICK,POODLE MIN,APRICOT
09/20/2011,OWNER SUR,OTC,DOG,M,0,3,16,NORMAL,AUST CATTLE DOG,WHITE
09/20/2011,OWNER SUR,OTC,CAT,F,0,3,23,NORMAL,DOMESTIC SH,BLACK
09/20/2011,OWNER SUR,OTC,CAT,S,0,3,1,NORMAL,DOMESTIC SH,TORBIE
09/20/2011,STRAY,OTC,CAT,N,0,4,2,NORMAL,DOMESTIC SH,BLACK
09/20/2011,STRAY,OTC,CAT,S,0,4,2,NORMAL,DOMESTIC SH,BLUE
09/20/2011,OWNER SUR,OTC,CAT,N,0,4,2,NORMAL,DOMESTIC SH,BRN TABBY
09/20/2011,OWNER SUR,OTC,CAT,F,0,4,2,NORMAL,DOMESTIC SH,BLACK
09/20/2011,OWNER SUR,OTC,CAT,S,0,4,2,NORMAL,DOMESTIC SH,WHITE
09/20/2011,OWNER SUR,FIELD,CAT,N,0,4,2,NORMAL,DOMESTIC SH,BRN TABBY
09/20/2011,STRAY,FIELD,CAT,F,0,4,2,INJURED,DOMESTIC SH,BRN TABBY
09/20/2011,OWNER SUR,FIELD,CAT,S,0,4,11,NORMAL,DOMESTIC MH,WHITE
09/20/2011,OWNER SUR,OTC,CAT,S,0,5,17,NORMAL,DOMESTIC SH,CALICO
09/20/2011,OWNER SUR,OTC,CAT,N,0,6,16,NORMAL,DOMESTIC SH,ORG TABBY
09/20/2011,OWNER SUR,OTC,CAT,N,1,6,2,NORMAL,DOMESTIC MH,BLACK
09/20/2011,STRAY,OTC,DOG,N,1,6,2,NORMAL,ROTTWEILER,BLACK
09/20/2011,STRAY,OTC,CAT,M,1,0,0,NORMAL,DOMESTIC SH,CRM TABBY
09/20/2011,STRAY,FIELD,DOG,N,1,0,0,NORMAL,PIT BULL,BROWN
09/20/2011,OWNER SUR,OTC,CAT,S,1,0,0,NORMAL,DOMESTIC SH,BLACK
09/20/2011,STRAY,FIELD,DOG,N,1,2,1,NORMAL,COLLIE SMOOTH,BLACK
09/20/2011,PUBLIC AST,QUARANTINE,DOG,F,2,6,2,NORMAL,AM PIT BULL TER,BLACK
09/20/2011,OWNER SUR,FIELD,CAT,S,3,0,28,NORMAL,DOMESTIC SH,BLACK
09/20/2011,STRAY,OTC,CAT,S,2,0,0,INJURED,DOMESTIC SH,BLACK
09/20/2011,STRAY,FIELD,DOG,N,2,0,0,NORMAL,AMER BULLDOG,BLUE
09/20/2011,STRAY,OTC,CAT,N,2,0,0,NORMAL,DOMESTIC SH,ORG TABBY
09/20/2011,STRAY,FIELD,DOG,N,2,0,0,NORMAL,PIT BULL,WHITE
09/20/2011,STRAY,OTC,DOG,N,2,2,2,NORMAL,SIBERIAN HUSKY,BLACK
09/20/2011,PUBLIC AST,NO SUBTYPE,DOG,M,2,6,18,NORMAL,PIT BULL,BLUE
09/20/2011,STRAY,OTC,DOG,N,2,6,21,NORMAL,ANATOL SHEPHERD,BLACK
09/20/2011,STRAY,FIELD,DOG,N,3,8,5,NORMAL,PIT BULL,BLUE
09/20/2011,STRAY,OTC,DOG,F,3,0,0,NORMAL,LABRADOR RETR,WHITE
09/20/2011,STRAY,FIELD,DOG,S,3,0,0,NORMAL,AM PIT BULL TER,BUFF
09/20/2011,OWNER SUR,OTC,DOG,S,4,11,5,NORMAL,PIT BULL,WHITE
09/20/2011,STRAY,FIELD,DOG,S,4,0,1,NORMAL,BOXER,BROWN
09/20/2011,STRAY,OTC,DOG,M,4,0,1,NORMAL,LABRADOR RETR,BROWN
09/20/2011,PUBLIC AST,QUARANTINE,CAT,S,4,0,1,NORMAL,DOMESTIC LH,BLACK
09/20/2011,STRAY,OTC,CAT,S,4,3,17,NORMAL,DOMESTIC LH,BLACK
09/20/2011,STRAY,FIELD,DOG,S,6,0,1,INJURED,LABRADOR RETR,BROWN
09/20/2011,STRAY,FIELD,DOG,N,9,6,3,NORMAL,LABRADOR RETR,BLACK
09/20/2011,STRAY,FIELD,DOG,F,9,6,3,NORMAL,CHIHUAHUA LH,BLACK
09/20/2011,STRAY,OTC,DOG,N,9,0,2,NORMAL,CHIHUAHUA SH,BLACK
09/20/2011,STRAY,OTC,DOG,N,9,0,2,NORMAL,GERM SHEPHERD,SABLE
09/20/2011,OWNER SUR,OTC,CAT,S,9,0,2,NORMAL,DOMESTIC LH,BLACK
09/20/2011,OWNER SUR,OTC,CAT,N,9,0,2,NORMAL,DOMESTIC LH,ORG TABBY
09/20/2011,OWNER SUR,OTC,DOG,N,9,3,23,NORMAL,BEAGLE,TRICOLOR
09/20/2011,STRAY,FIELD,DOG,N,11,7,10,NORMAL,PARSON RUSS TER,WHITE
09/20/2011,STRAY,OTC,CAT,N,12,0,3,AGED,DOMESTIC SH,BLACK
09/21/2011,STRAY,OTC,CAT,N,0,1,12,NORMAL,DOMESTIC SH,BLK TABBY
09/21/2011,STRAY,OTC,CAT,S,0,1,14,NORMAL,DOMESTIC SH,CALICO
09/21/2011,OWNER SUR,OTC,CAT,S,0,1,14,NORMAL,DOMESTIC SH,BLACK
09/21/2011,OWNER SUR,OTC,CAT,N,0,1,14,NORMAL,DOMESTIC SH,BRN TABBY
09/21/2011,OWNER SUR,OTC,CAT,N,0,2,16,NORMAL,DOMESTIC SH,BRN TABBY
09/21/2011,OWNER SUR,OTC,CAT,N,0,2,16,NORMAL,DOMESTIC SH,BRN TABBY
09/21/2011,OWNER SUR,OTC,CAT,N,0,2,16,NORMAL,DOMESTIC SH,BRN TABBY
09/21/2011,OWNER SUR,OTC,CAT,N,0,2,16,NORMAL,DOMESTIC SH,BLACK
09/21/2011,OWNER SUR,FIELD,DOG,S,0,3,16,NORMAL,BORDER COLLIE,BLACK
09/21/2011,STRAY,OTC,CAT,S,0,4,2,NORMAL,MAINE COON,BLUE TABBY
09/21/2011,STRAY,FIELD,DOG,N,0,5,1,NORMAL,PIT BULL,BLACK
09/21/2011,STRAY,FIELD,DOG,S,0,5,1,NORMAL,PIT BULL,BLACK
09/21/2011,STRAY,OTC,DOG,N,1,6,2,NORMAL,WELSH CORGI CAR,BLACK
09/21/2011,OWNER SUR,OTC,CAT,S,1,6,2,NORMAL,DOMESTIC SH,BRN TABBY
09/21/2011,OWNER SUR,OTC,CAT,S,1,6,2,NORMAL,DOMESTIC SH,TORTIE
09/21/2011,OWNER SUR,OTC,CAT,S,1,6,2,NORMAL,DOMESTIC SH,BRN TABBY
09/21/2011,OWNER SUR,OTC,CAT,S,1,6,2,NORMAL,SIAMESE,LYNX PT
09/21/2011,STRAY,FIELD,DOG,N,1,8,0,NORMAL,AUST KELPIE,BLACK
09/21/2011,STRAY,FIELD,DOG,S,1,9,1,NORMAL,AUST CATTLE DOG,BLUE TICK
09/21/2011,STRAY,OTC,DOG,N,1,0,0,NORMAL,LABRADOR RETR,WHITE
09/21/2011,STRAY,FIELD,DOG,N,2,6,2,NORMAL,PLOTT HOUND,RED
09/21/2011,STRAY,OTC,DOG,S,2,6,2,NORMAL,GERM SHEPHERD,BLACK
09/21/2011,STRAY,OTC,CAT,S,2,0,0,PREGNANT,DOMESTIC SH,BRN TABBY
09/21/2011,PUBLIC AST,SURGERY,DOG,N,2,0,0,NORMAL,GERM SHEPHERD,BROWN
09/21/2011,STRAY,OTC,DOG,S,2,0,0,NORMAL,BOXER,TAN
09/21/2011,STRAY,EMERG CLC,DOG,M,2,0,0,INJURED,PIT BULL,BLACK
09/21/2011,STRAY,FIELD,DOG,S,2,0,0,NORMAL,GERM SHEPHERD,BLACK
09/21/2011,STRAY,OTC,DOG,F,2,0,0,NORMAL,SIBERIAN HUSKY,WHITE
09/21/2011,OWNER SUR,OTC,CAT,S,2,0,0,NORMAL,DOMESTIC SH,BRN TABBY
09/21/2011,PUBLIC AST,QUARANTINE,DOG,N,2,0,0,NORMAL,POODLE TOY,WHITE
09/21/2011,OWNER SUR,QUARANTINE,DOG,S,2,3,15,NORMAL,PIT BULL,BR BRINDLE
09/21/2011,STRAY,OTC,DOG,N,3,6,2,NORMAL,GERM SHEPHERD,BLACK
09/21/2011,STRAY,OTC,DOG,S,3,0,0,NORMAL,SCHNAUZER MIN,GRAY
09/21/2011,OWNER SUR,OTC,CAT,N,3,0,0,NORMAL,ORIENTAL SH,BLACK
09/21/2011,STRAY,OTC,DOG,S,4,0,1,NORMAL,DACHSHUND,RED
09/21/2011,STRAY,FIELD,DOG,F,4,0,1,SICK,STAFFORDSHIRE,WHITE
09/21/2011,STRAY,OTC,CAT,N,5,0,1,NORMAL,BENGAL,BRN TABBY
09/21/2011,STRAY,OTC,DOG,N,7,0,0,NORMAL,BERNESE MTN DOG,TRICOLOR
09/21/2011,OWNER SUR,OTC,DOG,N,7,0,13,NORMAL,PIT BULL,TAN
09/21/2011,PUBLIC AST,OIJ,DOG,N,8,0,2,NORMAL,JACK RUSS TERR,TRICOLOR
09/21/2011,STRAY,OTC,DOG,S,10,0,2,NORMAL,BORDER COLLIE,WHITE
09/21/2011,STRAY,OTC,CAT,F,10,0,2,AGED,SIAMESE,SEAL PT
09/21/2011,EUTH REQ,NO SUBTYPE,DOG,F,14,0,3,SICK,SCHNAUZER MIN,CREAM
09/22/2011,STRAY,OTC,CAT,F,0,0,7,NURSING,DOMESTIC SH,TORTIE
09/22/2011,STRAY,OTC,CAT,F,0,0,7,NURSING,DOMESTIC SH,BRN TABBY
09/22/2011,STRAY,OTC,CAT,N,0,1,1,NORMAL,DOMESTIC MH,ORG TABBY
09/22/2011,STRAY,OTC,CAT,N,0,1,1,NORMAL,DOMESTIC SH,BLACK
09/22/2011,STRAY,OTC,CAT,S,0,1,1,NORMAL,DOMESTIC MH,TORTIE
09/22/2011,STRAY,OTC,CAT,S,0,1,1,NORMAL,DOMESTIC MH,CALICO
09/22/2011,STRAY,FIELD,DOG,S,0,3,10,NORMAL,PIT BULL,WHITE
09/22/2011,OWNER SUR,OTC,CAT,S,0,4,29,NORMAL,DOMESTIC SH,BLACK
09/22/2011,STRAY,FIELD,DOG,S,0,4,2,NORMAL,PIT BULL,BROWN
09/22/2011,STRAY,OTC,DOG,N,0,5,29,NORMAL,PIT BULL,BR BRINDLE
09/22/2011,STRAY,FIELD,DOG,N,0,5,1,SICK,PIT BULL,BR BRINDLE
09/22/2011,STRAY,FIELD,DOG,N,0,5,1,SICK,PIT BULL,BR BRINDLE
09/22/2011,STRAY,QUARANTINE,CAT,N,0,5,1,NORMAL,DOMESTIC SH,BLACK
09/22/2011,STRAY,QUARANTINE,CAT,N,0,5,1,NORMAL,DOMESTIC SH,ORG TABBY
09/22/2011,STRAY,QUARANTINE,CAT,S,0,5,1,NORMAL,DOMESTIC SH,TORBIE
09/22/2011,STRAY,OTC,DOG,N,0,5,1,NORMAL,PIT BULL,BLACK
09/22/2011,STRAY,OTC,DOG,S,0,6,16,NORMAL,BORDER COLLIE,BLACK
09/22/2011,STRAY,QUARANTINE,CAT,S,1,0,0,NORMAL,DOMESTIC SH,TORBIE
09/22/2011,STRAY,OTC,DOG,N,2,6,2,NORMAL,AUST CATTLE DOG,RED
09/22/2011,OWNER SUR,OTC,DOG,S,2,6,2,NORMAL,BEAGLE,TRICOLOR
09/22/2011,STRAY,OTC,DOG,S,2,8,19,NORMAL,PIT BULL,BLACK
09/22/2011,OWNER SUR,OTC,DOG,M,2,0,0,NORMAL,PIT BULL,WHITE
09/22/2011,STRAY,OTC,DOG,S,2,0,0,NORMAL,LABRADOR RETR,BLACK
09/22/2011,STRAY,EMERG CLC,DOG,N,2,0,0,NORMAL,AMER ESKIMO,WHITE
09/22/2011,OWNER SUR,QUARANTINE,DOG,S,2,2,1,NORMAL,LABRADOR RETR,BLACK
09/22/2011,STRAY,OTC,DOG,N,3,0,0,NORMAL,POODLE MIN,CREAM
09/22/2011,OWNER SUR,OTC,CAT,S,4,0,1,NORMAL,DOMESTIC SH,BRN TABBY
09/22/2011,OWNER SUR,OTC,DOG,S,4,0,1,NORMAL,PLOTT HOUND,BR BRINDLE
09/22/2011,STRAY,OTC,DOG,N,5,0,1,NORMAL,RAT TERRIER,TRICOLOR
09/22/2011,OWNER SUR,OTC,DOG,S,5,0,1,NORMAL,JACK RUSS TERR,WHITE
09/22/2011,OWNER SUR,OTC,DOG,S,5,0,1,NORMAL,JACK RUSS TERR,WHITE
09/22/2011,OWNER SUR,OTC,DOG,S,5,0,1,NORMAL,JACK RUSS TERR,WHITE
09/22/2011,PUBLIC AST,QUARANTINE,DOG,S,5,6,0,NORMAL,PIT BULL,BROWN
09/22/2011,OWNER SUR,OTC,DOG,S,6,0,1,NORMAL,POODLE MIN,WHITE
09/22/2011,OWNER SUR,OTC,DOG,S,6,0,1,NORMAL,POODLE MIN,WHITE
09/22/2011,OWNER SUR,OTC,DOG,N,6,0,1,NORMAL,POODLE MIN,WHITE
09/22/2011,OWNER SUR,OTC,DOG,S,6,0,1,NORMAL,POODLE MIN,WHITE
09/22/2011,STRAY,OTC,DOG,F,8,0,2,NORMAL,PIT BULL,WHITE
09/22/2011,PUBLIC AST,QUARANTINE,DOG,S,8,0,2,NORMAL,DOBERMAN PINSCH,BLACK
09/23/2011,STRAY,OTC,CAT,M,0,1,8,NORMAL,DOMESTIC SH,BRN TABBY
09/23/2011,STRAY,OTC,CAT,S,0,3,0,NORMAL,DOMESTIC SH,CALICO
09/23/2011,STRAY,QUARANTINE,CAT,N,0,2,1,NORMAL,DOMESTIC SH,BLACK
09/23/2011,STRAY,EMERG CLC,CAT,M,0,2,1,INJURED,DOMESTIC SH,BLUE
09/23/2011,OWNER SUR,OTC,DOG,N,0,2,8,NORMAL,BORDER COLLIE,BLACK
09/23/2011,STRAY,OTC,CAT,S,0,4,18,NORMAL,DOMESTIC SH,BLACK
09/23/2011,STRAY,OTC,DOG,S,0,4,28,NORMAL,BORDER COLLIE,BLACK
09/23/2011,STRAY,OTC,CAT,S,0,4,2,NORMAL,DOMESTIC SH,BLACK
09/23/2011,STRAY,OTC,DOG,S,0,4,2,NORMAL,BORDER TERRIER,TAN
09/23/2011,OWNER SUR,FIELD,DOG,M,0,5,1,NORMAL,CHIHUAHUA SH,BLACK
09/23/2011,STRAY,FIELD,DOG,S,1,6,2,NORMAL,GERM SHEPHERD,BLACK
09/23/2011,OWNER SUR,OTC,CAT,S,1,6,2,NORMAL,DOMESTIC MH,ORG TABBY
09/23/2011,STRAY,OTC,DOG,N,1,6,2,NORMAL,DACHSHUND,BLACK
09/23/2011,OWNER SUR,OTC,DOG,N,1,8,0,NORMAL,AUST SHEPHERD,BLUE MERLE
09/23/2011,STRAY,OTC,DOG,M,1,8,0,NORMAL,CHIHUAHUA SH,BLACK
09/23/2011,STRAY,OTC,DOG,S,1,9,1,NORMAL,PIT BULL,WHITE
09/23/2011,STRAY,FIELD,DOG,F,1,10,1,NORMAL,PIT BULL,TAN
09/23/2011,OWNER SUR,OTC,CAT,S,1,0,0,NORMAL,DOMESTIC SH,TORTIE
09/23/2011,STRAY,OTC,CAT,S,1,0,0,NORMAL,DOMESTIC SH,CALICO
09/23/2011,STRAY,FIELD,DOG,N,1,0,0,NORMAL,PIT BULL,BLACK
09/23/2011,OWNER SUR,OTC,DOG,N,1,0,0,NORMAL,PIT BULL,CHOCOLATE
09/23/2011,OWNER SUR,OTC,DOG,N,1,5,21,NORMAL,CHIHUAHUA SH,BLACK
09/23/2011,STRAY,OTC,DOG,N,1,6,17,NORMAL,BEAGLE,TRICOLOR
09/23/2011,STRAY,OTC,CAT,S,2,6,2,PREGNANT,SNOWSHOE,CHOC PT
09/23/2011,STRAY,OTC,CAT,M,2,0,0,NORMAL,DOMESTIC SH,BLUE
09/23/2011,STRAY,OTC,CAT,S,2,0,0,NORMAL,DOMESTIC SH,BLUE
09/23/2011,STRAY,OTC,CAT,S,2,0,0,NORMAL,DOMESTIC SH,CALICO
09/23/2011,OWNER SUR,OTC,DOG,S,2,0,0,NORMAL,PIT BULL,WHITE
09/23/2011,STRAY,FIELD,DOG,F,2,0,0,NORMAL,NORWICH TERRIER,GRAY
09/23/2011,PUBLIC AST,QUARANTINE,DOG,S,2,0,2,NORMAL,PIT BULL,WHITE
09/23/2011,STRAY,OTC,DOG,S,2,1,6,NORMAL,PIT BULL,FAWN
09/23/2011,STRAY,OTC,DOG,N,2,1,6,NORMAL,BASSET HOUND,RED
09/23/2011,STRAY,OTC,DOG,S,3,6,2,NORMAL,SCHNAUZER MIN,SILVER
09/23/2011,STRAY,OTC,DOG,S,3,0,0,NORMAL,CHIHUAHUA SH,BROWN
09/23/2011,STRAY,OTC,CAT,S,3,0,0,NORMAL,DOMESTIC SH,CREAM
09/23/2011,STRAY,OTC,DOG,N,3,0,0,NORMAL,CHIHUAHUA SH,TRICOLOR
09/23/2011,PUBLIC AST,NO SUBTYPE,DOG,N,4,0,1,NORMAL,DACHSHUND,CHOCOLATE
09/23/2011,STRAY,OTC,DOG,N,5,6,3,NORMAL,PIT BULL,WHITE
09/23/2011,STRAY,OTC,DOG,S,6,0,29,NORMAL,CHIHUAHUA LH,CHOCOLATE
09/23/2011,STRAY,OTC,DOG,N,8,0,0,NORMAL,SILKY TERRIER,TAN
09/23/2011,STRAY,OTC,DOG,N,8,0,2,NORMAL,RAT TERRIER,WHITE
09/23/2011,STRAY,OTC,DOG,N,11,0,2,NORMAL,PEKINGESE,SABLE
09/24/2011,STRAY,OTC,CAT,N,0,0,2,NORMAL,DOMESTIC SH,BRN TABBY
09/24/2011,STRAY,OTC,CAT,N,0,0,2,NORMAL,DOMESTIC SH,BLACK
09/24/2011,STRAY,OTC,CAT,S,0,0,2,NORMAL,DOMESTIC SH,BLACK
09/24/2011,STRAY,OTC,CAT,N,0,1,1,NORMAL,DOMESTIC SH,BRN TABBY
09/24/2011,STRAY,OTC,DOG,N,0,2,1,NORMAL,LABRADOR RETR,TAN
09/24/2011,STRAY,OTC,DOG,S,0,2,11,NORMAL,BORDER COLLIE,BROWN
09/24/2011,OWNER SUR,OTC,DOG,N,0,4,14,NORMAL,ALASK MALAMUTE,WHITE
09/24/2011,STRAY,OTC,DOG,N,0,5,1,NORMAL,LABRADOR RETR,BL BRINDLE
09/24/2011,STRAY,OTC,CAT,F,1,6,2,INJURED,DOMESTIC SH,BRN TABBY
09/24/2011,STRAY,FIELD,DOG,N,1,9,1,NORMAL,AMER BULLDOG,WHITE
09/24/2011,STRAY,OTC,DOG,S,1,0,0,NORMAL,CHIHUAHUA SH,RED
09/24/2011,STRAY,FIELD,DOG,S,1,0,0,NORMAL,PIT BULL,WHITE
09/24/2011,STRAY,OTC,DOG,N,1,0,4,NORMAL,SCHNAUZER MIN,BROWN
09/24/2011,STRAY,OTC,DOG,N,2,6,2,NORMAL,PIT BULL,FAWN
09/24/2011,OWNER SUR,OTC,DOG,N,2,6,2,NORMAL,BORDER COLLIE,BLACK
09/24/2011,STRAY,OTC,DOG,S,2,6,2,NORMAL,DACHSHUND,RED
09/24/2011,OWNER SUR,RETURN,DOG,N,2,7,4,NORMAL,CATAHOULA,WHITE
09/24/2011,STRAY,OTC,DOG,S,2,0,0,NORMAL,PIT BULL,FAWN
09/24/2011,OWNER SUR,OTC,DOG,N,2,0,0,NORMAL,CHIHUAHUA SH,WHITE
09/24/2011,STRAY,OTC,DOG,N,2,0,0,NORMAL,RHOD RIDGEBACK,TAN
09/24/2011,OWNER SUR,QUARANTINE,DOG,N,3,9,1,NORMAL,CATAHOULA,WHITE
09/24/2011,PUBLIC AST,INVESTIGAT,DOG,S,3,11,7,NORMAL,LABRADOR RETR,WHITE
09/24/2011,STRAY,OTC,DOG,N,3,0,0,NORMAL,HARRIER,WHITE
09/24/2011,STRAY,OTC,DOG,S,3,0,0,NORMAL,AUST CATTLE DOG,WHITE
09/24/2011,PUBLIC AST,QUARANTINE,DOG,S,3,0,1,NORMAL,PIT BULL,BR BRINDLE
09/24/2011,STRAY,OTC,DOG,S,3,0,4,NORMAL,JACK RUSS TERR,BROWN
09/24/2011,STRAY,OTC,DOG,S,3,2,24,NORMAL,AM PIT BULL TER,BR BRINDLE
09/24/2011,PUBLIC AST,QUARANTINE,DOG,N,4,7,26,NORMAL,GERM SHEPHERD,BLACK
09/24/2011,STRAY,OTC,DOG,S,4,0,1,NORMAL,CHIHUAHUA SH,WHITE
09/24/2011,OWNER SUR,RETURN,DOG,N,4,0,10,NORMAL,ANATOL SHEPHERD,TAN
09/24/2011,STRAY,OTC,DOG,S,5,7,29,NORMAL,GERM SHEPHERD,BUFF
09/24/2011,STRAY,OTC,CAT,S,5,0,1,NORMAL,DOMESTIC SH,BRN TABBY
09/24/2011,STRAY,OTC,DOG,S,5,0,1,NORMAL,CHIHUAHUA SH,BROWN
09/24/2011,STRAY,OTC,CAT,S,5,0,1,NORMAL,RUSSIAN BLUE,BLUE
09/24/2011,PUBLIC AST,INVESTIGAT,DOG,S,5,0,1,NORMAL,VIZSLA,RED
09/24/2011,STRAY,OTC,CAT,N,5,0,1,NORMAL,DOMESTIC SH,BRN TABBY
09/24/2011,STRAY,OTC,DOG,N,5,4,18,NORMAL,PIT BULL,RED
09/24/2011,STRAY,OTC,DOG,S,6,9,3,NORMAL,ROTTWEILER,BLACK
09/24/2011,STRAY,OTC,CAT,S,6,0,1,NORMAL,DOMESTIC MH,BLACK
09/24/2011,STRAY,OTC,DOG,N,9,0,27,NORMAL,POODLE TOY,WHITE
09/24/2011,STRAY,OTC,DOG,N,10,8,24,NORMAL,FLAT COAT RETR,BLACK
09/24/2011,STRAY,OTC,CAT,N,10,0,2,NORMAL,SNOWSHOE,SEAL PT
09/24/2011,STRAY,OTC,DOG,S,13,0,0,NORMAL,CHIHUAHUA SH,GRAY
09/24/2011,STRAY,OTC,DOG,S,15,0,3,NORMAL,CHIHUAHUA LH,WHITE
09/25/2011,STRAY,OTC,DOG,N,0,0,4,NURSING,PUG,BLACK
09/25/2011,STRAY,OTC,DOG,S,0,0,4,NURSING,PUG,BLACK
09/25/2011,STRAY,OTC,DOG,N,0,0,4,NURSING,PUG,BLACK
09/25/2011,STRAY,OTC,DOG,N,0,0,4,NURSING,PUG,BLACK
09/25/2011,STRAY,OTC,DOG,N,0,0,4,NURSING,PUG,BROWN
09/25/2011,STRAY,OTC,DOG,N,0,0,4,NURSING,PUG,BROWN
09/25/2011,STRAY,OTC,CAT,N,0,1,29,NORMAL,DOMESTIC SH,BLACK
09/25/2011,OWNER SUR,OTC,CAT,N,0,1,1,NORMAL,DOMESTIC SH,BRN TABBY
09/25/2011,OWNER SUR,OTC,CAT,N,0,1,1,NORMAL,DOMESTIC SH,BLACK
09/25/2011,OWNER SUR,OTC,CAT,S,0,1,1,NORMAL,DOMESTIC SH,BLACK
09/25/2011,OWNER SUR,OTC,CAT,N,0,1,1,NORMAL,DOMESTIC SH,BLACK
09/25/2011,OWNER SUR,OTC,CAT,S,0,1,1,NORMAL,DOMESTIC SH,BRN TABBY
09/25/2011,OWNER SUR,OTC,DOG,N,0,3,8,NORMAL,POINTER,TAN
09/25/2011,STRAY,FIELD,DOG,S,0,5,25,NORMAL,BEAGLE,BLACK
09/25/2011,OWNER SUR,OTC,CAT,S,1,6,2,NORMAL,DOMESTIC SH,WHITE
09/25/2011,OWNER SUR,OTC,CAT,S,1,6,2,NORMAL,DOMESTIC SH,WHITE
09/25/2011,OWNER SUR,QUARANTINE,CAT,S,1,6,2,NORMAL,DOMESTIC SH,CALICO
09/25/2011,STRAY,OTC,DOG,S,1,8,0,NORMAL,WELSH TERRIER,BLACK
09/25/2011,STRAY,FIELD,DOG,N,1,11,0,NORMAL,CATAHOULA,TAN
09/25/2011,STRAY,OTC,DOG,S,1,0,0,NURSING,PUG,BROWN
09/25/2011,OWNER SUR,OTC,DOG,N,1,0,0,NORMAL,LABRADOR RETR,TAN
09/25/2011,OWNER SUR,OTC,CAT,S,1,0,0,NORMAL,SIAMESE,LYNX PT
09/25/2011,STRAY,FIELD,DOG,M,1,0,0,NORMAL,GERM SH POINT,WHITE
09/25/2011,OWNER SUR,RETURN,CAT,S,1,1,24,NORMAL,DOMESTIC SH,BLACK
09/25/2011,OWNER SUR,OTC,DOG,N,1,3,9,NORMAL,CATAHOULA,SABLE
09/25/2011,STRAY,OTC,DOG,M,2,6,2,NORMAL,LABRADOR RETR,BLACK
09/25/2011,STRAY,OTC,DOG,S,2,0,0,NORMAL,PIT BULL,BLUE
09/25/2011,OWNER SUR,OTC,DOG,S,2,0,0,NORMAL,GERM SHEPHERD,BLACK
09/25/2011,PUBLIC AST,QUARANTINE,DOG,S,2,0,2,NORMAL,SHIH TZU,BLK SMOKE
09/25/2011,OWNER SUR,RETURN,CAT,S,2,2,20,NORMAL,DOMESTIC SH,BRN TABBY
09/25/2011,STRAY,OTC,CAT,U,3,0,0,SICK,DOMESTIC SH,BLACK
09/25/2011,OWNER SUR,RETURN,DOG,S,3,0,11,NORMAL,AUST CATTLE DOG,RED TICK
09/25/2011,OWNER SUR,OTC,CAT,N,4,0,1,NORMAL,SIAMESE,SEAL PT
09/25/2011,OWNER SUR,OTC,CAT,N,4,0,1,NORMAL,SIAMESE,LYNX PT
09/25/2011,OWNER SUR,OTC,CAT,N,4,0,1,NORMAL,SIAMESE,LYNX PT
09/25/2011,OWNER SUR,OTC,CAT,S,4,0,1,NORMAL,DOMESTIC SH,BRN TABBY
09/25/2011,OWNER SUR,OTC,CAT,S,4,0,1,NORMAL,DOMESTIC SH,BRN TABBY
09/25/2011,OWNER SUR,OTC,CAT,N,4,0,1,NORMAL,DOMESTIC SH,BLACK
09/25/2011,OWNER SUR,OTC,CAT,N,4,0,1,NORMAL,DOMESTIC SH,BLACK
09/25/2011,OWNER SUR,OTC,CAT,N,4,0,1,NORMAL,SIAMESE,LYNX PT
09/25/2011,OWNER SUR,OTC,DOG,S,5,0,1,NORMAL,AUST CATTLE DOG,BROWN
09/25/2011,STRAY,OTC,DOG,F,10,0,2,INJURED,CHIHUAHUA SH,TAN
09/25/2011,STRAY,FIELD,CAT,N,16,0,24,SICK,HIMALAYAN,SEAL PT
09/25/2011,STRAY,OTC,CAT,N,18,0,0,AGED,DOMESTIC SH,CREAM
09/26/2011,OWNER SUR,OTC,CAT,N,0,0,7,NORMAL,DOMESTIC SH,GRAY TABBY
09/26/2011,OWNER SUR,OTC,CAT,N,0,0,7,NORMAL,DOMESTIC SH,BLACK
09/26/2011,OWNER SUR,OTC,CAT,S,0,0,7,NORMAL,DOMESTIC SH,CALICO
09/26/2011,STRAY,OTC,DOG,S,0,1,15,NURSING,BORDER COLLIE,WHITE
09/26/2011,STRAY,OTC,DOG,S,0,1,15,NURSING,BORDER COLLIE,BLACK
09/26/2011,STRAY,OTC,DOG,S,0,1,15,NURSING,BORDER COLLIE,BLACK
09/26/2011,STRAY,OTC,DOG,N,0,1,15,NURSING,BORDER COLLIE,BLACK
09/26/2011,STRAY,OTC,DOG,N,0,1,15,NURSING,BORDER COLLIE,SABLE
09/26/2011,STRAY,OTC,DOG,S,0,1,15,NURSING,BORDER COLLIE,SABLE
09/26/2011,STRAY,OTC,DOG,N,0,1,22,NURSING,BORDER COLLIE,WHITE
09/26/2011,STRAY,OTC,CAT,S,0,2,1,NORMAL,DOMESTIC SH,TORBIE
09/26/2011,OWNER SUR,OTC,DOG,S,0,2,1,NORMAL,AMER BULLDOG,WHITE
09/26/2011,OWNER SUR,OTC,CAT,S,0,5,17,NORMAL,TURKISH ANGORA,WHITE
09/26/2011,OWNER SUR,OTC,CAT,S,0,5,17,NORMAL,TURKISH ANGORA,WHITE
09/26/2011,STRAY,FIELD,DOG,N,1,8,0,NORMAL,LABRADOR RETR,BLACK
09/26/2011,OWNER SUR,FIELD,DOG,N,1,8,0,NORMAL,BORDER COLLIE,BLACK
09/26/2011,OWNER SUR,FIELD,DOG,N,1,8,0,NORMAL,BORDER COLLIE,TAN
09/26/2011,STRAY,FIELD,DOG,N,1,8,0,NORMAL,LABRADOR RETR,TAN
09/26/2011,STRAY,OTC,DOG,S,1,9,1,NORMAL,BEAGLE,TRICOLOR
09/26/2011,STRAY,OTC,DOG,S,1,9,1,NORMAL,CHIHUAHUA SH,CHOCOLATE
09/26/2011,OWNER SUR,FIELD,DOG,S,1,10,1,NORMAL,GERM SHEPHERD,TAN
09/26/2011,STRAY,OTC,DOG,N,1,0,0,NORMAL,PIT BULL,CHOCOLATE
09/26/2011,STRAY,OTC,DOG,S,1,0,0,NURSING,BORDER COLLIE,BLACK
09/26/2011,OWNER SUR,OTC,DOG,S,1,0,0,NORMAL,PIT BULL,WHITE
09/26/2011,STRAY,FIELD,DOG,N,1,0,0,INJURED,NORWICH TERRIER,TAN
09/26/2011,PUBLIC AST,EMERGENCY,DOG,F,1,0,0,NORMAL,PIT BULL,WHITE
09/26/2011,STRAY,OTC,DOG,N,2,6,2,NORMAL,LABRADOR RETR,TAN
09/26/2011,OWNER SUR,FIELD,DOG,S,2,6,2,NORMAL,BERNESE MTN DOG,BLACK
09/26/2011,OWNER SUR,OTC,DOG,S,2,0,0,NORMAL,CHIHUAHUA SH,CHOCOLATE
09/26/2011,STRAY,FIELD,DOG,F,2,0,0,NORMAL,PIT BULL,BLACK
09/26/2011,OWNER SUR,RETURN,DOG,N,2,3,22,NORMAL,LABRADOR RETR,BLACK
09/26/2011,STRAY,FIELD,DOG,F,3,6,2,NORMAL,ROTTWEILER,BLACK
09/26/2011,OWNER SUR,FIELD,DOG,S,3,9,14,NORMAL,CHIHUAHUA SH,BROWN
09/26/2011,OWNER SUR,OTC,DOG,N,3,12,0,NORMAL,LABRADOR RETR,BLACK
09/26/2011,STRAY,OTC,DOG,F,3,0,0,NORMAL,BLACK/TAN HOUND,BLACK
09/26/2011,OWNER SUR,OTC,CAT,N,3,0,0,NORMAL,DOMESTIC SH,BRN TABBY
09/26/2011,STRAY,OTC,DOG,S,4,6,2,NORMAL,FOX TERR SMOOTH,BROWN
09/26/2011,STRAY,OTC,DOG,F,6,0,22,NORMAL,BLACK/TAN HOUND,BLACK
09/26/2011,OWNER SUR,OTC,CAT,S,5,0,1,NORMAL,DOMESTIC SH,CALICO
09/26/2011,OWNER SUR,OTC,DOG,N,5,0,1,NORMAL,BOXER,CHOCOLATE
09/26/2011,STRAY,FIELD,DOG,N,8,6,25,NORMAL,PUG,TAN
09/26/2011,STRAY,EMERG CLC,DOG,S,9,0,2,INJURED,CHIHUAHUA SH,BLACK
09/26/2011,OWNER SUR,OTC,CAT,S,10,0,2,NORMAL,DOMESTIC SH,BRN TABBY
09/26/2011,OWNER SUR,OTC,CAT,N,10,0,2,NORMAL,RUSSIAN BLUE,BLUE
09/27/2011,STRAY,OTC,CAT,S,0,0,3,NURSING,DOMESTIC SH,BLUE TABBY
09/27/2011,STRAY,OTC,CAT,N,0,1,3,NURSING,DOMESTIC SH,BLUE TABBY
09/27/2011,STRAY,OTC,CAT,S,0,1,8,NURSING,DOMESTIC SH,TORTIE
09/27/2011,STRAY,OTC,CAT,S,0,1,8,NURSING,DOMESTIC SH,CALICO
09/27/2011,STRAY,OTC,DOG,S,0,2,1,NORMAL,GERM SHEPHERD,TAN
09/27/2011,STRAY,OTC,DOG,S,0,2,1,NORMAL,GERM SHEPHERD,TAN
09/27/2011,STRAY,OTC,DOG,S,0,2,1,NORMAL,GERM SHEPHERD,TAN
09/27/2011,STRAY,OTC,DOG,N,0,2,1,NORMAL,GERM SHEPHERD,TAN
09/27/2011,OWNER SUR,OTC,DOG,S,0,3,23,NORMAL,AMER BULLDOG,WHITE
09/27/2011,OWNER SUR,RETURN,DOG,S,0,3,24,NORMAL,DACHSHUND,TAN
09/27/2011,STRAY,OTC,DOG,S,0,3,1,NORMAL,LABRADOR RETR,BLACK
09/27/2011,STRAY,OTC,DOG,S,0,5,17,NORMAL,LABRADOR RETR,BLACK
09/27/2011,STRAY,OTC,DOG,N,0,5,17,NORMAL,GOLDEN RETR,GOLD
09/27/2011,STRAY,OTC,CAT,N,0,5,17,NORMAL,DOMESTIC SH,BRN TABBY
09/27/2011,STRAY,OTC,CAT,S,0,5,17,NORMAL,DOMESTIC MH,BRN TABBY
09/27/2011,STRAY,OTC,DOG,M,0,6,16,NORMAL,AUST SHEPHERD,TRICOLOR
09/27/2011,STRAY,FIELD,DOG,S,0,6,16,NORMAL,LABRADOR RETR,BLACK
09/27/2011,STRAY,OTC,DOG,S,1,6,2,SICK,DACHSHUND,BLACK
09/27/2011,STRAY,OTC,CAT,S,1,8,0,NORMAL,ABYSSINIAN,AGOUTI
09/27/2011,OWNER SUR,OTC,DOG,N,1,8,0,NORMAL,LABRADOR RETR,BLACK
09/27/2011,STRAY,OTC,CAT,N,1,9,1,NORMAL,DOMESTIC SH,ORG TABBY
09/27/2011,OWNER SUR,OTC,DOG,S,1,10,28,NORMAL,POINTER,WHITE
09/27/2011,OWNER SUR,OTC,CAT,S,1,0,0,NORMAL,DOMESTIC SH,CALICO
09/27/2011,STRAY,FIELD,DOG,S,1,0,0,NORMAL,PIT BULL,BROWN
09/27/2011,STRAY,FIELD,DOG,S,1,0,0,FERAL,BORDER COLLIE,BLACK
09/27/2011,STRAY,FIELD,DOG,N,1,0,0,NORMAL,BASENJI,BROWN
09/27/2011,STRAY,FIELD,DOG,M,1,0,0,NORMAL,CHIHUAHUA SH,BLACK
09/27/2011,STRAY,OTC,DOG,F,1,6,22,NORMAL,AUST CATTLE DOG,BLUE TICK
09/27/2011,OWNER SUR,OTC,CAT,S,2,0,0,NORMAL,DOMESTIC MH,TORTIE
09/27/2011,STRAY,OTC,DOG,N,2,0,0,NORMAL,PIT BULL,TAN
09/27/2011,OWNER SUR,OTC,CAT,N,2,0,0,NORMAL,DOMESTIC SH,BLUE TABBY
09/27/2011,STRAY,FIELD,DOG,N,2,0,0,NORMAL,CHIHUAHUA SH,TAN
09/27/2011,STRAY,OTC,CAT,S,2,0,0,NURSING,DOMESTIC SH,BLACK
09/27/2011,STRAY,FIELD,DOG,F,2,5,9,NORMAL,LABRADOR RETR,BLACK
09/27/2011,STRAY,FIELD,DOG,S,3,6,2,NORMAL,PIT BULL,BLUE
09/27/2011,STRAY,FIELD,DOG,M,3,0,0,NORMAL,AMER BULLDOG,WHITE
09/27/2011,STRAY,OTC,DOG,N,4,6,2,NORMAL,CHIHUAHUA SH,CHOCOLATE
09/27/2011,STRAY,OTC,CAT,S,5,0,1,NORMAL,DOMESTIC SH,ORG TABBY
09/27/2011,STRAY,OTC,DOG,S,5,3,19,SICK,WELSH CORGI CAR,CREAM
09/27/2011,STRAY,FIELD,DOG,S,7,7,9,NORMAL,ROTTWEILER,BLACK
09/27/2011,OWNER SUR,RETURN,CAT,N,8,6,11,NORMAL,MAINE COON,BRN TABBY
09/27/2011,OWNER SUR,OTC,DOG,N,12,10,18,NORMAL,FLAT COAT RETR,BLACK
09/27/2011,STRAY,OTC,DOG,N,13,9,29,NORMAL,DACHSHUND,BLACK
09/28/2011,STRAY,OTC,CAT,S,0,1,1,NORMAL,DOMESTIC SH,BRN TABBY
09/28/2011,OWNER SUR,OTC,CAT,N,0,1,13,NORMAL,DOMESTIC SH,BRN TABBY
09/28/2011,OWNER SUR,OTC,CAT,N,0,1,13,NORMAL,DOMESTIC SH,BRN TABBY
09/28/2011,OWNER SUR,OTC,CAT,N,0,1,13,NORMAL,DOMESTIC SH,BLACK
09/28/2011,STRAY,OTC,CAT,N,0,2,18,NORMAL,DOMESTIC SH,BLK SMOKE
09/28/2011,OWNER SUR,OTC,DOG,S,0,2,1,NORMAL,GERM SHEPHERD,BROWN
09/28/2011,OWNER SUR,OTC,DOG,S,0,2,1,NORMAL,GERM SHEPHERD,BROWN
09/28/2011,OWNER SUR,OTC,DOG,S,0,2,1,NORMAL,LABRADOR RETR,BLACK
09/28/2011,OWNER SUR,OTC,DOG,S,0,2,1,NORMAL,LABRADOR RETR,BLACK
09/28/2011,OWNER SUR,OTC,DOG,N,0,2,1,NORMAL,LABRADOR RETR,BLACK
09/28/2011,STRAY,OTC,DOG,N,0,2,1,NORMAL,DACHSHUND,BROWN
09/28/2011,STRAY,OTC,DOG,N,0,4,2,NORMAL,PLOTT HOUND,BR BRINDLE
09/28/2011,STRAY,FIELD,DOG,N,1,7,24,NORMAL,PIT BULL,APRICOT
09/28/2011,STRAY,FIELD,DOG,S,1,7,24,NORMAL,PIT BULL,APRICOT
09/28/2011,OWNER SUR,OTC,DOG,S,1,8,0,NORMAL,SCHNAUZER MIN,GRAY
09/28/2011,STRAY,EMERG CLC,DOG,M,1,8,0,INJURED,DOBERMAN PINSCH,BLACK
09/28/2011,STRAY,OTC,CAT,N,1,8,0,NORMAL,MAINE COON,BRN TABBY
09/28/2011,STRAY,FIELD,DOG,N,1,8,0,NORMAL,ANATOL SHEPHERD,TAN
09/28/2011,STRAY,OTC,DOG,S,1,8,0,NORMAL,STAFFORDSHIRE,BLACK
09/28/2011,STRAY,FIELD,DOG,N,1,10,1,NORMAL,GERM SHEPHERD,WHITE
09/28/2011,STRAY,FIELD,DOG,N,1,5,20,NORMAL,GREYHOUND,WHITE
09/28/2011,STRAY,OTC,DOG,S,2,6,2,NORMAL,GERM SHEPHERD,BROWN
09/28/2011,STRAY,FIELD,DOG,N,2,3,4,NORMAL,SIBERIAN HUSKY,WHITE
09/28/2011,STRAY,OTC,DOG,M,3,6,2,NORMAL,BICHON FRISE,WHITE
09/28/2011,STRAY,OTC,DOG,S,3,6,2,NORMAL,MIN PINSCHER,BLACK
09/28/2011,STRAY,FIELD,DOG,S,3,7,24,NORMAL,PIT BULL,BLUE
09/28/2011,STRAY,OTC,DOG,N,3,0,0,NORMAL,MIN PINSCHER,RED
09/28/2011,STRAY,FIELD,DOG,S,3,0,0,NORMAL,AMERICAN STAFF,BLACK
09/28/2011,STRAY,OTC,DOG,N,3,2,24,NORMAL,MALTESE,WHITE
09/28/2011,OWNER SUR,OTC,DOG,N,3,4,29,NORMAL,STAFFORDSHIRE,WHITE
09/28/2011,STRAY,FIELD,DOG,N,4,7,1,NORMAL,BLUE LACY,BLUE
09/28/2011,STRAY,FIELD,DOG,N,4,0,2,NORMAL,PARSON RUSS TER,TRICOLOR
09/28/2011,STRAY,FIELD,DOG,S,5,10,29,NORMAL,LABRADOR RETR,BLACK
09/28/2011,STRAY,OTC,DOG,N,8,0,27,NORMAL,BORDER COLLIE,BLACK
09/28/2011,OWNER SUR,OTC,CAT,M,7,0,1,SICK,DOMESTIC MH,BRN TABBY
09/28/2011,STRAY,OTC,DOG,N,8,0,2,INJURED,DACHSHUND,RED
09/28/2011,STRAY,OTC,DOG,M,8,0,2,NORMAL,CHIHUAHUA SH,TAN
09/28/2011,STRAY,OTC,DOG,S,8,0,2,NORMAL,GOLDEN RETR,GOLD
09/28/2011,STRAY,OTC,DOG,S,8,0,2,NORMAL,LABRADOR RETR,RED
09/28/2011,STRAY,EMERG CLC,DOG,N,10,6,4,INJURED,MIN PINSCHER,BLACK
09/28/2011,STRAY,FIELD,DOG,S,10,0,2,AGED,BORDER COLLIE,TRICOLOR
09/28/2011,STRAY,FIELD,DOG,N,13,0,27,AGED,CHOW CHOW,BLACK
09/28/2011,STRAY,FIELD,DOG,M,12,0,1,OTHER,LABRADOR RETR,CHOCOLATE
09/29/2011,OWNER SUR,OTC,CAT,N,0,4,16,NORMAL,DOMESTIC SH,ORG TABBY
09/29/2011,STRAY,OTC,DOG,S,0,6,16,NORMAL,LABRADOR RETR,CHOCOLATE
09/29/2011,STRAY,OTC,DOG,S,1,7,28,NORMAL,LABRADOR RETR,BLACK
09/29/2011,OWNER SUR,OTC,CAT,S,1,7,7,INJURED,DOMESTIC SH,BRN TABBY
09/29/2011,OWNER SUR,OTC,CAT,N,1,8,0,NORMAL,DOMESTIC SH,ORG TABBY
09/29/2011,STRAY,FIELD,DOG,S,1,10,1,NORMAL,PIT BULL,BR BRINDLE
09/29/2011,OWNER SUR,RETURN,DOG,S,2,0,19,NORMAL,PIT BULL,WHITE
09/29/2011,STRAY,FIELD,DOG,N,1,0,0,NORMAL,LABRADOR RETR,RED
09/29/2011,STRAY,OTC,CAT,N,1,0,0,NORMAL,DOMESTIC SH,ORG TABBY
09/29/2011,STRAY,FIELD,DOG,N,1,0,0,NORMAL,PIT BULL,TAN
09/29/2011,STRAY,OTC,DOG,M,1,0,13,NORMAL,LABRADOR RETR,YELLOW
09/29/2011,OWNER SUR,OTC,DOG,S,1,5,28,NORMAL,STAFFORDSHIRE,WHITE
09/29/2011,STRAY,FIELD,DOG,S,1,5,1,INJURED,AUST CATTLE DOG,WHITE
09/29/2011,STRAY,FIELD,DOG,S,1,5,1,NORMAL,KEESHOND,BROWN
09/29/2011,STRAY,OTC,DOG,M,2,6,2,NORMAL,PIT BULL,BLUE
09/29/2011,OWNER SUR,OTC,CAT,N,2,0,0,NORMAL,DOMESTIC SH,ORG TABBY
09/29/2011,STRAY,OTC,DOG,S,2,0,0,NORMAL,STAFFORDSHIRE,BLUE
09/29/2011,OWNER SUR,OTC,CAT,S,2,0,0,NORMAL,DOMESTIC SH,BRN TABBY
09/29/2011,OWNER SUR,OTC,DOG,S,3,8,13,NORMAL,CATAHOULA,TRICOLOR
09/29/2011,OWNER SUR,OTC,DOG,S,3,8,13,NORMAL,LABRADOR RETR,BLACK
09/29/2011,STRAY,OTC,DOG,S,3,0,0,NORMAL,CHIHUAHUA SH,TAN
09/29/2011,STRAY,FIELD,DOG,N,4,8,21,NORMAL,STAFFORDSHIRE,BROWN
09/29/2011,OWNER SUR,OTC,DOG,S,4,0,1,NORMAL,LABRADOR RETR,BLACK
09/29/2011,STRAY,FIELD,DOG,N,4,0,1,NORMAL,CHIHUAHUA SH,CHOCOLATE
09/29/2011,STRAY,OTC,CAT,S,4,0,1,NORMAL,SIAMESE,TORTIE PT
09/29/2011,STRAY,OTC,DOG,N,4,0,1,NORMAL,CHIHUAHUA SH,TAN
09/29/2011,OWNER SUR,OTC,DOG,F,4,0,1,NORMAL,BLACK MOUTH CUR,BROWN
09/29/2011,OWNER SUR,OTC,CAT,S,5,0,1,NORMAL,DOMESTIC MH,BLACK
09/29/2011,EUTH REQ,NO SUBTYPE,CAT,F,7,0,1,SICK,DOMESTIC MH,WHITE
09/29/2011,PUBLIC AST,QUARANTINE,DOG,N,7,0,3,NORMAL,PIT BULL,BL BRINDLE
09/29/2011,OWNER SUR,OTC,DOG,N,9,0,11,NORMAL,JACK RUSS TERR,BROWN
09/29/2011,OWNER SUR,OTC,DOG,N,8,0,2,NORMAL,JACK RUSS TERR,TRICOLOR
09/30/2011,STRAY,OTC,DOG,N,0,2,1,NORMAL,DACHSHUND,BLACK
09/30/2011,STRAY,OTC,CAT,S,0,2,5,NORMAL,DOMESTIC SH,BRN TABBY
09/30/2011,STRAY,OTC,DOG,S,1,6,2,NORMAL,AUST CATTLE DOG,TRICOLOR
09/30/2011,STRAY,FIELD,DOG,S,1,7,3,NORMAL,GERM SH POINT,WHITE
09/30/2011,PUBLIC AST,NO SUBTYPE,DOG,N,1,10,1,NORMAL,SCHNAUZER STAND,BROWN
09/30/2011,STRAY,FIELD,DOG,M,1,10,1,NORMAL,STAFFORDSHIRE,BR BRINDLE
09/30/2011,STRAY,FIELD,DOG,N,1,10,1,NORMAL,ENG SPRNGR SPAN,LIVER
09/30/2011,STRAY,FIELD,DOG,S,1,0,0,NORMAL,SHIH TZU,WHITE
09/30/2011,OWNER SUR,OTC,DOG,S,1,0,0,NORMAL,RAT TERRIER,BLACK
09/30/2011,STRAY,OTC,DOG,N,1,0,0,NORMAL,PIT BULL,RED
09/30/2011,STRAY,OTC,DOG,S,1,1,11,NORMAL,AUST CATTLE DOG,TAN
09/30/2011,STRAY,OTC,DOG,N,1,5,22,NORMAL,PIT BULL,BLACK
09/30/2011,STRAY,OTC,DOG,S,2,6,2,NORMAL,BEAGLE,BROWN
09/30/2011,STRAY,OTC,DOG,N,2,0,0,INJURED,RAT TERRIER,TRICOLOR
09/30/2011,STRAY,FIELD,DOG,N,2,0,0,NORMAL,ENG COONHOUND,BLACK
09/30/2011,STRAY,OTC,DOG,N,2,0,0,NORMAL,AMER BULLDOG,WHITE
09/30/2011,STRAY,FIELD,DOG,N,3,0,0,NORMAL,BEAGLE,WHITE
09/30/2011,OWNER SUR,RETURN,DOG,S,3,1,16,NORMAL,AUST CATTLE DOG,RED TICK
09/30/2011,STRAY,FIELD,DOG,N,4,9,25,NORMAL,BOXER,BROWN
09/30/2011,STRAY,FIELD,DOG,N,4,9,9,NORMAL,WELSH CORGI PEM,GOLD
09/30/2011,STRAY,OTC,DOG,M,4,0,1,NORMAL,MIN PINSCHER,BLACK
09/30/2011,STRAY,OTC,DOG,N,4,0,1,NORMAL,BOXER,BLACK
09/30/2011,STRAY,OTC,DOG,N,5,0,1,NORMAL,LABRADOR RETR,RED
09/30/2011,STRAY,OTC,CAT,S,5,0,1,NORMAL,MAINE COON,BRN TABBY
09/30/2011,OWNER SUR,RETURN,DOG,N,5,1,24,NORMAL,LABRADOR RETR,BLACK
09/30/2011,STRAY,OTC,DOG,N,5,5,15,NORMAL,BASSET HOUND,BROWN
09/30/2011,STRAY,EMERG CLC,DOG,S,8,9,11,INJURED,LABRADOR RETR,BUFF
09/30/2011,STRAY,OTC,DOG,S,8,11,0,NORMAL,GOLDEN RETR,RED
09/30/2011,STRAY,OTC,DOG,S,8,11,0,NORMAL,GOLDEN RETR,RED
09/30/2011,STRAY,FIELD,DOG,N,8,0,2,NORMAL,RAT TERRIER,TRICOLOR
09/30/2011,STRAY,FIELD,DOG,S,8,0,2,NORMAL,GERM SHEPHERD,BLACK
09/30/2011,STRAY,OTC,DOG,N,8,0,2,NORMAL,GERM SHEPHERD,BLACK
09/30/2011,STRAY,OTC,DOG,N,13,0,3,NORMAL,BELG MALINOIS,SABLE
09/30/2011,OWNER SUR,OTC,DOG,N,13,0,3,NORMAL,WEIMARANER,BLUE
09/30/2011,STRAY,OTC,DOG,N,13,6,17,NORMAL,CHIHUAHUA SH,TAN
09/30/2011,STRAY,FIELD,DOG,N,15,3,2,AGED,LABRADOR RETR,BLACK
10-01-11,OWNER SUR,OTC,DOG,S,0,1,3,NORMAL,BOXER,BLACK
10-01-11,OWNER SUR,OTC,CAT,S,0,1,10,NORMAL,DOMESTIC SH,CALICO
10-01-11,STRAY,OTC,CAT,N,0,2,15,NORMAL,DOMESTIC SH,BLACK
10-01-11,STRAY,OTC,CAT,N,0,2,15,NORMAL,DOMESTIC SH,BLACK
10-01-11,OWNER SUR,OTC,CAT,S,0,2,22,NORMAL,DOMESTIC SH,CALICO
10-01-11,OWNER SUR,OTC,CAT,N,0,2,22,NORMAL,DOMESTIC SH,BRN TABBY
10-01-11,OWNER SUR,OTC,CAT,N,0,2,22,NORMAL,DOMESTIC SH,BLACK
10-01-11,OWNER SUR,OTC,CAT,S,0,2,22,NORMAL,DOMESTIC SH,CALICO
10-01-11,OWNER SUR,OTC,DOG,N,0,2,0,NORMAL,ROTTWEILER,BLACK
10-01-11,OWNER SUR,OTC,DOG,S,0,2,0,NORMAL,ROTTWEILER,BLACK
10-01-11,OWNER SUR,OTC,DOG,S,0,2,0,NORMAL,ROTTWEILER,BLACK
10-01-11,OWNER SUR,OTC,DOG,N,0,2,0,NORMAL,ROTTWEILER,BLACK
10-01-11,OWNER SUR,OTC,DOG,S,0,2,0,NORMAL,MANCHESTER TERR,BLACK
10-01-11,STRAY,OTC,CAT,S,0,3,1,NORMAL,DOMESTIC SH,TORBIE
10-01-11,STRAY,FIELD,DOG,N,0,3,1,NORMAL,BASSET HOUND,BUFF
10-01-11,OWNER SUR,OTC,DOG,S,0,4,1,NORMAL,POINTER,TRICOLOR
10-01-11,PUBLIC AST,QUARANTINE,CAT,M,0,4,1,NORMAL,DOMESTIC SH,BLACK
10-01-11,STRAY,FIELD,DOG,N,0,6,16,NORMAL,AUST CATTLE DOG,BROWN
10-01-11,STRAY,FIELD,DOG,N,1,6,1,NORMAL,PIT BULL,BROWN
10-01-11,OWNER SUR,OTC,DOG,N,1,7,2,NORMAL,BORDER COLLIE,TRICOLOR
10-01-11,OWNER SUR,OTC,CAT,N,1,9,0,NORMAL,MAINE COON,BRN TABBY
10-01-11,OWNER SUR,OTC,CAT,N,1,9,0,NORMAL,DOMESTIC MH,BRN TABBY
10-01-11,OWNER SUR,OTC,CAT,N,1,9,0,NORMAL,DOMESTIC MH,BRN TABBY
10-01-11,OWNER SUR,OTC,CAT,S,1,9,0,NORMAL,BALINESE,CHOC PT
10-01-11,OWNER SUR,OTC,CAT,N,1,9,0,NORMAL,DOMESTIC MH,BLACK
10-01-11,STRAY,FIELD,DOG,M,1,0,0,NORMAL,AM PIT BULL TER,BLUE
10-01-11,STRAY,OTC,DOG,S,1,0,0,NORMAL,MIN PINSCHER,BLACK
10-01-11,STRAY,OTC,DOG,N,1,0,0,NORMAL,MIN PINSCHER,BLACK
10-01-11,STRAY,FIELD,DOG,N,1,0,0,NORMAL,CATAHOULA,BROWN
10-01-11,STRAY,OTC,DOG,S,1,0,0,NORMAL,DACHSHUND,TRICOLOR
10-01-11,STRAY,OTC,DOG,M,1,0,0,NORMAL,PIT BULL,BR BRINDLE
10-01-11,OWNER SUR,FIELD,DOG,N,1,0,2,NORMAL,POODLE MIN,BLACK
10-01-11,OWNER SUR,FIELD,DOG,N,1,0,2,NORMAL,MALTESE,WHITE
10-01-11,OWNER SUR,RETURN,DOG,N,1,1,16,NORMAL,NORFOLK TERRIER,BLACK
10-01-11,OWNER SUR,RETURN,DOG,N,1,1,16,NORMAL,NORFOLK TERRIER,BLACK
10-01-11,STRAY,OTC,CAT,S,1,6,27,NORMAL,DOMESTIC SH,BRN TABBY
10-01-11,STRAY,OTC,DOG,S,2,6,1,NORMAL,CHIHUAHUA SH,WHITE
10-01-11,STRAY,OTC,DOG,S,2,7,3,NORMAL,KUVASZ,WHITE
10-01-11,STRAY,OTC,CAT,S,2,0,0,NORMAL,DOMESTIC SH,BLACK
10-01-11,STRAY,OTC,CAT,S,2,0,0,NORMAL,DOMESTIC SH,BLACK
10-01-11,STRAY,OTC,CAT,N,2,0,0,NORMAL,DOMESTIC SH,BLACK
10-01-11,PUBLIC AST,QUARANTINE,DOG,N,2,5,0,NORMAL,CHIHUAHUA SH,BLUE
10-01-11,STRAY,OTC,CAT,N,2,6,1,NORMAL,DOMESTIC SH,BRN TABBY
10-01-11,STRAY,OTC,CAT,S,4,0,0,NORMAL,DOMESTIC MH,TORTIE
10-01-11,STRAY,OTC,DOG,N,3,0,0,NORMAL,CHIHUAHUA SH,CREAM
10-01-11,STRAY,OTC,DOG,N,3,0,0,NORMAL,CHIHUAHUA SH,CREAM
10-01-11,STRAY,OTC,DOG,S,3,0,0,NORMAL,MIN PINSCHER,RED
10-01-11,OWNER SUR,OTC,DOG,S,3,5,20,NORMAL,LABRADOR RETR,TAN
10-01-11,PUBLIC AST,QUARANTINE,DOG,N,4,7,25,NORMAL,PIT BULL,BLUE
10-01-11,STRAY,OTC,DOG,S,4,0,1,NORMAL,LABRADOR RETR,WHITE
10-01-11,STRAY,FIELD,CAT,N,4,6,17,NORMAL,DOMESTIC SH,BLACK
10-01-11,STRAY,FIELD,DOG,N,5,8,24,OTHER,AMER BULLDOG,WHITE
10-01-11,OWNER SUR,OTC,CAT,F,5,0,1,NORMAL,DOMESTIC SH,BLUE
10-01-11,OWNER SUR,OTC,CAT,N,5,4,1,NORMAL,DOMESTIC SH,ORG TABBY
10-01-11,STRAY,OTC,DOG,S,6,0,1,NORMAL,PUG,FAWN
10-01-11,STRAY,FIELD,DOG,S,6,0,1,NORMAL,WELSH CORGI PEM,RED
10-01-11,STRAY,OTC,DOG,N,7,0,1,NORMAL,NORWICH TERRIER,WHITE
10-01-11,STRAY,OTC,DOG,N,8,0,2,NORMAL,WELSH CORGI PEM,BROWN
10-01-11,OWNER SUR,OTC,DOG,N,9,0,2,NORMAL,LABRADOR RETR,YELLOW
10-01-11,STRAY,OTC,CAT,N,12,0,3,SICK,DOMESTIC SH,BRN TABBY
10-02-11,OWNER SUR,OTC,DOG,M,0,0,1,NURSING,LABRADOR RETR,SABLE
10-02-11,OWNER SUR,OTC,DOG,M,0,0,1,NURSING,LABRADOR RETR,SABLE
10-02-11,OWNER SUR,OTC,DOG,F,0,0,1,NURSING,LABRADOR RETR,SABLE
10-02-11,OWNER SUR,OTC,DOG,M,0,0,1,NURSING,LABRADOR RETR,BLACK
10-02-11,OWNER SUR,OTC,DOG,F,0,0,1,NURSING,LABRADOR RETR,WHITE
10-02-11,STRAY,OTC,CAT,S,0,1,22,NURSING,DOMESTIC SH,BRN TABBY
10-02-11,STRAY,OTC,CAT,S,0,1,22,NURSING,DOMESTIC SH,BRN TABBY
10-02-11,STRAY,OTC,CAT,S,0,1,22,NURSING,DOMESTIC SH,BRN TABBY
10-02-11,STRAY,OTC,DOG,F,0,2,0,SICK,CHIHUAHUA SH,FAWN
10-02-11,STRAY,OTC,DOG,N,0,2,7,NORMAL,BLACK/TAN HOUND,BLACK
10-02-11,STRAY,OTC,DOG,N,0,2,7,NORMAL,BLACK/TAN HOUND,BLACK
10-02-11,STRAY,OTC,DOG,N,0,3,15,NORMAL,GERM SHEPHERD,BLACK
10-02-11,PUBLIC AST,QUARANTINE,DOG,N,0,3,1,SICK,CHIHUAHUA SH,BLACK
10-02-11,OWNER SUR,OTC,CAT,S,0,4,1,NORMAL,DOMESTIC SH,ORG TABBY
10-02-11,OWNER SUR,OTC,CAT,S,0,4,1,NORMAL,DOMESTIC SH,ORG TABBY
10-02-11,OWNER SUR,OTC,CAT,N,0,4,1,NORMAL,DOMESTIC SH,ORG TABBY
10-02-11,STRAY,FIELD,CAT,U,0,4,1,SICK,DOMESTIC MH,BLACK
10-02-11,STRAY,OTC,DOG,S,0,5,11,NORMAL,AUST SHEPHERD,TRICOLOR
10-02-11,STRAY,OTC,DOG,N,0,6,14,NORMAL,DACHSHUND,BLACK
10-02-11,OWNER SUR,OTC,CAT,N,1,6,1,NORMAL,DOMESTIC SH,BRN TABBY
10-02-11,STRAY,FIELD,DOG,M,1,9,0,NORMAL,MASTIFF,BR BRINDLE
10-02-11,STRAY,FIELD,DOG,S,1,0,0,NORMAL,SCHNAUZER MIN,GRAY
10-02-11,STRAY,FIELD,DOG,S,2,6,1,NORMAL,POINTER,RED MERLE
10-02-11,STRAY,FIELD,DOG,M,2,6,1,NORMAL,GERM SHEPHERD,TAN
10-02-11,OWNER SUR,QUARANTINE,DOG,N,2,6,1,NORMAL,AUST CATTLE DOG,RED
10-02-11,STRAY,FIELD,DOG,N,2,6,1,NORMAL,GERM SHEPHERD,TAN
10-02-11,STRAY,OTC,DOG,N,2,9,4,NORMAL,PIT BULL,RED
10-02-11,STRAY,FIELD,DOG,S,2,0,0,NORMAL,LABRADOR RETR,BLACK
10-02-11,STRAY,FIELD,DOG,N,2,0,0,NORMAL,PIT BULL,BLUE
10-02-11,STRAY,OTC,DOG,N,2,5,1,NORMAL,PIT BULL,BR BRINDLE
10-02-11,STRAY,OTC,DOG,N,2,6,1,NORMAL,RAT TERRIER,TRICOLOR
10-02-11,STRAY,FIELD,DOG,S,3,9,21,NORMAL,CHOW CHOW,BROWN
10-02-11,OWNER SUR,OTC,CAT,S,3,0,0,INJURED,RAGDOLL,TORTIE PT
10-02-11,STRAY,OTC,DOG,N,3,0,0,NORMAL,LABRADOR RETR,BLACK
10-02-11,STRAY,OTC,DOG,N,3,1,27,NORMAL,LABRADOR RETR,BLACK
10-02-11,STRAY,OTC,DOG,S,4,0,1,NORMAL,PIT BULL,BLACK
10-02-11,OWNER SUR,OTC,DOG,N,4,6,22,NORMAL,BELG MALINOIS,BROWN
10-02-11,OWNER SUR,OTC,CAT,N,5,0,1,NORMAL,DOMESTIC SH,BLACK
10-02-11,OWNER SUR,OTC,DOG,S,6,10,1,NORMAL,PIT BULL,CHOCOLATE
10-02-11,STRAY,FIELD,DOG,N,6,0,1,NORMAL,BORDER COLLIE,BROWN
10-02-11,STRAY,OTC,DOG,N,6,0,1,NORMAL,MASTIFF,FAWN
10-02-11,STRAY,OTC,DOG,S,7,0,1,NORMAL,GERM SHEPHERD,RED
10-02-11,STRAY,OTC,DOG,S,7,0,1,NORMAL,GERM SHEPHERD,RED
10-02-11,STRAY,OTC,DOG,S,8,0,2,NORMAL,BASSET HOUND,BR BRINDLE
10-02-11,OWNER SUR,OTC,CAT,S,11,6,14,NORMAL,DOMESTIC LH,BLACK
10-02-11,STRAY,OTC,DOG,S,13,0,29,NORMAL,YORKSHIRE TERR,BLACK
10-02-11,OWNER SUR,OTC,CAT,S,12,5,23,NORMAL,DOMESTIC SH,TORTIE
10-02-11,STRAY,OTC,DOG,S,14,0,1,AGED,AUST SHEPHERD,BLUE MERLE
10-03-11,STRAY,OTC,CAT,N,0,1,15,NORMAL,DOMESTIC SH,ORG TABBY
10-03-11,STRAY,OTC,CAT,N,0,1,15,NORMAL,DOMESTIC SH,CRM TABBY
10-03-11,STRAY,EMERG CLC,DOG,S,0,2,0,NORMAL,CHIHUAHUA SH,BLACK
10-03-11,STRAY,EMERG CLC,DOG,S,0,2,0,NORMAL,POODLE TOY,GRAY
10-03-11,STRAY,EMERG CLC,DOG,N,0,2,0,NORMAL,CHIHUAHUA SH,WHITE
10-03-11,STRAY,EMERG CLC,DOG,F,0,2,0,NORMAL,CHIHUAHUA SH,BLACK
10-03-11,STRAY,EMERG CLC,DOG,S,0,2,0,NORMAL,CHIHUAHUA SH,BLACK
10-03-11,OWNER SUR,OTC,CAT,S,0,3,22,NORMAL,DOMESTIC LH,BLACK
10-03-11,OWNER SUR,OTC,CAT,S,0,3,22,NORMAL,DOMESTIC LH,BLACK
10-03-11,STRAY,OTC,DOG,F,0,3,27,NORMAL,ROTTWEILER,BLACK
10-03-11,PUBLIC AST,QUARANTINE,CAT,S,1,6,1,NORMAL,DOMESTIC SH,BLUE
10-03-11,OWNER SUR,OTC,DOG,N,1,7,7,NORMAL,BORDER COLLIE,BLACK
10-03-11,STRAY,OTC,DOG,N,1,10,1,NORMAL,BORDER COLLIE,BLACK
10-03-11,STRAY,FIELD,DOG,N,1,10,1,NORMAL,BLACK MOUTH CUR,BROWN
10-03-11,STRAY,OTC,CAT,N,1,10,1,NORMAL,DOMESTIC MH,BRN TABBY
10-03-11,OWNER SUR,OTC,DOG,S,1,0,0,NORMAL,PIT BULL,WHITE
10-03-11,PUBLIC AST,QUARANTINE,CAT,F,1,0,0,NORMAL,DOMESTIC SH,TORBIE
10-03-11,OWNER SUR,OTC,DOG,S,1,0,0,NORMAL,BOXER,WHITE
10-03-11,STRAY,OTC,DOG,F,1,0,0,NORMAL,AUST CATTLE DOG,BLACK
10-03-11,STRAY,FIELD,DOG,S,1,0,0,NORMAL,LHASA APSO,WHITE
10-03-11,STRAY,OTC,DOG,M,1,3,0,NORMAL,PIT BULL,BR BRINDLE
10-03-11,STRAY,FIELD,DOG,N,2,6,1,NORMAL,CHIHUAHUA LH,WHITE
10-03-11,STRAY,FIELD,DOG,S,2,6,1,NORMAL,LABRADOR RETR,BROWN
10-03-11,STRAY,OTC,DOG,S,2,6,1,NORMAL,SHIH TZU,BLACK
10-03-11,STRAY,OTC,DOG,N,2,6,1,NORMAL,BORDER COLLIE,BLACK
10-03-11,STRAY,FIELD,DOG,M,2,0,0,NORMAL,PIT BULL,WHITE
10-03-11,STRAY,EMERG CLC,DOG,S,3,9,3,INJURED,BORDER COLLIE,BLACK
10-03-11,STRAY,OTC,DOG,N,3,0,0,NORMAL,WOLF HYBRID,WHITE
10-03-11,STRAY,OTC,DOG,N,3,0,0,NORMAL,LABRADOR RETR,BLACK
10-03-11,STRAY,OTC,DOG,N,3,0,0,NORMAL,BORDER COLLIE,WHITE
10-03-11,PUBLIC AST,QUARANTINE,DOG,M,5,0,18,NORMAL,GERM SHEPHERD,BLACK
10-03-11,PUBLIC AST,OIJ,CAT,S,5,7,1,NORMAL,DOMESTIC SH,BRN TABBY
10-03-11,PUBLIC AST,OIJ,CAT,N,5,0,1,NORMAL,MAINE COON,BRN TABBY
10-03-11,OWNER SUR,OTC,CAT,N,5,0,1,NORMAL,DOMESTIC SH,WHITE
10-03-11,OWNER SUR,OTC,DOG,S,5,0,1,NORMAL,GERM SH POINT,BLACK
10-03-11,STRAY,OTC,DOG,S,6,0,1,NORMAL,POODLE MIN,WHITE
10-03-11,PUBLIC AST,OIJ,CAT,S,7,0,1,NORMAL,DOMESTIC SH,BRN TABBY
10-03-11,STRAY,OTC,DOG,S,7,0,7,NORMAL,GOLDEN RETR,GOLD
10-03-11,EUTH REQ,NO SUBTYPE,DOG,N,7,5,12,SICK,BOSTON TERRIER,BLACK
10-03-11,OWNER SUR,OTC,DOG,N,9,0,24,NORMAL,LABRADOR RETR,BLACK
10-03-11,STRAY,OTC,CAT,S,8,0,2,NORMAL,BRITISH SH,ORG TABBY
10-03-11,STRAY,OTC,DOG,S,8,0,2,NORMAL,CHIHUAHUA SH,WHITE
10-03-11,STRAY,EMERG CLC,CAT,S,13,0,25,SICK,DOMESTIC LH,BLACK
10-04-11,OWNER SUR,OTC,CAT,S,0,2,15,NORMAL,DOMESTIC SH,CALICO
10-04-11,OWNER SUR,OTC,CAT,S,0,2,15,NORMAL,DOMESTIC SH,TORTIE
10-04-11,STRAY,OTC,DOG,N,0,2,22,NORMAL,LABRADOR RETR,BLACK
10-04-11,STRAY,OTC,DOG,S,0,3,15,NORMAL,PLOTT HOUND,BL BRINDLE
10-04-11,OWNER SUR,OTC,DOG,S,0,4,16,NORMAL,SIBERIAN HUSKY,BLACK
10-04-11,STRAY,OTC,CAT,S,0,4,16,NORMAL,DOMESTIC SH,BRN TABBY
10-04-11,STRAY,FIELD,DOG,S,0,5,1,NORMAL,DALMATIAN,WHITE
10-04-11,STRAY,OTC,CAT,N,0,5,1,NORMAL,DOMESTIC SH,ORG TABBY
10-04-11,STRAY,FIELD,DOG,S,0,5,1,NORMAL,BLACK/TAN HOUND,BLACK
10-04-11,STRAY,OTC,DOG,N,0,6,16,NORMAL,BOXER,BLACK
10-04-11,OWNER SUR,OTC,CAT,S,1,6,1,NORMAL,DOMESTIC SH,BRN TABBY
10-04-11,STRAY,OTC,DOG,M,1,7,2,NORMAL,PIT BULL,BROWN
10-04-11,STRAY,OTC,DOG,N,1,9,0,NORMAL,VIZSLA,RED
10-04-11,STRAY,OTC,DOG,S,1,9,0,NORMAL,YORKSHIRE TERR,BLACK
10-04-11,STRAY,FIELD,DOG,M,1,0,0,NORMAL,PIT BULL,BROWN
10-04-11,STRAY,EMERG CLC,DOG,M,1,0,0,INJURED,FINNISH SPITZ,WHITE
10-04-11,STRAY,FIELD,DOG,N,2,6,1,NORMAL,LABRADOR RETR,BLACK
10-04-11,STRAY,OTC,DOG,N,2,6,1,NORMAL,GREAT PYRENEES,WHITE
10-04-11,STRAY,EMERG CLC,DOG,N,2,6,1,INJURED,RAT TERRIER,WHITE
10-04-11,STRAY,OTC,CAT,N,2,0,0,NORMAL,SIAMESE,FLAME PT
10-04-11,STRAY,FIELD,DOG,S,2,0,0,NORMAL,RAT TERRIER,WHITE
10-04-11,OWNER SUR,OTC,DOG,N,2,0,0,NORMAL,BASSET HOUND,TRICOLOR
10-04-11,OWNER SUR,OTC,DOG,S,2,0,0,NORMAL,BASSET HOUND,TRICOLOR
10-04-11,STRAY,FIELD,DOG,N,2,0,0,INJURED,PUG,TAN
10-04-11,STRAY,OTC,CAT,N,2,0,0,NORMAL,DOMESTIC SH,WHITE
10-04-11,STRAY,OTC,CAT,S,2,5,21,NORMAL,DOMESTIC LH,BLUE
10-04-11,STRAY,OTC,CAT,N,4,0,27,NORMAL,DOMESTIC SH,BLUE TABBY
10-04-11,STRAY,OTC,CAT,N,3,0,0,NORMAL,DOMESTIC SH,BRN TABBY
10-04-11,STRAY,FIELD,DOG,S,3,0,0,NORMAL,JACK RUSS TERR,WHITE
10-04-11,STRAY,OTC,DOG,M,3,0,0,NORMAL,BULLDOG,BLUE
10-04-11,STRAY,FIELD,DOG,S,3,4,20,NORMAL,RAT TERRIER,WHITE
10-04-11,STRAY,OTC,CAT,S,5,0,28,NORMAL,DOMESTIC SH,ORG TABBY
10-04-11,OWNER SUR,QUARANTINE,DOG,N,4,0,1,NORMAL,LHASA APSO,BLACK
10-04-11,OWNER SUR,QUARANTINE,DOG,N,4,0,1,NORMAL,LHASA APSO,CHOCOLATE
10-04-11,OWNER SUR,FIELD,DOG,S,4,0,1,NORMAL,LHASA APSO,BLACK
10-04-11,PUBLIC AST,QUARANTINE,DOG,S,4,0,1,NORMAL,PIT BULL,BR BRINDLE
10-04-11,STRAY,OTC,DOG,S,4,0,1,NORMAL,LABRADOR RETR,BLACK
10-04-11,STRAY,OTC,DOG,S,4,0,1,NORMAL,LABRADOR RETR,BLACK
10-04-11,OWNER SUR,OTC,DOG,S,4,5,2,NORMAL,BASSET HOUND,TRICOLOR
10-04-11,STRAY,FIELD,CAT,M,7,0,1,INJURED,DOMESTIC SH,ORG TABBY
10-04-11,STRAY,FIELD,DOG,S,7,0,1,NORMAL,LABRADOR RETR,WHITE
10-04-11,STRAY,FIELD,CAT,S,10,0,2,SICK,DOMESTIC SH,BRN TABBY
10-05-11,STRAY,OTC,CAT,S,0,1,7,NORMAL,DOMESTIC SH,ORG TABBY
10-05-11,STRAY,OTC,CAT,N,0,1,7,NORMAL,DOMESTIC SH,BRN TABBY
10-05-11,STRAY,OTC,CAT,N,0,1,7,NORMAL,DOMESTIC SH,ORG TABBY
10-05-11,STRAY,OTC,CAT,N,0,1,7,NORMAL,DOMESTIC SH,ORG TABBY
10-05-11,STRAY,OTC,CAT,M,0,2,15,NORMAL,DOMESTIC SH,BRN TABBY
10-05-11,OWNER SUR,OTC,DOG,N,0,2,15,NORMAL,ROTTWEILER,BLACK
10-05-11,STRAY,OTC,CAT,N,0,2,20,NORMAL,DOMESTIC MH,BRN TABBY
10-05-11,STRAY,FIELD,DOG,N,0,4,16,NORMAL,LABRADOR RETR,WHITE
10-05-11,OWNER SUR,OTC,CAT,N,0,4,1,NORMAL,DOMESTIC SH,BLACK
10-05-11,OWNER SUR,OTC,CAT,S,0,4,1,NORMAL,DOMESTIC SH,BLACK
10-05-11,STRAY,OTC,DOG,N,0,4,9,NORMAL,BORDER COLLIE,BLACK
10-05-11,STRAY,OTC,DOG,N,0,5,1,NORMAL,PLOTT HOUND,BR BRINDLE
10-05-11,STRAY,FIELD,DOG,N,0,5,1,NORMAL,GERM SHEPHERD,BROWN
10-05-11,STRAY,OTC,DOG,N,1,6,1,NORMAL,PIT BULL,BLUE
10-05-11,PUBLIC AST,SURGERY,CAT,S,1,7,18,NORMAL,DOMESTIC SH,TORTIE
10-05-11,OWNER SUR,OTC,DOG,S,1,0,0,NORMAL,YORKSHIRE TERR,BLACK
10-05-11,STRAY,FIELD,CAT,M,1,0,0,INJURED,DOMESTIC SH,BLACK
10-05-11,STRAY,OTC,DOG,N,1,0,0,NORMAL,PUG,TAN
10-05-11,STRAY,FIELD,DOG,N,1,5,27,NORMAL,GREYHOUND,WHITE
10-05-11,STRAY,OTC,DOG,N,2,6,1,NORMAL,CHIHUAHUA SH,TAN
10-05-11,OWNER SUR,OTC,DOG,S,2,6,1,NORMAL,PIT BULL,BROWN
10-05-11,STRAY,OTC,DOG,N,2,6,1,NORMAL,CATAHOULA,TRICOLOR
10-05-11,STRAY,FIELD,DOG,S,2,0,0,NORMAL,CHIHUAHUA LH,TAN
10-05-11,STRAY,FIELD,DOG,N,2,0,0,INJURED,AUST CATTLE DOG,RED MERLE
10-05-11,STRAY,FIELD,DOG,N,4,0,11,NORMAL,STAFFORDSHIRE,BROWN
10-05-11,STRAY,FIELD,DOG,N,3,0,0,NORMAL,PIT BULL,BLACK
10-05-11,PUBLIC AST,QUARANTINE,CAT,N,4,6,2,NORMAL,DOMESTIC SH,BRN TABBY
10-05-11,STRAY,OTC,DOG,N,4,10,16,NORMAL,CAIRN TERRIER,TAN
10-05-11,STRAY,FIELD,DOG,N,4,10,11,INJURED,POINTER,WHITE
10-05-11,STRAY,OTC,DOG,S,6,9,19,NORMAL,AUST CATTLE DOG,WHITE
10-05-11,STRAY,OTC,DOG,M,6,0,1,NORMAL,DACHSHUND,RED
10-05-11,STRAY,FIELD,DOG,N,7,10,25,NORMAL,PIT BULL,CHOCOLATE
10-05-11,STRAY,OTC,DOG,S,8,0,26,INJURED,AUST SHEPHERD,BLUE MERLE
10-05-11,PUBLIC AST,EMERGENCY,DOG,N,7,0,1,NORMAL,LABRADOR RETR,BLACK
10-05-11,STRAY,OTC,DOG,N,9,0,2,NORMAL,SHIH TZU,WHITE
10-05-11,STRAY,FIELD,DOG,N,9,0,2,NORMAL,GERM SHEPHERD,BLACK
10-06-11,STRAY,OTC,CAT,U,0,0,0,NORMAL,DOMESTIC SH,BRN TABBY
10-06-11,OWNER SUR,OTC,CAT,N,0,2,22,NORMAL,DOMESTIC SH,BRN TABBY
10-06-11,OWNER SUR,OTC,CAT,M,0,2,22,NORMAL,DOMESTIC SH,BRN TABBY
10-06-11,OWNER SUR,OTC,CAT,N,0,2,22,NORMAL,DOMESTIC SH,ORG TABBY
10-06-11,OWNER SUR,OTC,CAT,S,0,2,22,NORMAL,DOMESTIC SH,BRN TABBY
10-06-11,STRAY,OTC,CAT,N,0,2,22,NORMAL,DOMESTIC SH,CRM TABBY
10-06-11,STRAY,OTC,CAT,N,0,2,22,NORMAL,DOMESTIC SH,CRM TABBY
10-06-11,STRAY,OTC,DOG,S,0,2,0,NORMAL,ROTTWEILER,BLACK
10-06-11,OWNER SUR,OTC,DOG,N,0,3,15,NORMAL,AUST CATTLE DOG,BLUE TICK
10-06-11,OWNER SUR,OTC,DOG,S,0,3,15,NORMAL,AUST CATTLE DOG,BLUE MERLE
10-06-11,OWNER SUR,OTC,DOG,S,0,3,15,NORMAL,AUST CATTLE DOG,BLUE MERLE
10-06-11,STRAY,OTC,CAT,N,0,3,4,NORMAL,DOMESTIC SH,ORG TABBY
10-06-11,STRAY,OTC,CAT,S,0,4,27,NORMAL,DOMESTIC SH,BRN TABBY
10-06-11,STRAY,OTC,CAT,S,0,4,8,NORMAL,DOMESTIC SH,TORTIE
10-06-11,STRAY,OTC,DOG,S,0,6,16,NORMAL,PIT BULL,BLACK
10-06-11,OWNER SUR,OTC,CAT,S,1,6,1,NORMAL,DOMESTIC MH,TORBIE
10-06-11,STRAY,FIELD,DOG,N,1,6,1,NORMAL,PLOTT HOUND,BR BRINDLE
10-06-11,STRAY,FIELD,DOG,S,1,7,2,NORMAL,BOXER,BR BRINDLE
10-06-11,STRAY,OTC,DOG,N,1,7,2,NORMAL,GERM SHEPHERD,TAN
10-06-11,STRAY,FIELD,DOG,N,1,10,1,NORMAL,PIT BULL,BLUE
10-06-11,STRAY,FIELD,DOG,S,1,10,1,NORMAL,LABRADOR RETR,BROWN
10-06-11,STRAY,OTC,DOG,N,1,10,1,NORMAL,CHIHUAHUA SH,BR BRINDLE
10-06-11,STRAY,EMERG CLC,DOG,S,1,11,1,NORMAL,LABRADOR RETR,WHITE
10-06-11,STRAY,EMERG CLC,DOG,N,1,11,7,NORMAL,CHIHUAHUA SH,BLACK
10-06-11,STRAY,FIELD,DOG,N,1,0,0,NORMAL,CHIHUAHUA LH,CHOCOLATE
10-06-11,STRAY,FIELD,DOG,N,1,0,0,NORMAL,CHIHUAHUA LH,TAN
10-06-11,STRAY,FIELD,DOG,S,1,0,0,NORMAL,BRUSS GRIFFON,TAN
10-06-11,STRAY,OTC,DOG,S,1,0,0,NORMAL,CHIHUAHUA SH,CHOCOLATE
10-06-11,STRAY,FIELD,DOG,M,1,0,0,NORMAL,GREAT PYRENEES,WHITE
10-06-11,STRAY,OTC,CAT,S,1,0,0,NORMAL,DOMESTIC SH,BLACK
10-06-11,OWNER SUR,RETURN,CAT,S,1,4,23,NORMAL,DOMESTIC MH,BLUE TABBY
10-06-11,OWNER SUR,OTC,DOG,N,2,11,15,NORMAL,DACHSHUND LH,TAN
10-06-11,STRAY,FIELD,DOG,M,2,0,0,NORMAL,PIT BULL,BLACK
10-06-11,STRAY,OTC,DOG,S,2,0,0,NORMAL,CHIHUAHUA SH,SABLE
10-06-11,PUBLIC AST,QUARANTINE,DOG,N,2,0,0,NORMAL,AUST CATTLE DOG,BLACK
10-06-11,STRAY,OTC,DOG,S,2,1,9,NORMAL,DACHSHUND,CHOCOLATE
10-06-11,STRAY,QUARANTINE,DOG,N,3,0,0,NORMAL,AUST CATTLE DOG,TAN
10-06-11,STRAY,FIELD,DOG,N,4,0,1,NORMAL,COLLIE ROUGH,WHITE
10-06-11,PUBLIC AST,QUARANTINE,DOG,F,5,0,4,NORMAL,PIT BULL,BROWN
10-06-11,STRAY,FIELD,DOG,S,6,0,1,INJURED,SCHNAUZER MIN,GRAY
10-06-11,OWNER SUR,OTC,CAT,S,7,0,1,NORMAL,DOMESTIC SH,BRN TABBY
10-06-11,OWNER SUR,OTC,CAT,S,7,4,24,NORMAL,MAINE COON,BLACK
10-06-11,STRAY,FIELD,DOG,N,8,0,2,NORMAL,AUST CATTLE DOG,BROWN
10-06-11,STRAY,OTC,CAT,S,8,0,2,SICK,DOMESTIC MH,BLACK
10-06-11,OWNER SUR,OTC,CAT,N,9,0,2,NORMAL,DOMESTIC SH,BRN TABBY
10-06-11,PUBLIC AST,QUARANTINE,DOG,N,10,8,17,NORMAL,ROTTWEILER,BLACK
10-06-11,OWNER SUR,OTC,CAT,S,10,0,2,NORMAL,DOMESTIC SH,BLACK
10-06-11,OWNER SUR,OTC,CAT,S,11,0,2,NORMAL,SIAMESE,LYNX PT
10-06-11,OWNER SUR,OTC,CAT,S,11,0,2,NORMAL,DOMESTIC SH,BRN TABBY
10-06-11,OWNER SUR,OTC,CAT,N,11,0,2,NORMAL,DOMESTIC SH,BRN TABBY
10-06-11,STRAY,OTC,DOG,N,14,0,3,NORMAL,SHIBA INU,RED
10-06-11,STRAY,EMERG CLC,DOG,F,NO AGE,NURSING,LABRADOR RETR,BLACK,,
10-06-11,STRAY,EMERG CLC,DOG,F,NO AGE,NURSING,LABRADOR RETR,BROWN,,
10-07-11,OWNER SUR,OTC,DOG,N,0,1,14,NORMAL,LABRADOR RETR,BLACK
10-07-11,OWNER SUR,OTC,DOG,S,0,1,14,NORMAL,LABRADOR RETR,BLACK
10-07-11,OWNER SUR,OTC,DOG,N,0,1,14,NORMAL,LABRADOR RETR,BLACK
10-07-11,OWNER SUR,OTC,DOG,N,0,1,14,NORMAL,LABRADOR RETR,CREAM
10-07-11,OWNER SUR,OTC,DOG,N,0,1,14,NORMAL,LABRADOR RETR,BLACK
10-07-11,OWNER SUR,OTC,DOG,S,0,1,14,NORMAL,LABRADOR RETR,BLACK
10-07-11,OWNER SUR,OTC,DOG,S,0,1,14,NORMAL,LABRADOR RETR,BLACK
10-07-11,STRAY,OTC,CAT,N,0,2,15,NORMAL,DOMESTIC SH,BLUE TABBY
10-07-11,OWNER SUR,OTC,CAT,S,0,2,22,NORMAL,DOMESTIC SH,BLACK
10-07-11,OWNER SUR,OTC,CAT,M,0,2,22,NORMAL,DOMESTIC MH,WHITE
10-07-11,OWNER SUR,OTC,CAT,N,0,2,22,NORMAL,DOMESTIC SH,BLACK
10-07-11,OWNER SUR,OTC,CAT,S,0,2,22,NORMAL,DOMESTIC MH,BLACK
10-07-11,OWNER SUR,OTC,CAT,S,0,2,23,NORMAL,DOMESTIC SH,BLK SMOKE
10-07-11,OWNER SUR,OTC,CAT,S,0,2,23,NORMAL,DOMESTIC SH,BLACK
10-07-11,OWNER SUR,OTC,DOG,S,0,2,0,NORMAL,LABRADOR RETR,RED
10-07-11,OWNER SUR,OTC,DOG,S,0,2,0,NORMAL,LABRADOR RETR,BLACK
10-07-11,OWNER SUR,OTC,DOG,S,0,2,0,NORMAL,LABRADOR RETR,BLACK
10-07-11,STRAY,OTC,CAT,S,0,2,0,NORMAL,SIAMESE,LYNX PT
10-07-11,OWNER SUR,OTC,CAT,N,0,2,5,NORMAL,DOMESTIC SH,BLACK
10-07-11,OWNER SUR,OTC,CAT,S,0,5,16,NORMAL,DOMESTIC SH,TORTIE
10-07-11,OWNER SUR,OTC,CAT,N,0,5,16,NORMAL,DOMESTIC SH,BLUE
10-07-11,STRAY,OTC,DOG,N,1,7,11,NORMAL,LABRADOR RETR,BLACK
10-07-11,STRAY,FIELD,DOG,S,1,9,0,NORMAL,CATAHOULA,BR BRINDLE
10-07-11,OWNER SUR,OTC,CAT,N,1,9,0,NORMAL,DOMESTIC SH,CREAM
10-07-11,STRAY,OTC,CAT,S,1,9,0,NORMAL,DOMESTIC SH,BRN TABBY
10-07-11,STRAY,OTC,DOG,N,1,9,1,NORMAL,ROTTWEILER,BLACK
10-07-11,OWNER SUR,OTC,CAT,S,1,3,4,NORMAL,DOMESTIC SH,BLACK
10-07-11,OWNER SUR,OTC,DOG,S,1,3,9,NORMAL,STAFFORDSHIRE,BR BRINDLE
10-07-11,STRAY,OTC,DOG,S,1,4,27,NORMAL,AUST SHEPHERD,BR BRINDLE
10-07-11,STRAY,FIELD,DOG,S,2,6,1,NORMAL,GREAT PYRENEES,WHITE
10-07-11,STRAY,OTC,DOG,N,2,8,24,NORMAL,MANCHESTER TERR,BLACK
10-07-11,OWNER SUR,OTC,DOG,N,2,9,16,NORMAL,PIT BULL,BLUE
10-07-11,STRAY,FIELD,DOG,M,2,11,9,NORMAL,BOXER,RED
10-07-11,STRAY,OTC,CAT,N,2,0,0,FERAL,DOMESTIC LH,BLACK
10-07-11,STRAY,FIELD,DOG,N,2,0,0,NORMAL,GERM SHEPHERD,BUFF
10-07-11,OWNER SUR,QUARANTINE,CAT,S,2,2,9,NORMAL,MAINE COON,BLUE TABBY
10-07-11,PUBLIC AST,QUARANTINE,DOG,S,2,4,1,NORMAL,BORDER COLLIE,BLACK
10-07-11,STRAY,OTC,DOG,N,4,0,21,NORMAL,PIT BULL,WHITE
10-07-11,STRAY,FIELD,DOG,S,4,0,21,NORMAL,PEKINGESE,WHITE
10-07-11,STRAY,FIELD,DOG,S,3,0,0,NORMAL,PUG,BLACK
10-07-11,OWNER SUR,FIELD,DOG,M,3,0,1,NORMAL,LABRADOR RETR,BROWN
10-07-11,OWNER SUR,OTC,DOG,N,3,4,2,NORMAL,LABRADOR RETR,BLACK
10-07-11,STRAY,OTC,DOG,S,5,0,1,NORMAL,WEIMARANER,BLUE
10-07-11,OWNER SUR,RETURN,CAT,N,5,1,6,NORMAL,MANX,ORG TABBY
10-07-11,STRAY,FIELD,DOG,N,6,3,0,NORMAL,PEKINGESE,CREAM
10-07-11,STRAY,OTC,DOG,S,8,0,2,NORMAL,LABRADOR RETR,BROWN
10-07-11,STRAY,OTC,CAT,S,10,0,3,NORMAL,SIAMESE,SEAL PT
10-08-11,STRAY,OTC,CAT,N,0,2,0,NORMAL,DOMESTIC MH,BLUE
10-08-11,STRAY,QUARANTINE,CAT,S,0,2,17,NORMAL,DOMESTIC SH,ORG TABBY
10-08-11,STRAY,OTC,CAT,N,0,2,1,NORMAL,DOMESTIC SH,BLACK
10-08-11,STRAY,OTC,CAT,N,0,3,1,NORMAL,DOMESTIC SH,BLACK
10-08-11,OWNER SUR,OTC,DOG,S,0,4,16,NORMAL,LABRADOR RETR,WHITE
10-08-11,OWNER SUR,OTC,DOG,S,0,4,16,NORMAL,LABRADOR RETR,WHITE
10-08-11,STRAY,OTC,CAT,S,0,4,1,NORMAL,DOMESTIC SH,BLACK
10-08-11,STRAY,OTC,CAT,S,1,8,28,NORMAL,DOMESTIC MH,CALICO
10-08-11,OWNER SUR,OTC,DOG,N,1,9,0,INJURED,CHIHUAHUA SH,BR BRINDLE
10-08-11,STRAY,FIELD,DOG,N,1,9,0,NORMAL,SIBERIAN HUSKY,BLACK
10-08-11,STRAY,FIELD,DOG,N,1,10,27,NORMAL,LABRADOR RETR,BLACK
10-08-11,OWNER SUR,OTC,DOG,N,1,10,1,NORMAL,QUEENSLAND HEEL,BLACK
10-08-11,OWNER SUR,OTC,DOG,N,1,10,1,NORMAL,POINTER,WHITE
10-08-11,STRAY,FIELD,DOG,S,1,11,15,NORMAL,GERM SHEPHERD,BROWN
10-08-11,STRAY,OTC,CAT,N,1,11,0,NORMAL,DOMESTIC SH,BLACK
10-08-11,STRAY,OTC,CAT,S,1,0,0,NORMAL,DOMESTIC SH,TORBIE
10-08-11,STRAY,FIELD,DOG,N,1,0,0,NORMAL,CHIHUAHUA SH,CHOCOLATE
10-08-11,OWNER SUR,OTC,CAT,N,1,0,0,NORMAL,DOMESTIC SH,WHITE
10-08-11,STRAY,OTC,CAT,S,1,0,0,NORMAL,DOMESTIC SH,CALICO
10-08-11,STRAY,OTC,DOG,S,1,0,0,NORMAL,LABRADOR RETR,BUFF
10-08-11,OWNER SUR,OTC,DOG,N,1,1,18,NORMAL,PIT BULL,BROWN
10-08-11,OWNER SUR,OTC,DOG,S,1,2,23,NORMAL,LABRADOR RETR,WHITE
10-08-11,PUBLIC AST,NO SUBTYPE,DOG,N,1,3,7,NORMAL,PIT BULL,TAN
10-08-11,PUBLIC AST,NO SUBTYPE,DOG,N,1,4,1,NORMAL,PEKINGESE,BROWN
10-08-11,OWNER SUR,FIELD,DOG,N,1,5,1,NORMAL,GERM SHEPHERD,BROWN
10-08-11,STRAY,OTC,DOG,N,2,6,1,NORMAL,CHIHUAHUA SH,TAN
10-08-11,STRAY,OTC,DOG,S,2,6,1,NORMAL,BORDER COLLIE,TRICOLOR
10-08-11,PUBLIC AST,QUARANTINE,DOG,S,2,0,0,NORMAL,CHIHUAHUA SH,TAN
10-08-11,PUBLIC AST,QUARANTINE,DOG,N,2,0,0,NORMAL,DACHSHUND,BLACK
10-08-11,OWNER SUR,OTC,DOG,S,2,0,0,NORMAL,BLOODHOUND,RED
10-08-11,STRAY,FIELD,DOG,N,2,0,0,NORMAL,RAT TERRIER,TRICOLOR
10-08-11,PUBLIC AST,NO SUBTYPE,DOG,N,2,0,0,NORMAL,AM PIT BULL TER,WHITE
10-08-11,STRAY,OTC,CAT,S,2,0,0,NORMAL,DOMESTIC SH,BLUE
10-08-11,OWNER SUR,NO SUBTYPE,DOG,S,2,2,21,NORMAL,PIT BULL,FAWN
10-08-11,OWNER SUR,OTC,CAT,N,2,6,20,NORMAL,DOMESTIC SH,CRM TABBY
10-08-11,OWNER SUR,OTC,DOG,M,2,6,1,NORMAL,PIT BULL,RED
10-08-11,STRAY,FIELD,DOG,N,3,0,0,NORMAL,CAIRN TERRIER,CREAM
10-08-11,STRAY,OTC,CAT,N,3,0,0,NORMAL,DOMESTIC SH,WHITE
10-08-11,OWNER SUR,OTC,CAT,N,3,5,1,NORMAL,DOMESTIC SH,BLACK
10-08-11,STRAY,OTC,DOG,N,5,0,1,NORMAL,LABRADOR RETR,TAN
10-08-11,OWNER SUR,OTC,CAT,N,6,0,1,NORMAL,DOMESTIC SH,ORG TABBY
10-08-11,STRAY,FIELD,DOG,N,6,0,1,NORMAL,JACK RUSS TERR,RED
10-08-11,STRAY,FIELD,DOG,F,8,0,2,NORMAL,CHIHUAHUA SH,TAN
10-08-11,STRAY,OTC,DOG,N,10,0,2,NORMAL,LHASA APSO,BLACK
10-09-11,OWNER SUR,OTC,CAT,F,0,2,15,NORMAL,DOMESTIC SH,TORTIE
10-09-11,OWNER SUR,OTC,CAT,N,0,2,15,NORMAL,DOMESTIC SH,WHITE
10-09-11,OWNER SUR,OTC,CAT,N,0,2,15,NORMAL,DOMESTIC SH,BLACK
10-09-11,OWNER SUR,OTC,CAT,S,0,2,15,NORMAL,DOMESTIC SH,CALICO
10-09-11,OWNER SUR,OTC,CAT,N,0,2,15,NORMAL,DOMESTIC SH,SLVR TABBY
10-09-11,OWNER SUR,OTC,CAT,S,0,2,26,NORMAL,DOMESTIC SH,TORBIE
10-09-11,OWNER SUR,OTC,CAT,S,0,2,26,NORMAL,DOMESTIC SH,TORTIE
10-09-11,STRAY,OTC,CAT,N,0,3,27,NORMAL,DOMESTIC SH,ORG TABBY
10-09-11,OWNER SUR,OTC,DOG,N,0,3,1,NORMAL,PIT BULL,BR BRINDLE
10-09-11,OWNER SUR,RETURN,CAT,N,0,3,8,NORMAL,DOMESTIC SH,BLUE
10-09-11,STRAY,OTC,CAT,N,0,4,26,NORMAL,DOMESTIC SH,WHITE
10-09-11,STRAY,OTC,DOG,N,0,4,1,NORMAL,PIT BULL,CHOCOLATE
10-09-11,OWNER SUR,OTC,DOG,N,0,5,1,NORMAL,GOLDEN RETR,RED
10-09-11,STRAY,OTC,CAT,S,1,6,1,NORMAL,DOMESTIC SH,BLACK
10-09-11,STRAY,OTC,DOG,N,1,6,9,NORMAL,PIT BULL,BROWN
10-09-11,STRAY,OTC,CAT,S,1,7,2,NORMAL,DOMESTIC SH,BRN TABBY
10-09-11,STRAY,OTC,CAT,S,1,7,2,NORMAL,DOMESTIC SH,WHITE
10-09-11,PUBLIC AST,QUARANTINE,DOG,N,1,10,1,NORMAL,HAVANESE,WHITE
10-09-11,STRAY,FIELD,DOG,N,1,10,1,INJURED,CHIHUAHUA SH,TRICOLOR
10-09-11,OWNER SUR,OTC,CAT,S,1,0,0,NORMAL,DOMESTIC SH,TORTIE
10-09-11,STRAY,FIELD,DOG,N,1,0,0,NORMAL,RAT TERRIER,TRICOLOR
10-09-11,STRAY,FIELD,DOG,F,1,0,0,NORMAL,AMER BULLDOG,CHOCOLATE
10-09-11,STRAY,FIELD,DOG,M,1,0,0,NORMAL,AMER BULLDOG,CHOCOLATE
10-09-11,OWNER SUR,OTC,DOG,S,1,0,0,NORMAL,PIT BULL,BLACK
10-09-11,STRAY,OTC,DOG,S,1,0,0,NORMAL,AUST CATTLE DOG,RED
10-09-11,STRAY,OTC,DOG,S,1,0,0,NORMAL,RHOD RIDGEBACK,RED
10-09-11,OWNER SUR,OTC,DOG,N,2,6,1,NORMAL,PLOTT HOUND,BR BRINDLE
10-09-11,STRAY,FIELD,DOG,M,2,6,1,INJURED,SIBERIAN HUSKY,GRAY
10-09-11,STRAY,OTC,DOG,N,2,6,1,NORMAL,AUST SHEPHERD,RED
10-09-11,OWNER SUR,RETURN,DOG,S,2,7,17,NORMAL,DACHSHUND,RED
10-09-11,OWNER SUR,OTC,DOG,S,2,0,0,NORMAL,SHIH TZU,BLACK
10-09-11,OWNER SUR,OTC,DOG,S,2,0,0,NORMAL,SHIH TZU,WHITE
10-09-11,OWNER SUR,OTC,DOG,S,2,6,1,NORMAL,GERM SHEPHERD,BLACK
10-09-11,STRAY,OTC,DOG,F,4,0,27,NORMAL,BEAGLE,TRICOLOR
10-09-11,STRAY,OTC,DOG,S,3,0,0,NORMAL,BORDER TERRIER,WHITE
10-09-11,PUBLIC AST,NO SUBTYPE,DOG,M,3,0,0,NORMAL,AUST SHEPHERD,TRICOLOR
10-09-11,STRAY,OTC,CAT,N,3,0,0,NORMAL,DOMESTIC SH,ORG TABBY
10-09-11,STRAY,OTC,DOG,N,3,0,6,NORMAL,WOLF HYBRID,WHITE
10-09-11,OWNER SUR,OTC,CAT,N,3,1,13,NORMAL,DOMESTIC SH,BRN TABBY
10-09-11,STRAY,OTC,DOG,M,3,6,1,NORMAL,LABRADOR RETR,RED
10-09-11,OWNER SUR,OTC,CAT,N,4,0,1,NORMAL,DOMESTIC SH,BLACK
10-09-11,PUBLIC AST,QUARANTINE,DOG,N,4,0,1,NORMAL,AUST CATTLE DOG,RED MERLE
10-09-11,STRAY,OTC,DOG,S,4,1,20,NORMAL,BOXER,BROWN
10-09-11,OWNER SUR,OTC,CAT,N,5,0,1,SICK,SNOWSHOE,BLUE
10-09-11,STRAY,OTC,DOG,S,5,0,1,NORMAL,BEAGLE,TAN
10-09-11,STRAY,FIELD,CAT,F,5,0,1,INJURED,DOMESTIC SH,BRN TABBY
10-09-11,OWNER SUR,OTC,DOG,S,5,0,1,NORMAL,AUST CATTLE DOG,WHITE
10-09-11,OWNER SUR,RETURN,CAT,S,5,0,10,NORMAL,MAINE COON,BRN TABBY
10-09-11,PUBLIC AST,QUARANTINE,DOG,N,6,6,3,NORMAL,DACHSHUND,BROWN
10-09-11,STRAY,OTC,DOG,N,6,11,26,NORMAL,AIREDALE TERR,BROWN
10-09-11,PUBLIC AST,QUARANTINE,DOG,S,6,11,29,NORMAL,PIT BULL,BROWN
10-09-11,STRAY,OTC,DOG,F,7,0,28,NORMAL,BEAGLE,TRICOLOR
10-09-11,STRAY,OTC,DOG,S,6,0,1,NORMAL,LABRADOR RETR,RED
10-09-11,STRAY,OTC,DOG,S,6,0,1,NORMAL,PEKINGESE,WHITE
10-09-11,STRAY,OTC,DOG,N,8,0,2,NORMAL,PEKINGESE,SABLE
10-09-11,STRAY,OTC,DOG,S,8,0,2,NORMAL,LABRADOR RETR,YELLOW
10-09-11,STRAY,OTC,DOG,F,10,0,2,SICK,CHIHUAHUA SH,CHOCOLATE
10-09-11,EUTH REQ,NO SUBTYPE,DOG,F,17,0,4,SICK,CHIHUAHUA LH,BLACK
10-10-11,STRAY,OTC,CAT,N,0,1,29,NURSING,DOMESTIC SH,BLACK
10-10-11,STRAY,OTC,CAT,N,0,1,29,NURSING,DOMESTIC SH,BLACK
10-10-11,STRAY,OTC,CAT,N,0,1,5,NORMAL,DOMESTIC SH,ORG TABBY
10-10-11,STRAY,OTC,DOG,S,0,2,0,NORMAL,GERM SHEPHERD,BLACK
10-10-11,STRAY,OTC,CAT,S,0,2,0,FERAL,DOMESTIC SH,BLACK
10-10-11,STRAY,OTC,CAT,N,0,2,0,FERAL,DOMESTIC SH,BLACK
10-10-11,STRAY,OTC,CAT,N,0,2,0,FERAL,DOMESTIC SH,BLACK
10-10-11,OWNER SUR,OTC,DOG,N,0,4,16,NORMAL,GERM SHEPHERD,TAN
10-10-11,OWNER SUR,OTC,DOG,S,0,4,16,NORMAL,GERM SHEPHERD,BLACK
10-10-11,OWNER SUR,OTC,DOG,S,0,5,16,NORMAL,LABRADOR RETR,BLACK
10-10-11,OWNER SUR,OTC,DOG,S,0,5,16,NORMAL,LABRADOR RETR,BLACK
10-10-11,OWNER SUR,OTC,DOG,S,0,5,16,NORMAL,LABRADOR RETR,BLACK
10-10-11,STRAY,OTC,CAT,S,0,5,1,NORMAL,DOMESTIC SH,BLUE TABBY
10-10-11,STRAY,OTC,DOG,N,1,7,2,NORMAL,PIT BULL,TAN
10-10-11,STRAY,FIELD,DOG,N,1,9,0,NORMAL,PIT BULL,BROWN
10-10-11,PUBLIC AST,QUARANTINE,CAT,N,1,9,1,NORMAL,DOMESTIC SH,BRN TABBY
10-10-11,STRAY,OTC,DOG,S,1,10,1,NORMAL,PIT BULL,TAN
10-10-11,STRAY,OTC,DOG,N,1,10,1,NORMAL,POODLE MIN,WHITE
10-10-11,STRAY,OTC,CAT,S,1,0,0,NURSING,ANGORA,BLUE
10-10-11,STRAY,OTC,DOG,F,1,0,0,NORMAL,PIT BULL,TAN
10-10-11,STRAY,OTC,DOG,N,2,6,1,NORMAL,BORDER TERRIER,BLACK
10-10-11,STRAY,QUARANTINE,CAT,N,2,8,28,NORMAL,DOMESTIC LH,BLACK
10-10-11,STRAY,OTC,DOG,N,3,0,26,INJURED,CHIHUAHUA SH,BROWN
10-10-11,STRAY,FIELD,DOG,M,2,0,0,INJURED,PIT BULL,BR BRINDLE
10-10-11,OWNER SUR,OTC,DOG,S,2,0,0,NORMAL,BRUSS GRIFFON,WHITE
10-10-11,STRAY,OTC,DOG,S,3,0,0,NORMAL,SC WHEAT TERR,BLACK
10-10-11,STRAY,OTC,DOG,F,4,0,1,NORMAL,ANATOL SHEPHERD,CREAM
10-10-11,PUBLIC AST,QUARANTINE,DOG,N,4,0,1,NORMAL,BOXER,BROWN
10-10-11,STRAY,OTC,DOG,N,5,0,1,NORMAL,WEIMARANER,BLUE
10-10-11,OWNER SUR,OTC,CAT,S,5,0,1,NORMAL,DOMESTIC SH,TORBIE
10-10-11,STRAY,OTC,DOG,N,5,0,1,NORMAL,LABRADOR RETR,BLACK
10-10-11,OWNER SUR,OTC,DOG,N,7,0,24,NORMAL,STAFFORDSHIRE,BLACK
10-10-11,STRAY,OTC,DOG,S,7,0,29,NORMAL,CHIHUAHUA LH,BLACK
10-10-11,OWNER SUR,OTC,CAT,S,7,0,1,NORMAL,DOMESTIC SH,BLUE TABBY
10-10-11,OWNER SUR,OTC,CAT,S,8,0,2,NORMAL,DOMESTIC LH,ORG TABBY
10-11-11,STRAY,OTC,CAT,S,0,2,0,NORMAL,DOMESTIC SH,TORTIE
10-11-11,STRAY,OTC,CAT,N,0,2,0,NORMAL,DOMESTIC SH,BLUE
10-11-11,STRAY,OTC,CAT,N,0,1,11,NORMAL,DOMESTIC SH,BRN TABBY
10-11-11,STRAY,OTC,CAT,S,0,1,11,NORMAL,DOMESTIC SH,TORBIE
10-11-11,OWNER SUR,OTC,CAT,N,0,2,25,SICK,DOMESTIC SH,BRN TABBY
10-11-11,STRAY,OTC,CAT,N,0,2,0,NORMAL,DOMESTIC SH,BRN TABBY
10-11-11,STRAY,OTC,CAT,F,0,2,0,NORMAL,DOMESTIC SH,TORBIE
10-11-11,OWNER SUR,OTC,CAT,N,0,2,0,SICK,DOMESTIC SH,WHITE
10-11-11,OWNER SUR,OTC,CAT,S,0,2,0,SICK,DOMESTIC SH,TORBIE
10-11-11,STRAY,OTC,CAT,F,0,2,11,NORMAL,DOMESTIC SH,TORTIE
10-11-11,OWNER SUR,OTC,CAT,N,0,3,15,NORMAL,DOMESTIC SH,WHITE
10-11-11,OWNER SUR,OTC,CAT,N,0,3,15,NORMAL,DOMESTIC SH,WHITE
10-11-11,OWNER SUR,RETURN,DOG,N,0,5,7,NORMAL,PLOTT HOUND,BR BRINDLE
10-11-11,OWNER SUR,OTC,DOG,S,1,6,1,NORMAL,BORDER COLLIE,TRICOLOR
10-11-11,STRAY,OTC,DOG,N,1,8,21,NORMAL,PIT BULL,BLACK
10-11-11,STRAY,FIELD,DOG,N,1,10,1,NORMAL,GREAT PYRENEES,WHITE
10-11-11,OWNER SUR,RETURN,DOG,N,1,10,4,NORMAL,QUEENSLAND HEEL,BLACK
10-11-11,STRAY,OTC,DOG,S,1,0,0,NORMAL,AUST CATTLE DOG,TAN
10-11-11,STRAY,OTC,DOG,N,1,0,0,NORMAL,AM PIT BULL TER,BR BRINDLE
10-11-11,STRAY,FIELD,DOG,N,1,0,0,NORMAL,AMERICAN STAFF,BLUE
10-11-11,OWNER SUR,OTC,DOG,S,1,3,6,NORMAL,BORDER COLLIE,WHITE
10-11-11,STRAY,FIELD,DOG,N,2,6,1,NORMAL,GERM SHEPHERD,WHITE
10-11-11,STRAY,OTC,DOG,N,2,0,0,NORMAL,SCHNAUZER STAND,GRAY
10-11-11,STRAY,OTC,DOG,N,2,0,0,NORMAL,POODLE TOY,WHITE
10-11-11,STRAY,OTC,DOG,N,2,0,0,NORMAL,LABRADOR RETR,WHITE
10-11-11,STRAY,OTC,DOG,S,2,0,0,NORMAL,LABRADOR RETR,BLACK
10-11-11,STRAY,FIELD,DOG,N,2,0,0,NORMAL,AMERICAN STAFF,BLACK
10-11-11,STRAY,FIELD,DOG,S,2,0,0,NORMAL,STAFFORDSHIRE,BR BRINDLE
10-11-11,STRAY,FIELD,DOG,S,3,0,0,NORMAL,CHIHUAHUA SH,BROWN
10-11-11,STRAY,FIELD,DOG,M,3,0,0,NORMAL,AMER BULLDOG,WHITE
10-11-11,STRAY,OTC,DOG,S,4,0,1,NORMAL,PIT BULL,WHITE
10-11-11,STRAY,OTC,DOG,S,4,0,1,NORMAL,LABRADOR RETR,BLACK
10-11-11,STRAY,OTC,DOG,F,4,0,1,NORMAL,SIBERIAN HUSKY,RED
10-11-11,STRAY,FIELD,DOG,S,4,0,1,NORMAL,NORFOLK TERRIER,TAN
10-11-11,STRAY,OTC,CAT,S,5,0,1,NORMAL,DOMESTIC SH,TORTIE
10-11-11,STRAY,FIELD,DOG,S,6,0,1,NORMAL,CHIHUAHUA SH,WHITE
10-11-11,OWNER SUR,OTC,DOG,S,6,0,1,NORMAL,POODLE MIN,WHITE
10-11-11,OWNER SUR,OTC,DOG,S,8,0,2,NORMAL,HAVANESE,SILVER
10-11-11,EUTH REQ,NO SUBTYPE,CAT,U,8,0,2,SICK,SIAMESE,LILAC PT
10-11-11,PUBLIC AST,INVESTIGAT,DOG,M,10,0,2,NORMAL,DACHSHUND,BROWN
10-11-11,OWNER SUR,OTC,DOG,F,11,0,2,OTHER,AUST SHEPHERD,BLUE MERLE
10-11-11,OWNER SUR,OTC,DOG,S,12,0,7,NORMAL,YORKSHIRE TERR,BLACK
10-11-11,STRAY,FIELD,DOG,N,12,2,23,AGED,CHOW CHOW,RED
10-11-11,STRAY,FIELD,DOG,F,14,0,3,AGED,POODLE MIN,WHITE
10-12-11,STRAY,EMERG CLC,CAT,M,0,2,0,NORMAL,DOMESTIC SH,WHITE
10-12-11,STRAY,OTC,CAT,N,0,2,0,NORMAL,DOMESTIC SH,BRN TABBY
10-12-11,STRAY,FIELD,CAT,N,0,2,0,NORMAL,DOMESTIC SH,ORG TABBY
10-12-11,STRAY,OTC,CAT,N,0,1,6,NORMAL,DOMESTIC SH,BLUE TABBY
10-12-11,OWNER SUR,NO SUBTYPE,DOG,F,0,2,15,NORMAL,GERM SHEPHERD,TAN
10-12-11,STRAY,FIELD,DOG,N,0,2,22,NORMAL,LABRADOR RETR,BLACK
10-12-11,STRAY,OTC,CAT,S,0,2,8,NORMAL,BENGAL,BRN TABBY
10-12-11,STRAY,OTC,CAT,S,0,3,17,NORMAL,BENGAL,BRN TABBY
10-12-11,STRAY,OTC,CAT,N,0,3,22,NORMAL,BENGAL,BRN TABBY
10-12-11,STRAY,OTC,DOG,N,0,5,16,NORMAL,PIT BULL,BLUE
10-12-11,OWNER SUR,OTC,CAT,N,0,5,16,NORMAL,DOMESTIC SH,BRN TABBY
10-12-11,STRAY,FIELD,DOG,N,1,6,1,NORMAL,GERM SHEPHERD,BROWN
10-12-11,STRAY,FIELD,DOG,N,1,9,0,NORMAL,BOXER,WHITE
10-12-11,OWNER SUR,RETURN,DOG,S,1,10,17,NORMAL,CHIHUAHUA SH,CHOCOLATE
10-12-11,STRAY,OTC,DOG,N,1,0,0,NORMAL,LABRADOR RETR,CHOCOLATE
10-12-11,OWNER SUR,OTC,DOG,S,1,4,20,NORMAL,AUST CATTLE DOG,BLACK
10-12-11,STRAY,FIELD,DOG,S,1,5,1,NORMAL,PIT BULL,WHITE
10-12-11,STRAY,OTC,CAT,F,2,6,1,NORMAL,BENGAL,BRN TABBY
10-12-11,STRAY,FIELD,DOG,F,2,6,1,INJURED,LABRADOR RETR,BROWN
10-12-11,PUBLIC AST,QUARANTINE,DOG,N,2,6,1,NORMAL,GERM SHEPHERD,BROWN
10-12-11,STRAY,OTC,CAT,F,2,0,0,NORMAL,DOMESTIC SH,BLACK
10-12-11,STRAY,FIELD,DOG,N,2,0,0,NORMAL,CHIHUAHUA SH,BROWN
10-12-11,STRAY,FIELD,DOG,F,2,0,0,NORMAL,PIT BULL,RED
10-12-11,OWNER SUR,NO SUBTYPE,DOG,F,2,0,0,NORMAL,GERM SHEPHERD,TAN
10-12-11,OWNER SUR,OTC,DOG,N,2,6,1,NORMAL,NORWICH TERRIER,TAN
10-12-11,STRAY,FIELD,DOG,S,3,3,4,INJURED,STAFFORDSHIRE,WHITE
10-12-11,OWNER SUR,OTC,DOG,N,3,6,24,NORMAL,POODLE MIN,TAN
10-12-11,STRAY,OTC,CAT,N,4,0,1,NORMAL,DOMESTIC SH,BRN TABBY
10-12-11,STRAY,FIELD,DOG,S,5,4,14,NORMAL,PIT BULL,RED
10-12-11,STRAY,OTC,DOG,S,6,8,6,NORMAL,CHINESE SHARPEI,BROWN
10-12-11,OWNER SUR,RETURN,DOG,S,7,1,16,NORMAL,GOLDEN RETR,GOLD
10-12-11,STRAY,OTC,DOG,N,8,0,3,NORMAL,LABRADOR RETR,BLACK
10-12-11,STRAY,FIELD,DOG,S,9,0,2,NORMAL,LABRADOR RETR,BUFF
10-12-11,STRAY,FIELD,DOG,N,10,11,9,AGED,LABRADOR RETR,BLACK
10-12-11,STRAY,OTC,CAT,S,10,0,2,NORMAL,DOMESTIC LH,WHITE
10-12-11,STRAY,FIELD,DOG,N,12,0,2,NORMAL,JACK RUSS TERR,WHITE
10/13/2011,STRAY,OTC,CAT,N,0,2,15,NORMAL,DOMESTIC SH,BLACK
10/13/2011,STRAY,EMERG CLC,DOG,M,0,2,29,INJURED,BASENJI,WHITE
10/13/2011,STRAY,OTC,DOG,N,0,2,0,NORMAL,BORDER COLLIE,WHITE
10/13/2011,STRAY,OTC,DOG,N,0,2,0,NORMAL,AUST CATTLE DOG,RED
10/13/2011,STRAY,OTC,CAT,N,0,2,0,NORMAL,DOMESTIC SH,BLACK
10/13/2011,STRAY,OTC,DOG,S,0,2,7,NORMAL,DACHSHUND,BROWN
10/13/2011,STRAY,OTC,DOG,N,0,2,7,NORMAL,DACHSHUND,BROWN
10/13/2011,OWNER SUR,OTC,CAT,S,0,2,9,NORMAL,DOMESTIC SH,BRN TABBY
10/13/2011,OWNER SUR,OTC,CAT,N,0,2,9,NORMAL,DOMESTIC SH,BRN TABBY
10/13/2011,STRAY,OTC,DOG,N,0,4,1,NORMAL,LABRADOR RETR,BLACK
10/13/2011,STRAY,FIELD,DOG,N,0,4,1,NORMAL,LABRADOR RETR,BROWN
10/13/2011,STRAY,OTC,CAT,S,0,4,1,FERAL,DOMESTIC SH,BLUE TABBY
10/13/2011,STRAY,EMERG CLC,CAT,N,0,5,23,INJURED,SIAMESE,SEAL PT
10/13/2011,STRAY,FIELD,DOG,N,0,5,1,NORMAL,CHIHUAHUA SH,TAN
10/13/2011,STRAY,OTC,CAT,N,0,5,1,NORMAL,DOMESTIC SH,BLACK
10/13/2011,STRAY,OTC,CAT,N,0,5,1,NORMAL,DOMESTIC MH,BRN TABBY
10/13/2011,STRAY,FIELD,DOG,N,0,5,1,NORMAL,JACK RUSS TERR,TRICOLOR
10/13/2011,STRAY,FIELD,DOG,N,0,5,1,NORMAL,JACK RUSS TERR,TRICOLOR
10/13/2011,STRAY,OTC,DOG,S,1,6,1,NORMAL,SCHNAUZER MIN,BLACK
10/13/2011,STRAY,OTC,DOG,N,1,6,1,NORMAL,SCHNAUZER MIN,BLACK
10/13/2011,STRAY,FIELD,DOG,S,1,7,13,NORMAL,PIT BULL,RED
10/13/2011,STRAY,FIELD,DOG,N,1,7,13,NORMAL,PIT BULL,RED
10/13/2011,OWNER SUR,OTC,DOG,M,1,9,0,NORMAL,ROTTWEILER,BLUE
10/13/2011,STRAY,OTC,DOG,N,1,10,28,NORMAL,BORDER COLLIE,BLACK
10/13/2011,STRAY,FIELD,DOG,N,1,10,1,NORMAL,CHIHUAHUA SH,BR BRINDLE
10/13/2011,STRAY,FIELD,DOG,M,2,0,0,NORMAL,CHIHUAHUA SH,BLACK
10/13/2011,STRAY,OTC,CAT,N,1,0,0,NORMAL,DOMESTIC SH,BLUE TABBY
10/13/2011,STRAY,FIELD,DOG,N,1,0,0,NORMAL,GERM SHEPHERD,BROWN
10/13/2011,STRAY,OTC,DOG,S,1,5,0,NORMAL,PIT BULL,BROWN
10/13/2011,STRAY,FIELD,DOG,N,2,6,1,NORMAL,PIT BULL,BR BRINDLE
10/13/2011,STRAY,FIELD,DOG,N,2,6,1,NORMAL,PIT BULL,BLACK
10/13/2011,OWNER SUR,OTC,CAT,S,3,0,0,NORMAL,DOMESTIC LH,BLUE
10/13/2011,STRAY,FIELD,DOG,N,2,0,0,NORMAL,YORKSHIRE TERR,SILVER
10/13/2011,STRAY,OTC,CAT,N,2,0,0,FERAL,ANGORA,WHITE
10/13/2011,OWNER SUR,FIELD,DOG,M,2,6,1,NORMAL,AM PIT BULL TER,WHITE
10/13/2011,STRAY,FIELD,DOG,N,3,0,0,NORMAL,CHIHUAHUA SH,BLACK
10/13/2011,OWNER SUR,OTC,DOG,S,3,1,29,NORMAL,AUST CATTLE DOG,RED TICK
10/13/2011,STRAY,OTC,DOG,S,4,0,1,NORMAL,ALASK MALAMUTE,BLACK
10/13/2011,STRAY,FIELD,DOG,S,4,0,1,NORMAL,PIT BULL,BR BRINDLE
10/13/2011,STRAY,OTC,DOG,N,4,0,1,NORMAL,CHIHUAHUA SH,WHITE
10/13/2011,STRAY,OTC,DOG,N,5,7,6,NORMAL,GERM SHEPHERD,BLACK
10/13/2011,STRAY,OTC,CAT,N,5,0,1,NORMAL,DOMESTIC SH,BLACK
10/13/2011,STRAY,FIELD,DOG,S,7,0,28,NORMAL,POMERANIAN,RED
10/13/2011,OWNER SUR,OTC,DOG,N,6,0,1,NORMAL,GERM SHEPHERD,SABLE
10/13/2011,STRAY,OTC,DOG,N,9,0,28,NORMAL,CHIHUAHUA SH,BROWN
10/13/2011,STRAY,FIELD,DOG,N,9,0,2,NORMAL,COCKER SPAN,BROWN
10/13/2011,STRAY,OTC,DOG,S,10,0,2,NORMAL,SILKY TERRIER,BLUE
10/13/2011,STRAY,OTC,DOG,N,13,0,3,SICK,BORDER COLLIE,WHITE
10/14/2011,STRAY,OTC,CAT,M,0,0,0,NURSING,DOMESTIC SH,BLACK
10/14/2011,STRAY,OTC,CAT,M,0,0,0,NURSING,DOMESTIC SH,BRN TABBY
10/14/2011,STRAY,OTC,CAT,M,0,0,0,NURSING,DOMESTIC SH,BRN TABBY
10/14/2011,STRAY,OTC,CAT,F,0,0,0,NURSING,DOMESTIC SH,WHITE
10/14/2011,STRAY,OTC,CAT,M,0,0,0,NURSING,DOMESTIC SH,WHITE
10/14/2011,STRAY,OTC,CAT,F,0,0,0,NURSING,DOMESTIC SH,BRN TABBY
10/14/2011,PUBLIC AST,EMERGENCY,DOG,S,0,1,26,NORMAL,CHIHUAHUA SH,BLACK
10/14/2011,STRAY,OTC,DOG,M,0,2,15,NORMAL,CHIHUAHUA SH,TRICOLOR
10/14/2011,PUBLIC AST,EMERGENCY,DOG,S,0,2,15,NORMAL,CHIHUAHUA SH,BLACK
10/14/2011,PUBLIC AST,EMERGENCY,DOG,S,0,2,20,NORMAL,CHIHUAHUA SH,BR BRINDLE
10/14/2011,PUBLIC AST,EMERGENCY,DOG,F,0,2,21,NORMAL,CHIHUAHUA SH,BR BRINDLE
10/14/2011,PUBLIC AST,EMERGENCY,DOG,N,0,2,21,NORMAL,CHIHUAHUA SH,BLACK
10/14/2011,PUBLIC AST,EMERGENCY,DOG,S,0,2,21,NORMAL,CHIHUAHUA SH,BLACK
10/14/2011,OWNER SUR,OTC,DOG,N,0,2,0,NORMAL,LABRADOR RETR,RED
10/14/2011,OWNER SUR,OTC,DOG,S,0,2,0,NORMAL,LABRADOR RETR,RED
10/14/2011,OWNER SUR,OTC,DOG,S,0,2,0,NORMAL,LABRADOR RETR,TAN
10/14/2011,OWNER SUR,OTC,DOG,S,0,2,0,NORMAL,LABRADOR RETR,TAN
10/14/2011,STRAY,OTC,DOG,N,0,2,0,NORMAL,CHIHUAHUA SH,RED
10/14/2011,STRAY,FIELD,CAT,N,0,3,15,INJURED,BIRMAN,FLAME PT
10/14/2011,STRAY,OTC,DOG,S,0,3,15,NORMAL,PIT BULL,BLACK
10/14/2011,STRAY,OTC,DOG,N,0,3,1,NORMAL,DACHSHUND,RED
10/14/2011,OWNER SUR,OTC,CAT,M,0,4,1,SICK,DOMESTIC SH,BRN TABBY
10/14/2011,STRAY,OTC,DOG,N,0,5,1,NORMAL,REDBONE HOUND,RED
10/14/2011,STRAY,OTC,CAT,F,0,5,1,FERAL,DOMESTIC SH,BLUE
10/14/2011,STRAY,OTC,DOG,N,1,6,1,NORMAL,PIT BULL,BLUE
10/14/2011,PUBLIC AST,QUARANTINE,DOG,M,1,7,3,NORMAL,DACHSHUND,TAN
10/14/2011,OWNER SUR,RETURN,DOG,N,1,8,16,NORMAL,ANATOL SHEPHERD,TAN
10/14/2011,OWNER SUR,OTC,DOG,N,1,9,0,NORMAL,PIT BULL,BLACK
10/14/2011,STRAY,OTC,CAT,N,1,0,0,NORMAL,DOMESTIC MH,ORG TABBY
10/14/2011,STRAY,FIELD,DOG,N,1,0,0,NORMAL,CHIHUAHUA LH,BROWN
10/14/2011,OWNER SUR,RETURN,DOG,S,1,1,25,NORMAL,AMER BULLDOG,TAN
10/14/2011,STRAY,FIELD,DOG,S,2,6,1,NORMAL,PIT BULL,BROWN
10/14/2011,STRAY,FIELD,DOG,S,3,0,0,NORMAL,JACK RUSS TERR,WHITE
10/14/2011,STRAY,FIELD,DOG,M,2,0,0,NORMAL,PIT BULL,BROWN
10/14/2011,OWNER SUR,OTC,DOG,S,2,0,0,NORMAL,PIT BULL,BR BRINDLE
10/14/2011,STRAY,FIELD,DOG,N,2,0,0,NORMAL,LABRADOR RETR,RED
10/14/2011,STRAY,FIELD,DOG,S,2,0,0,NORMAL,CHIHUAHUA SH,BLACK
10/14/2011,STRAY,OTC,DOG,N,3,0,0,NORMAL,AMER BULLDOG,WHITE
10/14/2011,STRAY,OTC,DOG,S,3,0,0,NORMAL,RAT TERRIER,WHITE
10/14/2011,PUBLIC AST,EMERGENCY,DOG,S,3,0,0,INJURED,JACK RUSS TERR,TRICOLOR
10/14/2011,PUBLIC AST,EMERGENCY,DOG,S,3,0,0,NORMAL,AM PIT BULL TER,WHITE
10/14/2011,STRAY,OTC,CAT,F,3,0,0,NURSING,DOMESTIC SH,BRN TABBY
10/14/2011,STRAY,FIELD,DOG,N,3,3,0,NORMAL,CANE CORSO,BR BRINDLE
10/14/2011,OWNER SUR,OTC,DOG,N,5,0,1,NORMAL,DACHSHUND,RED
10/14/2011,OWNER SUR,OTC,CAT,S,7,2,10,NORMAL,DOMESTIC LH,BLUE
10/14/2011,STRAY,OTC,CAT,F,10,0,2,SICK,DOMESTIC SH,WHITE
10/14/2011,STRAY,OTC,DOG,N,13,0,24,NORMAL,SC WHEAT TERR,TAN
10/14/2011,STRAY,OTC,DOG,S,12,0,3,NORMAL,CHIHUAHUA LH,BLACK
10/15/2011,STRAY,OTC,DOG,M,0,0,7,INJURED,CHIHUAHUA SH,CREAM
10/15/2011,PUBLIC AST,NO SUBTYPE,DOG,M,0,0,7,NURSING,PIT BULL,CHOCOLATE
10/15/2011,PUBLIC AST,NO SUBTYPE,DOG,M,0,0,7,NURSING,PIT BULL,CHOCOLATE
10/15/2011,PUBLIC AST,NO SUBTYPE,DOG,F,0,0,7,NURSING,PIT BULL,CHOCOLATE
10/15/2011,PUBLIC AST,NO SUBTYPE,DOG,F,0,0,7,NURSING,PIT BULL,CHOCOLATE
10/15/2011,PUBLIC AST,NO SUBTYPE,DOG,M,0,0,7,NURSING,PIT BULL,TAN
10/15/2011,PUBLIC AST,NO SUBTYPE,DOG,M,0,0,7,NURSING,PIT BULL,TAN
10/15/2011,PUBLIC AST,NO SUBTYPE,DOG,M,0,0,7,NURSING,PIT BULL,RED
10/15/2011,PUBLIC AST,NO SUBTYPE,DOG,M,0,0,7,NURSING,PIT BULL,RED
10/15/2011,PUBLIC AST,NO SUBTYPE,DOG,F,0,0,7,NURSING,PIT BULL,CHOCOLATE
10/15/2011,PUBLIC AST,NO SUBTYPE,DOG,F,0,0,7,NURSING,PIT BULL,TAN
10/15/2011,STRAY,OTC,CAT,F,0,2,0,NORMAL,DOMESTIC SH,CALICO
10/15/2011,STRAY,OTC,CAT,N,0,1,3,NORMAL,DOMESTIC LH,BLK SMOKE
10/15/2011,STRAY,FIELD,DOG,S,0,2,15,NURSING,AM PIT BULL TER,WHITE
10/15/2011,STRAY,FIELD,DOG,N,0,2,15,NURSING,AM PIT BULL TER,TAN
10/15/2011,STRAY,FIELD,DOG,N,0,2,15,NURSING,AM PIT BULL TER,TAN
10/15/2011,STRAY,FIELD,DOG,S,0,2,15,NURSING,AM PIT BULL TER,TAN
10/15/2011,STRAY,FIELD,DOG,S,0,2,15,NURSING,AM PIT BULL TER,TAN
10/15/2011,STRAY,FIELD,DOG,S,0,2,15,NURSING,AM PIT BULL TER,WHITE
10/15/2011,STRAY,FIELD,DOG,N,0,2,15,NURSING,AM PIT BULL TER,TAN
10/15/2011,STRAY,FIELD,DOG,S,0,2,15,NURSING,AM PIT BULL TER,CREAM
10/15/2011,STRAY,FIELD,DOG,N,0,2,15,NURSING,AM PIT BULL TER,WHITE
10/15/2011,OWNER SUR,OTC,DOG,S,0,2,0,NORMAL,DACHSHUND,TAN
10/15/2011,OWNER SUR,OTC,DOG,N,0,2,0,NORMAL,DACHSHUND,BLACK
10/15/2011,STRAY,OTC,DOG,N,0,2,0,NORMAL,LABRADOR RETR,BUFF
10/15/2011,OWNER SUR,OTC,CAT,S,0,2,13,NORMAL,DOMESTIC SH,TORBIE
10/15/2011,STRAY,OTC,CAT,N,0,3,14,NORMAL,DOMESTIC SH,CRM TABBY
10/15/2011,STRAY,OTC,CAT,N,0,3,14,NORMAL,SIAMESE,FLAME PT
10/15/2011,OWNER SUR,OTC,CAT,N,0,3,20,NORMAL,DOMESTIC SH,BRN TABBY
10/15/2011,OWNER SUR,OTC,CAT,N,0,3,20,NORMAL,DOMESTIC SH,BRN TABBY
10/15/2011,STRAY,FIELD,DOG,N,0,3,1,SICK,PIT BULL,FAWN
10/15/2011,STRAY,OTC,DOG,S,0,4,1,NORMAL,RAT TERRIER,TRICOLOR
10/15/2011,STRAY,OTC,CAT,S,1,9,0,NORMAL,DOMESTIC SH,BLACK
10/15/2011,STRAY,OTC,CAT,N,1,9,0,NORMAL,DOMESTIC MH,BLACK
10/15/2011,STRAY,FIELD,DOG,N,1,10,29,NORMAL,BASSET HOUND,TAN
10/15/2011,OWNER SUR,OTC,CAT,N,1,10,1,NORMAL,DOMESTIC MH,ORG TABBY
10/15/2011,STRAY,OTC,DOG,N,1,10,1,NORMAL,PIT BULL,BLUE
10/15/2011,STRAY,OTC,DOG,N,1,0,0,NORMAL,BOXER,WHITE
10/15/2011,STRAY,FIELD,DOG,S,1,0,0,OTHER,AUST SHEPHERD,BROWN
10/15/2011,STRAY,FIELD,DOG,S,1,0,0,NORMAL,GERM SHEPHERD,BLACK
10/15/2011,STRAY,OTC,CAT,S,1,0,0,NORMAL,SIAMESE,SEAL PT
10/15/2011,STRAY,EMERG CLC,DOG,S,1,0,0,NORMAL,PAPILLON,BLACK
10/15/2011,STRAY,OTC,DOG,S,1,0,0,NORMAL,PIT BULL,BL BRINDLE
10/15/2011,STRAY,FIELD,DOG,S,1,0,0,NORMAL,LABRADOR RETR,BROWN
10/15/2011,STRAY,OTC,CAT,N,1,0,0,NORMAL,DOMESTIC SH,BRN TABBY
10/15/2011,OWNER SUR,OTC,CAT,S,1,4,17,NORMAL,MAINE COON,BRN TABBY
10/15/2011,STRAY,OTC,DOG,M,2,6,1,NORMAL,PIT BULL,WHITE
10/15/2011,STRAY,FIELD,DOG,N,2,6,1,NORMAL,MALTESE,WHITE
10/15/2011,STRAY,FIELD,DOG,S,3,0,0,NORMAL,GERM SHEPHERD,BLACK
10/15/2011,STRAY,FIELD,CAT,M,2,0,0,INJURED,DOMESTIC SH,BLACK
10/15/2011,PUBLIC AST,QUARANTINE,CAT,N,2,0,0,NORMAL,DOMESTIC SH,BLACK
10/15/2011,STRAY,OTC,CAT,S,2,0,0,NORMAL,DOMESTIC SH,ORG TABBY
10/15/2011,STRAY,FIELD,DOG,N,2,0,0,NORMAL,POODLE MIN,WHITE
10/15/2011,STRAY,FIELD,DOG,S,2,0,0,INJURED,AUST CATTLE DOG,BRN MERLE
10/15/2011,OWNER SUR,OTC,CAT,N,2,6,17,NORMAL,DOMESTIC SH,BRN TABBY
10/15/2011,STRAY,FIELD,DOG,M,3,0,0,INJURED,BOXER,BROWN
10/15/2011,STRAY,FIELD,DOG,M,3,0,0,NORMAL,CHIHUAHUA SH,TAN
10/15/2011,STRAY,FIELD,DOG,S,3,0,0,NURSING,AM PIT BULL TER,WHITE
10/15/2011,STRAY,OTC,DOG,S,3,0,0,NORMAL,SCHNAUZER GIANT,BLACK
10/15/2011,STRAY,OTC,DOG,S,3,0,0,NORMAL,LABRADOR RETR,CHOCOLATE
10/15/2011,STRAY,OTC,DOG,N,4,0,1,NORMAL,JACK RUSS TERR,BROWN
10/15/2011,OWNER SUR,OTC,CAT,N,4,0,1,NORMAL,DOMESTIC SH,BLUE
10/15/2011,PUBLIC AST,QUARANTINE,DOG,N,4,6,23,NORMAL,AMER BULLDOG,WHITE
10/15/2011,STRAY,EMERG CLC,DOG,S,4,6,26,NORMAL,GERM SHEPHERD,BUFF
10/15/2011,STRAY,OTC,DOG,S,5,0,1,NORMAL,RAT TERRIER,TRICOLOR
10/15/2011,STRAY,FIELD,DOG,S,5,0,1,NORMAL,CHIHUAHUA SH,WHITE
10/15/2011,STRAY,EMERG CLC,DOG,N,6,10,20,NORMAL,FIELD SPANIEL,BLACK
10/15/2011,PUBLIC AST,QUARANTINE,DOG,F,6,0,1,NURSING,PIT BULL,BROWN
10/15/2011,STRAY,OTC,DOG,F,8,0,2,NORMAL,CHIHUAHUA LH,WHITE
10/15/2011,PUBLIC AST,QUARANTINE,DOG,M,9,0,2,NORMAL,CHOW CHOW,TAN
10/15/2011,OWNER SUR,OTC,DOG,N,10,0,1,NORMAL,CHOW CHOW,RED
10/16/2011,OWNER SUR,OTC,CAT,N,0,1,22,NORMAL,DOMESTIC SH,BLUE
10/16/2011,OWNER SUR,OTC,CAT,N,0,3,15,NORMAL,SIAMESE,SEAL PT
10/16/2011,OWNER SUR,OTC,CAT,N,0,3,15,NORMAL,SIAMESE,SEAL PT
10/16/2011,OWNER SUR,OTC,CAT,N,0,3,15,NORMAL,DOMESTIC SH,BRN TABBY
10/16/2011,OWNER SUR,OTC,CAT,S,0,3,15,NORMAL,DOMESTIC SH,BLACK
10/16/2011,OWNER SUR,OTC,CAT,S,0,3,15,NORMAL,DOMESTIC SH,BLACK
10/16/2011,OWNER SUR,OTC,DOG,S,0,3,15,NORMAL,LABRADOR RETR,BLACK
10/16/2011,OWNER SUR,OTC,CAT,S,0,3,1,NORMAL,DOMESTIC MH,CALICO
10/16/2011,STRAY,OTC,DOG,N,0,6,16,NORMAL,BORDER TERRIER,TAN
10/16/2011,OWNER SUR,OTC,CAT,S,1,7,2,NORMAL,DOMESTIC SH,BLUE
10/16/2011,STRAY,FIELD,DOG,S,1,9,0,NORMAL,AUST CATTLE DOG,WHITE
10/16/2011,STRAY,OTC,DOG,N,1,10,1,NORMAL,CHIHUAHUA SH,BLACK
10/16/2011,STRAY,OTC,DOG,N,1,10,1,NORMAL,BORDER TERRIER,WHITE
10/16/2011,STRAY,OTC,DOG,N,1,10,1,NORMAL,PIT BULL,TRICOLOR
10/16/2011,OWNER SUR,RETURN,DOG,N,1,11,14,NORMAL,BLACK MOUTH CUR,BROWN
10/16/2011,STRAY,OTC,DOG,N,2,6,1,NORMAL,LABRADOR RETR,BLACK
10/16/2011,STRAY,OTC,DOG,N,2,6,1,NORMAL,AUST CATTLE DOG,RED
10/16/2011,OWNER SUR,OTC,CAT,S,2,0,0,NORMAL,DOMESTIC LH,BRN TABBY
10/16/2011,STRAY,OTC,DOG,N,2,0,0,NORMAL,AUST CATTLE DOG,RED MERLE
10/16/2011,STRAY,OTC,DOG,N,2,4,26,NORMAL,AKITA,TAN
10/16/2011,STRAY,OTC,CAT,N,2,6,1,NORMAL,DOMESTIC SH,ORG TABBY
10/16/2011,STRAY,OTC,DOG,N,3,0,0,NORMAL,AKITA,WHITE
10/16/2011,OWNER SUR,OTC,CAT,N,3,0,0,NORMAL,DOMESTIC SH,BLACK
10/16/2011,PUBLIC AST,QUARANTINE,DOG,S,3,0,1,NORMAL,AUST CATTLE DOG,BR BRINDLE
10/16/2011,PUBLIC AST,QUARANTINE,DOG,S,3,0,1,NORMAL,AUST CATTLE DOG,BR BRINDLE
10/16/2011,OWNER SUR,OTC,DOG,S,4,0,1,NORMAL,PIT BULL,WHITE
10/16/2011,OWNER SUR,OTC,CAT,N,4,0,1,NORMAL,DOMESTIC SH,BRN TABBY
10/16/2011,OWNER SUR,OTC,CAT,N,4,0,1,NORMAL,DOMESTIC SH,BLUE
10/16/2011,STRAY,OTC,DOG,N,6,0,27,NORMAL,YORKSHIRE TERR,TAN
10/16/2011,STRAY,OTC,CAT,S,5,0,1,NORMAL,DOMESTIC SH,WHITE
10/16/2011,STRAY,FIELD,DOG,N,5,0,1,AGED,PEKINGESE,WHITE
10/16/2011,STRAY,OTC,DOG,N,5,3,8,NORMAL,LABRADOR RETR,BLACK
10/16/2011,STRAY,OTC,DOG,M,6,0,1,INJURED,POODLE MIN,WHITE
10/16/2011,STRAY,OTC,DOG,N,6,0,1,NORMAL,CHIHUAHUA SH,CREAM
10/16/2011,STRAY,FIELD,DOG,N,8,0,26,NORMAL,BORDER COLLIE,BLACK
10/16/2011,STRAY,OTC,CAT,S,7,0,1,NORMAL,MAINE COON,CALICO
10/16/2011,OWNER SUR,OTC,DOG,S,7,0,1,NORMAL,CHIHUAHUA LH,RED
10/16/2011,STRAY,FIELD,CAT,M,10,0,2,INJURED,DOMESTIC SH,BLACK
10/16/2011,STRAY,OTC,DOG,S,10,0,2,NORMAL,GERM SHEPHERD,WHITE
10/17/2011,OWNER SUR,OTC,CAT,F,0,1,14,NORMAL,SIAMESE,FLAME PT
10/17/2011,OWNER SUR,OTC,CAT,N,0,1,14,NORMAL,SIAMESE,FLAME PT
10/17/2011,STRAY,QUARANTINE,CAT,F,0,2,18,NORMAL,DOMESTIC SH,BLUE
10/17/2011,OWNER SUR,OTC,DOG,S,0,3,15,NORMAL,DACHSHUND LH,BLUE MERLE
10/17/2011,OWNER SUR,OTC,CAT,M,0,3,1,INJURED,DOMESTIC SH,ORG TABBY
10/17/2011,STRAY,OTC,CAT,N,0,4,4,NORMAL,DOMESTIC SH,ORG TABBY
10/17/2011,OWNER SUR,OTC,DOG,S,0,5,1,NORMAL,CHIHUAHUA SH,TAN
10/17/2011,OWNER SUR,OTC,DOG,N,0,5,1,NORMAL,CHIHUAHUA SH,TAN
10/17/2011,OWNER SUR,OTC,DOG,S,0,5,1,NORMAL,CHIHUAHUA SH,TAN
10/17/2011,OWNER SUR,OTC,DOG,N,0,5,1,NORMAL,NORWICH TERRIER,TAN
10/17/2011,STRAY,OTC,DOG,S,0,5,1,NORMAL,BEAGLE,RED
10/17/2011,STRAY,OTC,DOG,N,0,6,16,NORMAL,BORDER COLLIE,BLACK
10/17/2011,STRAY,FIELD,DOG,N,0,6,16,NORMAL,LABRADOR RETR,BROWN
10/17/2011,PUBLIC AST,QUARANTINE,DOG,S,1,6,1,NORMAL,AUST CATTLE DOG,BLUE MERLE
10/17/2011,PUBLIC AST,QUARANTINE,DOG,S,1,10,21,NORMAL,YORKSHIRE TERR,WHITE
10/17/2011,STRAY,FIELD,DOG,S,1,10,1,INJURED,CATAHOULA,WHITE
10/17/2011,STRAY,OTC,DOG,S,1,10,1,NORMAL,SCHNAUZER MIN,TAN
10/17/2011,OWNER SUR,RETURN,DOG,S,1,10,8,NORMAL,PIT BULL,TAN
10/17/2011,OWNER SUR,OTC,CAT,S,1,0,0,NORMAL,SIAMESE,TORTIE PT
10/17/2011,PUBLIC AST,QUARANTINE,DOG,N,1,0,0,NORMAL,AUST CATTLE DOG,BLUE TICK
10/17/2011,STRAY,OTC,DOG,N,1,6,18,NORMAL,PIT BULL,TAN
10/17/2011,STRAY,OTC,DOG,S,2,6,1,NORMAL,LABRADOR RETR,BRN MERLE
10/17/2011,OWNER SUR,OTC,CAT,N,2,0,0,NORMAL,DOMESTIC SH,BLACK
10/17/2011,STRAY,OTC,DOG,N,2,0,0,NORMAL,SCHNAUZER MIN,BLACK
10/17/2011,STRAY,FIELD,DOG,N,2,0,11,NORMAL,PIT BULL,BROWN
10/17/2011,OWNER SUR,RETURN,DOG,S,2,2,4,NORMAL,PIT BULL,FAWN
10/17/2011,OWNER SUR,RETURN,DOG,S,3,7,21,NORMAL,MIN PINSCHER,BLACK
10/17/2011,STRAY,OTC,DOG,F,3,10,1,NORMAL,MIN PINSCHER,BLACK
10/17/2011,STRAY,OTC,DOG,N,3,0,0,NORMAL,DALMATIAN,BLACK
10/17/2011,OWNER SUR,OTC,CAT,S,3,0,0,NORMAL,DOMESTIC SH,ORG TABBY
10/17/2011,STRAY,FIELD,DOG,N,3,0,0,NORMAL,FLAT COAT RETR,BLACK
10/17/2011,STRAY,FIELD,DOG,S,3,0,0,NORMAL,AUST CATTLE DOG,BLUE TICK
10/17/2011,STRAY,OTC,DOG,S,3,0,0,NORMAL,BOXER,BLACK
10/17/2011,OWNER SUR,RETURN,DOG,N,3,1,19,NORMAL,MIN PINSCHER,RED
10/17/2011,STRAY,FIELD,DOG,N,4,11,28,INJURED,ROTTWEILER,BLACK
10/17/2011,PUBLIC AST,QUARANTINE,DOG,S,4,0,1,NORMAL,AUST CATTLE DOG,BLUE MERLE
10/17/2011,STRAY,OTC,CAT,N,5,0,1,NORMAL,DOMESTIC SH,BRN TABBY
10/17/2011,STRAY,OTC,CAT,N,5,0,1,NORMAL,DOMESTIC SH,ORG TABBY
10/17/2011,STRAY,OTC,DOG,M,6,0,1,NORMAL,ANATOL SHEPHERD,TAN
10/17/2011,STRAY,OTC,CAT,N,7,0,1,NORMAL,DOMESTIC SH,BRN TABBY
10/17/2011,STRAY,FIELD,DOG,N,7,0,1,NORMAL,LABRADOR RETR,CHOCOLATE
10/17/2011,STRAY,OTC,DOG,N,7,0,1,NORMAL,PEKINGESE,BLACK
10/17/2011,PUBLIC AST,QUARANTINE,DOG,S,8,1,27,NORMAL,DOBERMAN PINSCH,BLACK
10/18/2011,STRAY,FIELD,CAT,M,0,2,0,INJURED,DOMESTIC LH,BLK SMOKE
10/18/2011,OWNER SUR,OTC,DOG,S,0,5,1,NORMAL,AUST KELPIE,BROWN
10/18/2011,OWNER SUR,OTC,DOG,S,0,6,28,NORMAL,PIT BULL,BLACK
10/18/2011,STRAY,OTC,CAT,S,1,9,0,NORMAL,DOMESTIC SH,BLUE
10/18/2011,OWNER SUR,OTC,CAT,S,2,6,1,NORMAL,DOMESTIC MH,BLUE TABBY
10/18/2011,STRAY,OTC,DOG,S,2,0,0,NORMAL,MIN PINSCHER,BLACK
10/18/2011,STRAY,OTC,DOG,N,2,0,0,NORMAL,SIBERIAN HUSKY,RED
10/18/2011,STRAY,FIELD,CAT,N,2,0,0,INJURED,DOMESTIC MH,BLACK
10/18/2011,STRAY,OTC,CAT,S,2,1,6,NORMAL,DOMESTIC SH,ORG TABBY
10/18/2011,OWNER SUR,OTC,DOG,S,3,0,0,NORMAL,MALTESE,WHITE
10/18/2011,STRAY,FIELD,DOG,S,3,0,0,NORMAL,LABRADOR RETR,TRICOLOR
10/18/2011,OWNER SUR,OTC,CAT,S,3,2,10,NORMAL,AMER SH,CALICO
10/18/2011,STRAY,FIELD,DOG,S,4,11,28,NORMAL,BEAGLE,RED
10/18/2011,STRAY,OTC,DOG,S,4,0,5,NORMAL,LABRADOR RETR,RED
10/18/2011,STRAY,FIELD,DOG,S,7,1,25,NORMAL,BEAGLE,WHITE
10/18/2011,STRAY,OTC,DOG,N,9,0,2,NORMAL,PIT BULL,CHOCOLATE
10/18/2011,STRAY,OTC,CAT,N,9,1,20,NORMAL,DOMESTIC SH,BRN TABBY
10/18/2011,STRAY,OTC,CAT,S,12,0,3,NORMAL,DOMESTIC SH,CALICO
10/18/2011,STRAY,OTC,DOG,S,18,0,3,AGED,WELSH CORGI CAR,BLACK
10/19/2011,STRAY,NO SUBTYPE,CAT,N,0,2,15,NORMAL,DOMESTIC SH,ORG TABBY
10/19/2011,STRAY,NO SUBTYPE,CAT,S,0,2,15,NORMAL,DOMESTIC SH,BRN TABBY
10/19/2011,STRAY,NO SUBTYPE,CAT,N,0,2,15,NORMAL,DOMESTIC SH,BRN TABBY
10/19/2011,STRAY,NO SUBTYPE,CAT,S,0,2,15,NORMAL,DOMESTIC SH,TORBIE
10/19/2011,OWNER SUR,OTC,CAT,S,0,3,15,NORMAL,DOMESTIC SH,TORTIE
10/19/2011,OWNER SUR,OTC,CAT,S,0,3,15,NORMAL,DOMESTIC SH,BLUE TABBY
10/19/2011,STRAY,FIELD,DOG,S,0,3,15,NORMAL,COLLIE SMOOTH,BLACK
10/19/2011,STRAY,FIELD,DOG,M,0,3,18,NORMAL,CAIRN TERRIER,TAN
10/19/2011,STRAY,OTC,DOG,S,0,3,1,NORMAL,PIT BULL,WHITE
10/19/2011,STRAY,OTC,CAT,S,0,3,1,NORMAL,DOMESTIC SH,BLACK
10/19/2011,OWNER SUR,OTC,DOG,N,0,4,1,NORMAL,FLAT COAT RETR,BLACK
10/19/2011,OWNER SUR,NO SUBTYPE,CAT,N,1,6,1,NORMAL,DOMESTIC MH,BLACK
10/19/2011,STRAY,OTC,DOG,M,1,9,0,NORMAL,STAFFORDSHIRE,BR BRINDLE
10/19/2011,OWNER SUR,OTC,DOG,S,1,10,1,NORMAL,AUST KELPIE,TRICOLOR
10/19/2011,STRAY,OTC,DOG,M,2,6,1,NORMAL,DACHSHUND,TAN
10/19/2011,STRAY,OTC,DOG,S,2,9,11,NORMAL,BORDER COLLIE,BLACK
10/19/2011,OWNER SUR,FIELD,DOG,N,3,0,0,NORMAL,RAT TERRIER,WHITE
10/19/2011,STRAY,FIELD,DOG,N,2,0,0,NORMAL,SALUKI,BLACK
10/19/2011,STRAY,FIELD,CAT,F,2,0,0,INJURED,DOMESTIC SH,BLUE
10/19/2011,STRAY,OTC,DOG,N,2,0,0,INJURED,CHIHUAHUA SH,WHITE
10/19/2011,STRAY,FIELD,DOG,N,4,0,0,NORMAL,AM PIT BULL TER,BLACK
10/19/2011,STRAY,FIELD,DOG,F,3,0,0,NORMAL,BLACK MOUTH CUR,BROWN
10/19/2011,STRAY,OTC,DOG,N,3,0,0,NORMAL,CHIHUAHUA SH,TAN
10/19/2011,PUBLIC AST,QUARANTINE,DOG,N,3,0,0,NORMAL,CHINESE SHARPEI,TAN
10/19/2011,OWNER SUR,OTC,DOG,N,3,1,8,NORMAL,BASSET HOUND,TRICOLOR
10/19/2011,STRAY,FIELD,DOG,N,5,0,1,NORMAL,PIT BULL,CHOCOLATE
10/19/2011,STRAY,OTC,DOG,S,7,0,1,NORMAL,PIT BULL,BLUE
10/19/2011,OWNER SUR,OTC,DOG,N,12,2,7,NORMAL,POODLE MIN,CREAM
10/20/2011,STRAY,OTC,CAT,M,0,2,15,NORMAL,DOMESTIC SH,BLACK
10/20/2011,STRAY,OTC,CAT,M,0,2,15,NORMAL,DOMESTIC SH,BRN TABBY
10/20/2011,STRAY,FIELD,DOG,M,0,2,22,NORMAL,BORDER TERRIER,WHITE
10/20/2011,STRAY,OTC,DOG,N,0,2,0,NORMAL,COCKER SPAN,CREAM
10/20/2011,OWNER SUR,OTC,CAT,N,0,3,14,NORMAL,DOMESTIC SH,BLACK
10/20/2011,OWNER SUR,OTC,CAT,N,0,3,14,NORMAL,DOMESTIC SH,BLACK
10/20/2011,STRAY,OTC,CAT,N,0,3,26,NORMAL,DOMESTIC SH,ORG TABBY
10/20/2011,OWNER SUR,QUARANTINE,DOG,N,0,3,1,NORMAL,DACHSHUND,WHITE
10/20/2011,OWNER SUR,OTC,CAT,N,0,4,1,NORMAL,DOMESTIC MH,CRM TABBY
10/20/2011,STRAY,FIELD,DOG,N,0,5,16,NORMAL,BORDER COLLIE,WHITE
10/20/2011,OWNER SUR,OTC,CAT,N,0,6,16,NORMAL,DOMESTIC SH,BLACK
10/20/2011,OWNER SUR,OTC,CAT,S,1,6,1,NORMAL,DOMESTIC SH,ORG TABBY
10/20/2011,OWNER SUR,OTC,CAT,S,1,6,1,NORMAL,DOMESTIC SH,BRN TABBY
10/20/2011,OWNER SUR,OTC,CAT,S,1,6,1,NORMAL,DOMESTIC SH,WHITE
10/20/2011,OWNER SUR,OTC,CAT,S,1,6,1,NORMAL,DOMESTIC SH,TORBIE
10/20/2011,STRAY,FIELD,DOG,N,1,6,1,NORMAL,STAFFORDSHIRE,BROWN
10/20/2011,OWNER SUR,OTC,DOG,S,1,6,1,NORMAL,AUST CATTLE DOG,BLUE TICK
10/20/2011,STRAY,OTC,DOG,S,1,7,2,NORMAL,GERM SHEPHERD,BLACK
10/20/2011,STRAY,FIELD,DOG,S,1,7,2,NORMAL,LABRADOR RETR,CHOCOLATE
10/20/2011,OWNER SUR,NO SUBTYPE,DOG,S,1,9,19,NORMAL,PIT BULL,BR BRINDLE
10/20/2011,OWNER SUR,OTC,DOG,S,1,9,2,NORMAL,BOXER,BR BRINDLE
10/20/2011,STRAY,OTC,CAT,S,1,11,0,NORMAL,DOMESTIC SH,TORBIE
10/20/2011,STRAY,OTC,DOG,M,1,10,1,NORMAL,PIT BULL,WHITE
10/20/2011,STRAY,FIELD,DOG,S,1,0,0,NORMAL,SCHNAUZER MIN,WHITE
10/20/2011,OWNER SUR,OTC,DOG,N,1,0,0,NORMAL,ROTTWEILER,BLACK
10/20/2011,STRAY,FIELD,DOG,N,1,0,0,NORMAL,CHIHUAHUA LH,WHITE
10/20/2011,STRAY,FIELD,DOG,N,1,0,0,NORMAL,CHIHUAHUA SH,WHITE
10/20/2011,OWNER SUR,RETURN,DOG,S,1,4,7,NORMAL,PIT BULL,BROWN
10/20/2011,STRAY,OTC,CAT,N,1,6,0,NORMAL,DOMESTIC SH,BRN TABBY
10/20/2011,STRAY,OTC,DOG,S,2,6,1,NORMAL,AMER BULLDOG,WHITE
10/20/2011,OWNER SUR,NO SUBTYPE,DOG,S,2,9,5,NORMAL,PIT BULL,BR BRINDLE
10/20/2011,OWNER SUR,OTC,DOG,N,2,0,0,NORMAL,CHIHUAHUA LH,TRICOLOR
10/20/2011,OWNER SUR,OTC,DOG,S,2,0,0,NORMAL,SHIH TZU,TAN
10/20/2011,STRAY,OTC,CAT,S,2,0,0,NORMAL,DOMESTIC SH,BLACK
10/20/2011,STRAY,OTC,CAT,N,2,0,0,NORMAL,DOMESTIC SH,BLACK
10/20/2011,STRAY,OTC,CAT,N,2,0,0,NORMAL,DOMESTIC SH,BLACK
10/20/2011,OWNER SUR,OTC,DOG,S,2,0,0,NORMAL,LABRADOR RETR,BLACK
10/20/2011,STRAY,OTC,CAT,S,2,0,0,NORMAL,DOMESTIC SH,TORBIE
10/20/2011,OWNER SUR,OTC,DOG,N,2,6,1,NORMAL,PIT BULL,BR BRINDLE
10/20/2011,STRAY,FIELD,DOG,S,3,0,0,NORMAL,PIT BULL,WHITE
10/20/2011,STRAY,FIELD,DOG,N,3,0,0,NORMAL,AMER BULLDOG,WHITE
10/20/2011,STRAY,OTC,DOG,N,3,6,16,NORMAL,DACHSHUND,WHITE
10/20/2011,OWNER SUR,NO SUBTYPE,DOG,N,4,7,19,NORMAL,GERM SHEPHERD,BLACK
10/20/2011,OWNER SUR,RETURN,CAT,N,4,1,26,NORMAL,SIAMESE,LYNX PT
10/20/2011,STRAY,OTC,DOG,S,5,0,1,NORMAL,CHIHUAHUA SH,TAN
10/20/2011,STRAY,OTC,CAT,S,6,0,1,NORMAL,DOMESTIC SH,BLACK
10/20/2011,STRAY,FIELD,DOG,M,6,0,1,NORMAL,PIT BULL,BR BRINDLE
10/20/2011,STRAY,OTC,DOG,S,6,0,1,NORMAL,DACHSHUND,BLACK
10/20/2011,OWNER SUR,OTC,DOG,N,6,3,28,NORMAL,CHIHUAHUA SH,TAN
10/20/2011,STRAY,OTC,DOG,M,8,0,2,NORMAL,PUG,FAWN
10/20/2011,STRAY,OTC,DOG,M,9,0,2,NORMAL,CHIHUAHUA SH,TAN
10/20/2011,OWNER SUR,NO SUBTYPE,DOG,N,10,10,21,INJURED,AUST SHEPHERD,TAN
10/20/2011,OWNER SUR,OTC,DOG,S,10,0,2,NORMAL,SCHNAUZER MIN,BLACK
10/20/2011,OWNER SUR,OTC,DOG,S,10,0,7,NORMAL,DACHSHUND,BLACK
10/21/2011,STRAY,OTC,CAT,N,0,1,22,NURSING,DOMESTIC SH,BRN TABBY
10/21/2011,STRAY,OTC,DOG,N,0,2,0,NORMAL,JACK RUSS TERR,WHITE
10/21/2011,STRAY,FIELD,DOG,N,0,6,16,NORMAL,PIT BULL,WHITE
10/21/2011,STRAY,OTC,CAT,N,0,6,16,NORMAL,MAINE COON,BRN TABBY
10/21/2011,STRAY,OTC,CAT,S,0,6,16,NORMAL,DOMESTIC LH,BRN TABBY
10/21/2011,STRAY,OTC,DOG,S,0,6,26,NORMAL,CAIRN TERRIER,BROWN
10/21/2011,STRAY,OTC,DOG,S,1,6,1,NORMAL,DACHSHUND WH,CHOCOLATE
10/21/2011,STRAY,EMERG CLC,DOG,N,1,6,1,INJURED,CHIHUAHUA SH,BROWN
10/21/2011,PUBLIC AST,SURGERY,DOG,N,1,6,4,NORMAL,POODLE MIN,CREAM
10/21/2011,STRAY,OTC,DOG,S,1,7,26,NORMAL,LABRADOR RETR,BUFF
10/21/2011,PUBLIC AST,QUARANTINE,DOG,F,1,7,2,NORMAL,PIT BULL,BR BRINDLE
10/21/2011,STRAY,OTC,DOG,N,1,10,1,NORMAL,TENN TR BRINDLE,BR BRINDLE
10/21/2011,OWNER SUR,OTC,DOG,N,1,0,0,NORMAL,CHIHUAHUA SH,BLACK
10/21/2011,OWNER SUR,OTC,DOG,N,1,0,0,NORMAL,CHIHUAHUA SH,BLACK
10/21/2011,STRAY,OTC,DOG,S,1,0,0,NORMAL,BULL TERRIER,BROWN
10/21/2011,OWNER SUR,OTC,DOG,N,1,2,0,NORMAL,AMER ESKIMO,WHITE
10/21/2011,STRAY,FIELD,DOG,M,2,0,0,NORMAL,PIT BULL,BLACK
10/21/2011,STRAY,FIELD,DOG,N,2,0,0,NORMAL,CHESA BAY RETR,TAN
10/21/2011,STRAY,FIELD,DOG,N,2,0,0,NORMAL,WELSH CORGI CAR,GOLD
10/21/2011,STRAY,OTC,DOG,S,2,0,0,NORMAL,DACHSHUND,BLACK
10/21/2011,PUBLIC AST,QUARANTINE,DOG,N,2,6,1,NORMAL,JACK RUSS TERR,CREAM
10/21/2011,OWNER SUR,OTC,DOG,N,3,9,10,NORMAL,PIT BULL,WHITE
10/21/2011,STRAY,QUARANTINE,DOG,S,3,10,5,NORMAL,LABRADOR RETR,BROWN
10/21/2011,STRAY,OTC,CAT,N,3,0,0,NORMAL,DOMESTIC SH,ORG TABBY
10/21/2011,OWNER SUR,OTC,DOG,S,3,0,0,NORMAL,RAT TERRIER,TRICOLOR
10/21/2011,STRAY,FIELD,DOG,N,3,5,18,NORMAL,AM PIT BULL TER,BLUE
10/21/2011,OWNER SUR,OTC,DOG,N,4,0,0,NORMAL,CHIHUAHUA SH,WHITE
10/21/2011,EUTH REQ,NO SUBTYPE,DOG,N,4,0,3,INJURED,AUST CATTLE DOG,BLUE TICK
10/21/2011,STRAY,OTC,DOG,N,4,1,6,NORMAL,BRITTANY,RED
10/21/2011,STRAY,FIELD,DOG,F,5,0,1,NORMAL,GERM SHEPHERD,RED
10/21/2011,STRAY,FIELD,DOG,N,5,3,13,NORMAL,LABRADOR RETR,BLACK
10/21/2011,STRAY,FIELD,DOG,S,6,10,12,NORMAL,PIT BULL,WHITE
10/21/2011,STRAY,FIELD,DOG,S,6,0,1,NORMAL,SIBERIAN HUSKY,WHITE
10/21/2011,STRAY,FIELD,DOG,N,6,0,1,NORMAL,SIBERIAN HUSKY,WHITE
10/21/2011,STRAY,OTC,DOG,N,6,0,1,NORMAL,CHIHUAHUA SH,TAN
10/21/2011,PUBLIC AST,QUARANTINE,DOG,N,6,6,2,NORMAL,PIT BULL,BLACK
10/21/2011,PUBLIC AST,QUARANTINE,DOG,N,8,0,2,NORMAL,PUG,BLACK
10/21/2011,OWNER SUR,OTC,DOG,S,8,5,0,NORMAL,AMERICAN STAFF,TAN
10/21/2011,STRAY,FIELD,DOG,U,NO AGE,SICK,BEAGLE,WHITE,,
10/22/2011,STRAY,OTC,DOG,N,0,2,22,NORMAL,LABRADOR RETR,RED
10/22/2011,STRAY,OTC,DOG,S,0,2,22,NORMAL,LABRADOR RETR,RED
10/22/2011,STRAY,OTC,DOG,S,0,2,22,NORMAL,LABRADOR RETR,BLACK
10/22/2011,STRAY,OTC,DOG,S,0,2,22,NORMAL,LABRADOR RETR,RED
10/22/2011,STRAY,OTC,DOG,N,0,2,22,NORMAL,LABRADOR RETR,BLACK
10/22/2011,STRAY,OTC,DOG,F,0,4,1,INJURED,DACHSHUND,BLACK
10/22/2011,OWNER SUR,RETURN,DOG,S,0,5,28,NORMAL,LABRADOR RETR,BLACK
10/22/2011,STRAY,OTC,DOG,S,0,6,16,NORMAL,VIZSLA,RED
10/22/2011,STRAY,OTC,DOG,S,0,6,16,NORMAL,WHIPPET,TAN
10/22/2011,STRAY,OTC,DOG,S,1,8,18,NORMAL,BOXER,BR BRINDLE
10/22/2011,OWNER SUR,OTC,DOG,S,1,9,0,NORMAL,BEAGLE,WHITE
10/22/2011,STRAY,FIELD,DOG,F,1,0,0,OTHER,LABRADOR RETR,RED
10/22/2011,OWNER SUR,OTC,CAT,N,1,0,0,NORMAL,DOMESTIC SH,BRN TABBY
10/22/2011,PUBLIC AST,QUARANTINE,DOG,M,1,0,0,NORMAL,BOSTON TERRIER,BLACK
10/22/2011,OWNER SUR,OTC,DOG,S,1,3,21,NORMAL,LABRADOR RETR,BUFF
10/22/2011,STRAY,FIELD,DOG,N,1,5,29,INJURED,AMER BULLDOG,TAN
10/22/2011,STRAY,FIELD,DOG,N,2,6,1,NORMAL,BEAGLE,YELLOW
10/22/2011,STRAY,FIELD,DOG,F,2,6,1,NORMAL,CHIHUAHUA LH,BLACK
10/22/2011,STRAY,FIELD,DOG,S,2,6,1,NORMAL,GERM SHEPHERD,TAN
10/22/2011,STRAY,OTC,DOG,S,2,6,1,NORMAL,RAT TERRIER,TRICOLOR
10/22/2011,OWNER SUR,OTC,DOG,N,2,0,0,NORMAL,JACK RUSS TERR,WHITE
10/22/2011,STRAY,OTC,DOG,F,2,0,0,NORMAL,PIT BULL,BLACK
10/22/2011,STRAY,OTC,DOG,S,2,0,0,NORMAL,LABRADOR RETR,TAN
10/22/2011,STRAY,OTC,DOG,S,2,0,0,NORMAL,CHIHUAHUA SH,BLACK
10/22/2011,PUBLIC AST,QUARANTINE,DOG,N,2,0,0,NORMAL,CHIHUAHUA LH,GOLD
10/22/2011,OWNER SUR,OTC,DOG,N,2,2,20,NORMAL,PIT BULL,TAN
10/22/2011,STRAY,FIELD,DOG,N,2,5,1,NORMAL,PIT BULL,WHITE
10/22/2011,STRAY,OTC,DOG,S,3,0,0,NORMAL,BORDER COLLIE,BLACK
10/22/2011,PUBLIC AST,QUARANTINE,DOG,N,3,0,0,NORMAL,CHIHUAHUA SH,BLACK
10/22/2011,OWNER SUR,RETURN,DOG,N,3,0,14,NORMAL,CAIRN TERRIER,CREAM
10/22/2011,OWNER SUR,OTC,DOG,S,3,4,8,NORMAL,RAT TERRIER,WHITE
10/22/2011,OWNER SUR,OTC,DOG,N,4,0,1,NORMAL,GERM SHEPHERD,SABLE
10/22/2011,STRAY,OTC,DOG,M,5,0,1,NORMAL,CHIHUAHUA SH,BROWN
10/22/2011,STRAY,OTC,DOG,N,6,10,1,INJURED,POODLE MIN,WHITE
10/22/2011,OWNER SUR,OTC,DOG,N,7,0,1,NORMAL,COCKER SPAN,BLACK
10/22/2011,STRAY,OTC,DOG,N,7,0,1,NORMAL,CHIHUAHUA SH,BROWN
10/22/2011,STRAY,OTC,CAT,N,8,0,2,NORMAL,DOMESTIC SH,WHITE
10/22/2011,STRAY,FIELD,DOG,M,9,0,2,NORMAL,LABRADOR RETR,BLACK
10/22/2011,STRAY,OTC,CAT,N,10,0,2,NORMAL,DOMESTIC SH,BLACK
10/22/2011,STRAY,FIELD,CAT,N,12,6,26,INJURED,DOMESTIC SH,BRN TABBY
10/23/2011,OWNER SUR,OTC,DOG,S,0,2,0,NORMAL,LABRADOR RETR,TAN
10/23/2011,STRAY,OTC,DOG,F,0,2,0,NORMAL,CHIHUAHUA SH,WHITE
10/23/2011,STRAY,FIELD,DOG,S,0,4,7,NORMAL,PIT BULL,BR BRINDLE
10/23/2011,STRAY,OTC,CAT,N,0,5,12,NORMAL,DOMESTIC MH,BLACK
10/23/2011,OWNER SUR,OTC,DOG,N,1,10,1,NORMAL,PIT BULL,BLUE
10/23/2011,STRAY,OTC,DOG,N,1,10,1,NORMAL,WEST HIGHLAND,WHITE
10/23/2011,STRAY,OTC,DOG,F,1,0,0,INJURED,CHIHUAHUA SH,BLACK
10/23/2011,OWNER SUR,OTC,DOG,S,1,0,0,NORMAL,LABRADOR RETR,RED
10/23/2011,STRAY,OTC,DOG,F,1,0,0,NORMAL,STAFFORDSHIRE,BLUE
10/23/2011,STRAY,FIELD,DOG,S,1,0,6,NORMAL,PIT BULL,BROWN
10/23/2011,STRAY,OTC,DOG,N,1,5,1,NORMAL,CHIHUAHUA SH,CHOCOLATE
10/23/2011,OWNER SUR,OTC,DOG,N,1,5,1,NORMAL,LABRADOR RETR,CHOCOLATE
10/23/2011,OWNER SUR,OTC,DOG,M,2,6,1,NORMAL,LABRADOR RETR,YELLOW
10/23/2011,PUBLIC AST,QUARANTINE,DOG,N,2,6,1,NORMAL,STAFFORDSHIRE,WHITE
10/23/2011,STRAY,OTC,DOG,S,2,6,1,NORMAL,PIT BULL,CHOCOLATE
10/23/2011,OWNER SUR,OTC,CAT,N,2,0,0,NORMAL,SIAMESE,SEAL PT
10/23/2011,STRAY,FIELD,DOG,M,2,0,0,NORMAL,DACHSHUND,BLACK
10/23/2011,STRAY,FIELD,DOG,F,2,0,0,NORMAL,LABRADOR RETR,YELLOW
10/23/2011,STRAY,OTC,CAT,N,2,0,0,NORMAL,DOMESTIC SH,BLUE
10/23/2011,OWNER SUR,RETURN,DOG,S,3,7,27,NORMAL,MIN PINSCHER,BLACK
10/23/2011,OWNER SUR,OTC,DOG,S,3,0,0,NORMAL,AUST CATTLE DOG,BROWN
10/23/2011,OWNER SUR,RETURN,DOG,N,3,1,25,NORMAL,MIN PINSCHER,RED
10/23/2011,STRAY,OTC,CAT,S,4,0,1,NORMAL,DOMESTIC SH,TORTIE
10/23/2011,STRAY,FIELD,DOG,S,4,0,5,NORMAL,PIT BULL,BLUE
10/23/2011,OWNER SUR,OTC,DOG,S,4,4,29,NORMAL,GERM SHEPHERD,CREAM
10/23/2011,STRAY,FIELD,DOG,F,5,0,1,NORMAL,AUST CATTLE DOG,WHITE
10/23/2011,OWNER SUR,OTC,CAT,S,6,0,1,NORMAL,DOMESTIC SH,BRN TABBY
10/23/2011,STRAY,OTC,DOG,S,6,0,1,NORMAL,BEAGLE,BROWN
10/23/2011,PUBLIC AST,OIJ,DOG,S,7,0,1,NORMAL,AM PIT BULL TER,BROWN
10/23/2011,OWNER SUR,OTC,DOG,S,10,4,5,OTHER,PIT BULL,BROWN
10/23/2011,OWNER SUR,OTC,CAT,N,11,2,9,NORMAL,DOMESTIC SH,BLACK
10/23/2011,OWNER SUR,OTC,CAT,S,11,2,9,NORMAL,DOMESTIC SH,BLACK
10/23/2011,STRAY,FIELD,DOG,F,14,0,2,NORMAL,CHIHUAHUA SH,BLACK
10/23/2011,EUTH REQ,NO SUBTYPE,DOG,S,14,3,12,AGED,CHOW CHOW,BROWN
10/23/2011,STRAY,FIELD,DOG,M,15,0,3,SICK,DALMATIAN,WHITE
10/23/2011,STRAY,OTC,CAT,N,18,0,4,AGED,DOMESTIC LH,ORG TABBY
10/24/2011,STRAY,FIELD,DOG,M,0,1,22,NORMAL,PLOTT HOUND,BLACK
10/24/2011,STRAY,FIELD,DOG,M,0,1,22,NORMAL,PLOTT HOUND,BLACK
10/24/2011,STRAY,FIELD,DOG,M,0,1,22,NORMAL,PLOTT HOUND,BLACK
10/24/2011,STRAY,FIELD,DOG,M,0,1,22,NORMAL,PLOTT HOUND,BLACK
10/24/2011,STRAY,FIELD,DOG,F,0,1,22,NORMAL,PLOTT HOUND,BLACK
10/24/2011,STRAY,FIELD,DOG,F,0,1,22,NORMAL,PLOTT HOUND,BLACK
10/24/2011,STRAY,FIELD,DOG,F,0,1,22,NORMAL,PLOTT HOUND,BLACK
10/24/2011,OWNER SUR,FIELD,DOG,F,0,2,15,NORMAL,CHIHUAHUA SH,BROWN
10/24/2011,OWNER SUR,FIELD,DOG,F,0,2,15,NORMAL,CHIHUAHUA SH,TAN
10/24/2011,OWNER SUR,FIELD,DOG,F,0,2,0,NORMAL,CHIHUAHUA SH,BLACK
10/24/2011,STRAY,OTC,DOG,N,0,2,7,NORMAL,CHIHUAHUA LH,BUFF
10/24/2011,STRAY,QUARANTINE,DOG,N,0,5,16,NORMAL,LABRADOR RETR,CHOCOLATE
10/24/2011,STRAY,OTC,CAT,N,0,5,16,NORMAL,DOMESTIC SH,BRN TABBY
10/24/2011,STRAY,FIELD,DOG,N,0,5,1,NORMAL,BULL TERRIER,BLACK
10/24/2011,STRAY,OTC,DOG,F,1,9,0,SICK,BORDER COLLIE,BLACK
10/24/2011,STRAY,OTC,DOG,N,1,9,0,OTHER,ROTTWEILER,BLACK
10/24/2011,STRAY,OTC,DOG,S,1,9,0,OTHER,ROTTWEILER,BLACK
10/24/2011,STRAY,OTC,DOG,S,1,9,0,OTHER,ROTTWEILER,BLACK
10/24/2011,STRAY,OTC,DOG,N,1,9,0,NORMAL,LABRADOR RETR,BLACK
10/24/2011,OWNER SUR,OTC,CAT,N,1,0,0,NORMAL,DOMESTIC SH,BLUE TABBY
10/24/2011,STRAY,FIELD,DOG,N,1,3,25,NORMAL,BLACK MOUTH CUR,BROWN
10/24/2011,STRAY,FIELD,DOG,S,1,3,1,NORMAL,PIT BULL,BLUE
10/24/2011,STRAY,FIELD,DOG,N,1,4,22,NORMAL,LABRADOR RETR,WHITE
10/24/2011,STRAY,FIELD,DOG,S,2,8,23,NORMAL,PIT BULL,TAN
10/24/2011,STRAY,OTC,DOG,S,2,11,20,NORMAL,CHIHUAHUA LH,BLACK
10/24/2011,STRAY,OTC,DOG,S,2,0,0,SICK,CHIHUAHUA SH,TAN
10/24/2011,STRAY,OTC,CAT,N,2,0,0,NORMAL,DOMESTIC SH,CRM TABBY
10/24/2011,STRAY,OTC,DOG,F,2,0,0,SICK,CHOW CHOW,BROWN
10/24/2011,STRAY,OTC,DOG,N,2,0,0,NORMAL,ROTTWEILER,BLACK
10/24/2011,STRAY,OTC,DOG,S,2,0,0,NORMAL,LABRADOR RETR,WHITE
10/24/2011,OWNER SUR,FIELD,DOG,S,2,0,0,NORMAL,CHIHUAHUA SH,TRICOLOR
10/24/2011,STRAY,OTC,DOG,S,2,3,17,NORMAL,AMERICAN STAFF,FAWN
10/24/2011,STRAY,FIELD,DOG,F,3,0,0,NORMAL,DACHSHUND,BLACK
10/24/2011,OWNER SUR,RETURN,DOG,S,3,1,10,NORMAL,AUST CATTLE DOG,RED TICK
10/24/2011,PUBLIC AST,NO SUBTYPE,DOG,S,4,10,21,NORMAL,CHIHUAHUA SH,RED
10/24/2011,PUBLIC AST,QUARANTINE,DOG,S,4,10,21,NORMAL,CHIHUAHUA SH,RED
10/24/2011,PUBLIC AST,NO SUBTYPE,DOG,S,4,10,21,NORMAL,CHIHUAHUA SH,TAN
10/24/2011,PUBLIC AST,QUARANTINE,DOG,S,4,10,21,NORMAL,CHIHUAHUA SH,TAN
10/24/2011,STRAY,FIELD,DOG,F,4,0,1,NURSING,PLOTT HOUND,BLACK
10/24/2011,OWNER SUR,OTC,CAT,S,4,5,15,NORMAL,MANX,BLUE
10/24/2011,PUBLIC AST,NO SUBTYPE,DOG,N,5,4,9,NORMAL,RAT TERRIER,BLACK
10/24/2011,OWNER SUR,OTC,DOG,N,7,0,1,NORMAL,AUST CATTLE DOG,BRN MERLE
10/24/2011,OWNER SUR,OTC,DOG,S,7,0,1,NORMAL,AUST CATTLE DOG,BLUE MERLE
10/24/2011,STRAY,FIELD,DOG,N,9,8,8,NORMAL,PIT BULL,RED
10/24/2011,STRAY,OTC,CAT,F,12,0,3,INJURED,SIAMESE,TORTIE PT
10/24/2011,OWNER SUR,OTC,CAT,S,16,6,17,NORMAL,BRITISH SH,BRN TABBY
10/25/2011,STRAY,FIELD,CAT,F,0,1,9,INJURED,DOMESTIC LH,BLUE TABBY
10/25/2011,STRAY,OTC,CAT,M,0,2,0,NORMAL,DOMESTIC SH,ORG TABBY
10/25/2011,STRAY,FIELD,DOG,S,0,2,0,NORMAL,LABRADOR RETR,TAN
10/25/2011,STRAY,OTC,DOG,N,0,4,4,NORMAL,COLLIE ROUGH,BR BRINDLE
10/25/2011,STRAY,OTC,CAT,S,1,6,1,NORMAL,DOMESTIC SH,BLACK
10/25/2011,STRAY,OTC,DOG,S,1,9,0,NORMAL,AUST CATTLE DOG,TRICOLOR
10/25/2011,STRAY,OTC,CAT,N,1,10,1,NORMAL,SNOWSHOE,SEAL PT
10/25/2011,OWNER SUR,OTC,DOG,S,1,0,0,NORMAL,BOXER,TAN
10/25/2011,STRAY,FIELD,DOG,F,1,4,20,NORMAL,PIT BULL,BROWN
10/25/2011,STRAY,OTC,DOG,N,2,6,1,NORMAL,PIT BULL,CHOCOLATE
10/25/2011,OWNER SUR,OTC,DOG,N,2,0,0,NORMAL,CHESA BAY RETR,BR BRINDLE
10/25/2011,STRAY,OTC,DOG,N,2,0,0,NORMAL,DACHSHUND,TAN
10/25/2011,STRAY,OTC,CAT,F,2,0,0,INJURED,DOMESTIC SH,BRN TABBY
10/25/2011,STRAY,OTC,DOG,N,2,0,0,NORMAL,GERM SH POINT,CHOCOLATE
10/25/2011,STRAY,FIELD,DOG,F,2,0,0,INJURED,PIT BULL,BROWN
10/25/2011,STRAY,OTC,DOG,S,2,2,18,NORMAL,LABRADOR RETR,BUFF
10/25/2011,STRAY,EMERG CLC,CAT,N,2,3,2,INJURED,DOMESTIC SH,BRN TABBY
10/25/2011,PUBLIC AST,QUARANTINE,DOG,N,3,7,14,NORMAL,NORWICH TERRIER,TAN
10/25/2011,STRAY,OTC,DOG,S,3,0,0,SICK,AMERICAN STAFF,FAWN
10/25/2011,STRAY,OTC,DOG,N,3,0,0,NORMAL,AUST CATTLE DOG,BLUE TICK
10/25/2011,STRAY,FIELD,CAT,N,3,0,0,INJURED,DOMESTIC SH,BLUE
10/25/2011,OWNER SUR,OTC,DOG,N,3,3,16,NORMAL,PIT BULL,WHITE
10/25/2011,STRAY,FIELD,DOG,F,3,4,20,NORMAL,PIT BULL,WHITE
10/25/2011,OWNER SUR,OTC,DOG,S,5,0,1,NORMAL,GERM SHEPHERD,GRAY
10/25/2011,STRAY,OTC,DOG,N,6,0,1,NORMAL,AUST SHEPHERD,BLACK
10/25/2011,STRAY,FIELD,DOG,N,6,0,1,NORMAL,ALASK MALAMUTE,GRAY
10/25/2011,STRAY,FIELD,DOG,N,6,0,1,NORMAL,JACK RUSS TERR,WHITE
10/25/2011,STRAY,OTC,DOG,N,6,0,1,NORMAL,MIN PINSCHER,BLACK
10/25/2011,STRAY,OTC,DOG,N,6,2,6,NORMAL,SIBERIAN HUSKY,TAN
10/25/2011,OWNER SUR,OTC,CAT,N,7,6,14,NORMAL,DOMESTIC SH,BRN TABBY
10/25/2011,STRAY,FIELD,DOG,N,8,0,2,NORMAL,MALTESE,WHITE
10/25/2011,OWNER SUR,FIELD,DOG,S,8,0,2,INJURED,CHIHUAHUA SH,TAN
10/25/2011,STRAY,FIELD,DOG,S,8,2,5,NORMAL,BORDER COLLIE,BLACK
10/25/2011,OWNER SUR,OTC,CAT,S,9,11,12,NORMAL,DOMESTIC LH,BLACK
10/25/2011,STRAY,EMERG CLC,CAT,S,12,0,3,INJURED,DOMESTIC SH,BRN TABBY
10/26/2011,STRAY,OTC,CAT,S,0,2,15,NORMAL,DOMESTIC SH,BRN TABBY
10/26/2011,STRAY,OTC,DOG,S,0,4,1,INJURED,PIT BULL,RED
10/26/2011,STRAY,QUARANTINE,DOG,N,0,4,8,NORMAL,LABRADOR RETR,BLACK
10/26/2011,OWNER SUR,OTC,CAT,N,0,5,8,NORMAL,DOMESTIC SH,BLACK
10/26/2011,STRAY,FIELD,DOG,S,1,7,2,NORMAL,AUST CATTLE DOG,BLACK
10/26/2011,STRAY,OTC,DOG,S,1,8,0,NORMAL,LABRADOR RETR,CHOCOLATE
10/26/2011,OWNER SUR,OTC,DOG,N,1,9,24,NORMAL,PIT BULL,WHITE
10/26/2011,STRAY,OTC,CAT,N,1,10,1,NORMAL,DOMESTIC SH,ORG TABBY
10/26/2011,STRAY,OTC,DOG,N,1,0,0,NORMAL,CHIHUAHUA SH,TAN
10/26/2011,OWNER SUR,OTC,DOG,N,1,0,0,NORMAL,PIT BULL,CHOCOLATE
10/26/2011,STRAY,FIELD,DOG,N,2,6,1,NORMAL,RAT TERRIER,TRICOLOR
10/26/2011,STRAY,FIELD,DOG,N,2,6,1,NORMAL,LABRADOR RETR,CHOCOLATE
10/26/2011,STRAY,FIELD,DOG,N,2,7,14,NORMAL,PIT BULL,BR BRINDLE
10/26/2011,STRAY,OTC,DOG,S,2,0,0,NORMAL,NORFOLK TERRIER,TAN
10/26/2011,STRAY,OTC,DOG,S,2,0,0,NORMAL,NORFOLK TERRIER,TAN
10/26/2011,PUBLIC AST,QUARANTINE,DOG,N,2,0,0,NORMAL,PIT BULL,BLACK
10/26/2011,PUBLIC AST,QUARANTINE,DOG,S,2,0,0,NORMAL,PIT BULL,BLUE
10/26/2011,STRAY,FIELD,DOG,M,2,0,0,NORMAL,CHOW CHOW,GOLD
10/26/2011,STRAY,FIELD,DOG,N,2,0,0,OTHER,COYOTE HYBRID,GRAY
10/26/2011,STRAY,OTC,CAT,S,2,0,0,NORMAL,DOMESTIC SH,TORBIE
10/26/2011,PUBLIC AST,QUARANTINE,DOG,M,2,3,27,NORMAL,PIT BULL,RED
10/26/2011,STRAY,FIELD,DOG,N,3,7,18,NORMAL,PIT BULL,BL BRINDLE
10/26/2011,STRAY,FIELD,DOG,M,3,0,0,NORMAL,PIT BULL,BLACK
10/26/2011,STRAY,OTC,CAT,S,3,0,0,NORMAL,DOMESTIC SH,BRN TABBY
10/26/2011,STRAY,OTC,DOG,N,4,11,6,INJURED,ROTTWEILER,BLACK
10/26/2011,STRAY,OTC,DOG,N,4,0,1,NORMAL,NORWICH TERRIER,BUFF
10/26/2011,STRAY,FIELD,DOG,M,4,4,20,NORMAL,PIT BULL,BLACK
10/26/2011,STRAY,OTC,DOG,N,5,0,1,INJURED,MIN PINSCHER,BLACK
10/26/2011,OWNER SUR,OTC,DOG,N,5,0,1,NORMAL,BICHON FRISE,WHITE
10/26/2011,STRAY,OTC,DOG,N,7,0,12,NORMAL,GOLDEN RETR,GOLD
10/26/2011,STRAY,OTC,DOG,F,8,0,0,NORMAL,LABRADOR RETR,BLACK
10/26/2011,STRAY,FIELD,CAT,N,9,0,2,SICK,DOMESTIC MH,ORG TABBY
10/26/2011,STRAY,OTC,DOG,F,10,0,2,SICK,PIT BULL,WHITE
10/26/2011,STRAY,OTC,CAT,F,12,0,3,SICK,DOMESTIC SH,CALICO
10/26/2011,STRAY,FIELD,DOG,N,15,0,28,NORMAL,SCHNAUZER MIN,GRAY
10/27/2011,STRAY,QUARANTINE,CAT,S,0,2,15,NORMAL,DOMESTIC SH,BLUE TABBY
10/27/2011,STRAY,QUARANTINE,CAT,S,0,2,15,NORMAL,DOMESTIC SH,BLUE TABBY
10/27/2011,STRAY,OTC,DOG,N,0,5,16,NORMAL,AUST SHEPHERD,WHITE
10/27/2011,PUBLIC AST,QUARANTINE,DOG,S,1,6,1,NORMAL,PIT BULL,RED
10/27/2011,PUBLIC AST,OIJ,DOG,M,1,8,14,NORMAL,PIT BULL,WHITE
10/27/2011,STRAY,OTC,DOG,N,1,9,0,NORMAL,CHIHUAHUA SH,RED
10/27/2011,STRAY,OTC,CAT,N,1,0,0,NORMAL,DOMESTIC SH,BLUE TABBY
10/27/2011,OWNER SUR,OTC,DOG,S,2,6,1,NORMAL,BASENJI,BROWN
10/27/2011,STRAY,FIELD,DOG,N,2,6,1,NORMAL,ENG SHEPHERD,BLACK
10/27/2011,STRAY,FIELD,DOG,N,2,6,1,NORMAL,ENG SHEPHERD,BLACK
10/27/2011,OWNER SUR,OTC,DOG,F,3,0,27,NORMAL,PIT BULL,BLUE
10/27/2011,STRAY,OTC,DOG,S,2,0,0,NORMAL,PIT BULL,BROWN
10/27/2011,STRAY,FIELD,DOG,N,2,0,0,NORMAL,YORKSHIRE TERR,SILVER
10/27/2011,STRAY,OTC,DOG,M,2,0,0,NORMAL,WEIMARANER,BLUE
10/27/2011,STRAY,OTC,CAT,M,3,0,0,NORMAL,DOMESTIC SH,BRN TABBY
10/27/2011,STRAY,OTC,CAT,N,3,0,0,NORMAL,DOMESTIC SH,WHITE
10/27/2011,OWNER SUR,OTC,CAT,N,4,9,9,NORMAL,BENGAL,BRN TABBY
10/27/2011,STRAY,FIELD,CAT,M,4,0,1,SICK,DOMESTIC SH,BLACK
10/27/2011,STRAY,OTC,DOG,N,4,0,1,NORMAL,CHIHUAHUA SH,BROWN
10/27/2011,PUBLIC AST,NO SUBTYPE,DOG,N,4,0,2,NORMAL,CHIHUAHUA SH,TAN
10/27/2011,PUBLIC AST,QUARANTINE,DOG,S,4,4,21,NORMAL,BORDER COLLIE,TRICOLOR
10/27/2011,STRAY,OTC,CAT,F,5,0,1,NORMAL,SIAMESE,TORTIE PT
10/27/2011,STRAY,OTC,CAT,N,5,0,1,NORMAL,DOMESTIC SH,CRM TABBY
10/27/2011,STRAY,FIELD,DOG,N,5,0,1,SICK,PIT BULL,RED
10/27/2011,STRAY,FIELD,DOG,S,5,0,1,SICK,DACHSHUND,BROWN
10/27/2011,PUBLIC AST,OIJ,DOG,F,5,4,16,NORMAL,BOXER,BROWN
10/27/2011,STRAY,EMERG CLC,CAT,S,7,0,1,SICK,DOMESTIC SH,WHITE
10/27/2011,STRAY,OTC,DOG,N,7,0,1,NORMAL,AMER FOXHOUND,WHITE
10/27/2011,STRAY,OTC,DOG,S,8,0,2,NORMAL,CHIHUAHUA SH,BLACK
10/27/2011,PUBLIC AST,NO SUBTYPE,DOG,N,10,0,23,NORMAL,DALMATIAN,WHITE
10/27/2011,OWNER SUR,OTC,CAT,N,10,0,2,NORMAL,DOMESTIC SH,CRM TABBY
10/27/2011,PUBLIC AST,QUARANTINE,DOG,N,11,1,14,NORMAL,GOLDEN RETR,GOLD
10/28/2011,STRAY,OTC,DOG,S,0,0,0,NORMAL,CHIHUAHUA SH,BLACK
10/28/2011,STRAY,OTC,DOG,N,0,0,0,NORMAL,CHIHUAHUA SH,SABLE
10/28/2011,STRAY,OTC,DOG,S,0,0,0,NORMAL,CHIHUAHUA SH,BLACK
10/28/2011,STRAY,OTC,DOG,S,0,0,0,NORMAL,CHIHUAHUA SH,BLACK
10/28/2011,STRAY,OTC,DOG,U,0,0,0,SICK,CHIHUAHUA SH,CHOCOLATE
10/28/2011,OWNER SUR,OTC,CAT,S,0,2,15,SICK,DOMESTIC LH,TORBIE
10/28/2011,STRAY,FIELD,DOG,M,0,2,0,NORMAL,BORDER TERRIER,TAN
10/28/2011,STRAY,OTC,CAT,N,0,2,0,NORMAL,DOMESTIC SH,ORG TABBY
10/28/2011,STRAY,OTC,CAT,F,0,2,0,NORMAL,DOMESTIC SH,TORBIE
10/28/2011,STRAY,OTC,CAT,F,0,2,0,NORMAL,DOMESTIC SH,TORBIE
10/28/2011,STRAY,OTC,DOG,S,0,2,0,INJURED,CHIHUAHUA SH,BLACK
10/28/2011,STRAY,FIELD,DOG,N,0,3,26,NORMAL,BORDER TERRIER,CREAM
10/28/2011,OWNER SUR,NO SUBTYPE,CAT,N,0,4,1,INJURED,DOMESTIC SH,ORG TABBY
10/28/2011,OWNER SUR,NO SUBTYPE,CAT,S,0,4,1,INJURED,DOMESTIC SH,CALICO
10/28/2011,OWNER SUR,NO SUBTYPE,CAT,N,0,4,1,INJURED,DOMESTIC SH,BLACK
10/28/2011,STRAY,OTC,DOG,N,1,9,0,NORMAL,AUST CATTLE DOG,BLUE TICK
10/28/2011,STRAY,OTC,CAT,N,1,11,0,NORMAL,DOMESTIC SH,BLUE
10/28/2011,STRAY,OTC,DOG,S,1,0,0,NURSING,CHIHUAHUA SH,BLUE
10/28/2011,STRAY,OTC,CAT,S,1,0,0,NORMAL,DOMESTIC SH,TORBIE
10/28/2011,STRAY,OTC,DOG,S,2,8,29,NORMAL,PIT BULL,BLUE
10/28/2011,STRAY,OTC,DOG,N,2,0,0,NORMAL,PIT BULL,WHITE
10/28/2011,STRAY,FIELD,DOG,N,2,0,0,NORMAL,BOSTON TERRIER,BLACK
10/28/2011,STRAY,FIELD,DOG,N,2,0,0,NORMAL,BOSTON TERRIER,BLACK
10/28/2011,STRAY,FIELD,DOG,S,2,0,0,NORMAL,CHIHUAHUA SH,BLACK
10/28/2011,STRAY,OTC,CAT,N,2,0,0,NORMAL,DOMESTIC SH,BLACK
10/28/2011,STRAY,OTC,DOG,S,2,0,0,NORMAL,LABRADOR RETR,TAN
10/28/2011,STRAY,FIELD,DOG,S,2,1,22,NORMAL,CHIHUAHUA SH,BLACK
10/28/2011,OWNER SUR,OTC,DOG,N,3,10,7,NORMAL,CHIHUAHUA SH,BROWN
10/28/2011,OWNER SUR,OTC,CAT,N,3,0,0,NORMAL,DOMESTIC SH,BLUE TABBY
10/28/2011,STRAY,OTC,DOG,N,3,0,0,NORMAL,PIT BULL,BLUE
10/28/2011,STRAY,FIELD,DOG,S,3,0,0,NORMAL,MALTESE,WHITE
10/28/2011,STRAY,OTC,DOG,S,4,1,18,NORMAL,PIT BULL,WHITE
10/28/2011,STRAY,FIELD,DOG,F,5,0,1,AGED,GERM SHEPHERD,SABLE
10/28/2011,STRAY,OTC,DOG,S,5,4,2,NORMAL,LABRADOR RETR,TAN
10/28/2011,STRAY,OTC,DOG,N,5,5,9,NORMAL,POMERANIAN,BROWN
10/28/2011,STRAY,FIELD,DOG,N,6,0,1,NORMAL,GERM SH POINT,CHOCOLATE
10/28/2011,OWNER SUR,OTC,CAT,S,8,0,2,NORMAL,DOMESTIC SH,TORTIE
10/28/2011,STRAY,OTC,CAT,N,12,0,3,INJURED,DOMESTIC SH,BLACK
10/29/2011,STRAY,OTC,CAT,N,0,2,15,NORMAL,DOMESTIC SH,WHITE
10/29/2011,STRAY,OTC,DOG,S,0,2,7,NORMAL,CHIHUAHUA SH,BLACK
10/29/2011,OWNER SUR,RETURN,DOG,N,0,2,8,NORMAL,JACK RUSS TERR,WHITE
10/29/2011,STRAY,OTC,CAT,N,0,2,11,NORMAL,DOMESTIC SH,BRN TABBY
10/29/2011,STRAY,OTC,CAT,S,0,2,11,NORMAL,DOMESTIC SH,BRN TABBY
10/29/2011,STRAY,OTC,CAT,S,0,2,11,NORMAL,DOMESTIC SH,BRN TABBY
10/29/2011,STRAY,OTC,CAT,N,0,2,11,NORMAL,DOMESTIC SH,BRN TABBY
10/29/2011,STRAY,OTC,DOG,S,0,3,26,NORMAL,CHIHUAHUA SH,TAN
10/29/2011,STRAY,OTC,DOG,N,0,4,16,NORMAL,AM PIT BULL TER,RED
10/29/2011,STRAY,OTC,DOG,N,0,6,16,NORMAL,REDBONE HOUND,RED
10/29/2011,STRAY,OTC,CAT,S,0,6,16,NORMAL,SIAMESE,LYNX PT
10/29/2011,OWNER SUR,OTC,DOG,S,1,6,1,NORMAL,PIT BULL,TRICOLOR
10/29/2011,PUBLIC AST,QUARANTINE,DOG,N,1,6,1,NORMAL,BEAGLE,BLACK
10/29/2011,STRAY,OTC,DOG,N,1,6,1,NORMAL,DUTCH SHEPHERD,BR BRINDLE
10/29/2011,STRAY,OTC,DOG,N,1,8,29,NORMAL,BEAGLE,BROWN
10/29/2011,OWNER SUR,OTC,DOG,N,1,10,1,NORMAL,AM PIT BULL TER,BL BRINDLE
10/29/2011,STRAY,OTC,CAT,N,1,0,0,NORMAL,DOMESTIC SH,ORG TABBY
10/29/2011,STRAY,OTC,DOG,N,1,0,0,NORMAL,DACHSHUND,RED
10/29/2011,OWNER SUR,OTC,DOG,S,1,3,14,NORMAL,PIT BULL,BLUE
10/29/2011,STRAY,OTC,DOG,N,1,5,19,NORMAL,AMERICAN STAFF,WHITE
10/29/2011,STRAY,OTC,DOG,N,1,5,21,NORMAL,LABRADOR RETR,CHOCOLATE
10/29/2011,STRAY,FIELD,CAT,M,1,5,1,INJURED,DOMESTIC MH,BRN TABBY
10/29/2011,STRAY,OTC,DOG,N,2,6,1,NORMAL,FINNISH SPITZ,TAN
10/29/2011,STRAY,OTC,DOG,N,2,0,0,NORMAL,BOXER,BROWN
10/29/2011,STRAY,OTC,CAT,N,2,0,0,NORMAL,DOMESTIC SH,ORG TABBY
10/29/2011,OWNER SUR,OTC,CAT,S,2,0,0,NORMAL,SNOWSHOE,SEAL PT
10/29/2011,PUBLIC AST,QUARANTINE,DOG,F,2,0,0,NORMAL,CHIHUAHUA SH,TAN
10/29/2011,STRAY,FIELD,DOG,S,2,0,0,NORMAL,PIT BULL,WHITE
10/29/2011,STRAY,OTC,CAT,S,2,0,0,NORMAL,DOMESTIC SH,TORBIE
10/29/2011,STRAY,FIELD,DOG,S,2,0,1,NORMAL,PIT BULL,FAWN
10/29/2011,OWNER SUR,OTC,CAT,S,3,0,0,NORMAL,SIAMESE,LYNX PT
10/29/2011,OWNER SUR,OTC,DOG,N,3,1,26,NORMAL,WOLF HYBRID,WHITE
10/29/2011,OWNER SUR,OTC,DOG,S,3,5,15,NORMAL,RHOD RIDGEBACK,BROWN
10/29/2011,OWNER SUR,OTC,DOG,N,4,0,1,NORMAL,ROTTWEILER,BLACK
10/29/2011,STRAY,OTC,DOG,N,4,0,1,NORMAL,AUST CATTLE DOG,RED MERLE
10/29/2011,PUBLIC AST,QUARANTINE,DOG,S,4,0,14,NORMAL,POODLE TOY,WHITE
10/29/2011,STRAY,OTC,CAT,S,5,11,12,NORMAL,BENGAL,BRN TABBY
10/29/2011,STRAY,OTC,DOG,N,9,0,29,NORMAL,LABRADOR RETR,BUFF
10/29/2011,OWNER SUR,OTC,DOG,N,9,0,2,NORMAL,LABRADOR RETR,YELLOW
10/29/2011,STRAY,OTC,DOG,S,10,0,2,NORMAL,JACK RUSS TERR,WHITE
10/29/2011,EUTH REQ,NO SUBTYPE,CAT,N,13,0,3,SICK,DOMESTIC SH,CRM TABBY
10/30/2011,STRAY,FIELD,CAT,N,0,2,15,NORMAL,DOMESTIC SH,BRN TABBY
10/30/2011,STRAY,FIELD,CAT,N,0,2,15,NORMAL,DOMESTIC SH,BRN TABBY
10/30/2011,OWNER SUR,OTC,CAT,N,0,2,7,NORMAL,MAINE COON,BRN TABBY
10/30/2011,OWNER SUR,OTC,CAT,S,0,2,7,NORMAL,DOMESTIC SH,BLUE
10/30/2011,OWNER SUR,OTC,CAT,S,0,2,7,NORMAL,DOMESTIC SH,BLACK
10/30/2011,STRAY,OTC,DOG,S,0,3,15,NORMAL,POINTER,WHITE
10/30/2011,STRAY,OTC,DOG,S,0,3,15,NORMAL,PIT BULL,WHITE
10/30/2011,OWNER SUR,FIELD,DOG,N,0,3,1,SICK,LABRADOR RETR,CHOCOLATE
10/30/2011,STRAY,EMERG CLC,CAT,N,0,4,1,SICK,DOMESTIC SH,BLACK
10/30/2011,STRAY,FIELD,DOG,F,0,5,1,NORMAL,PIT BULL,TAN
10/30/2011,OWNER SUR,RETURN,CAT,N,0,6,25,NORMAL,MAINE COON,BRN TABBY
10/30/2011,STRAY,OTC,DOG,M,1,6,1,NORMAL,CHIHUAHUA LH,CREAM
10/30/2011,OWNER SUR,OTC,CAT,N,1,6,6,NORMAL,ORIENTAL SH,WHITE
10/30/2011,OWNER SUR,OTC,CAT,N,1,6,6,NORMAL,DOMESTIC SH,WHITE
10/30/2011,STRAY,OTC,DOG,S,1,9,0,NORMAL,VIZSLA,RED
10/30/2011,STRAY,FIELD,DOG,M,1,9,0,SICK,PIT BULL,WHITE
10/30/2011,STRAY,FIELD,DOG,S,1,9,0,SICK,PIT BULL,BR BRINDLE
10/30/2011,STRAY,OTC,DOG,S,1,0,0,NORMAL,PIT BULL,BROWN
10/30/2011,STRAY,FIELD,DOG,S,1,0,0,SICK,CHIHUAHUA SH,TAN
10/30/2011,PUBLIC AST,OIJ,DOG,S,1,0,0,NORMAL,NORFOLK TERRIER,BUFF
10/30/2011,OWNER SUR,RETURN,DOG,S,1,1,21,NORMAL,RHOD RIDGEBACK,RED
10/30/2011,STRAY,OTC,DOG,S,2,0,0,NORMAL,JACK RUSS TERR,TRICOLOR
10/30/2011,STRAY,OTC,CAT,N,2,0,0,NORMAL,MANX,BRN TABBY
10/30/2011,STRAY,OTC,DOG,S,2,0,0,NORMAL,PIT BULL,WHITE
10/30/2011,STRAY,OTC,DOG,S,2,2,13,NORMAL,LABRADOR RETR,BLACK
10/30/2011,STRAY,OTC,DOG,S,3,11,12,NORMAL,PIT BULL,TAN
10/30/2011,STRAY,FIELD,DOG,N,4,0,1,INJURED,AM PIT BULL TER,BLACK
10/30/2011,OWNER SUR,OTC,DOG,S,4,0,1,NORMAL,COLLIE SMOOTH,WHITE
10/30/2011,STRAY,OTC,DOG,S,5,0,1,NORMAL,JACK RUSS TERR,TRICOLOR
10/30/2011,PUBLIC AST,QUARANTINE,DOG,S,6,0,1,NORMAL,PIT BULL,BLACK
10/30/2011,OWNER SUR,OTC,CAT,S,8,0,2,NORMAL,DOMESTIC SH,CALICO
10/30/2011,STRAY,FIELD,DOG,F,10,0,29,INJURED,AIREDALE TERR,BLACK
10/31/2011,STRAY,OTC,CAT,N,0,1,7,SICK,DOMESTIC SH,ORG TABBY
10/31/2011,OWNER SUR,OTC,CAT,S,0,2,15,SICK,MANX,BRN TABBY
10/31/2011,STRAY,OTC,DOG,S,0,2,0,SICK,BOXER,RED
10/31/2011,OWNER SUR,OTC,DOG,F,0,2,7,NORMAL,CATAHOULA,BLUE MERLE
10/31/2011,OWNER SUR,OTC,DOG,N,0,2,7,NORMAL,GERM SHEPHERD,BROWN
10/31/2011,STRAY,OTC,CAT,N,0,4,1,NORMAL,MAINE COON,ORG TABBY
10/31/2011,OWNER SUR,OTC,DOG,S,0,5,16,NORMAL,GERM SHEPHERD,BROWN
10/31/2011,OWNER SUR,OTC,DOG,S,0,5,16,NORMAL,GERM SHEPHERD,BR BRINDLE
10/31/2011,OWNER SUR,OTC,DOG,N,0,5,16,NORMAL,DUTCH SHEPHERD,BR BRINDLE
10/31/2011,OWNER SUR,OTC,DOG,N,0,5,16,NORMAL,GERM SH POINT,WHITE
10/31/2011,OWNER SUR,OTC,DOG,S,0,6,25,NORMAL,VIZSLA,RED
10/31/2011,STRAY,OTC,DOG,M,1,8,29,NORMAL,MANCHESTER TERR,BLACK
10/31/2011,STRAY,NO SUBTYPE,DOG,N,1,9,0,NORMAL,WELSH CORGI CAR,RED MERLE
10/31/2011,OWNER SUR,OTC,DOG,N,1,9,0,NORMAL,PIT BULL,FAWN
10/31/2011,OWNER SUR,OTC,DOG,S,1,8,5,NORMAL,LABRADOR RETR,CHOCOLATE
10/31/2011,STRAY,OTC,DOG,S,1,0,0,NORMAL,ROTTWEILER,BLACK
10/31/2011,STRAY,FIELD,DOG,F,1,0,0,INJURED,AUST CATTLE DOG,RED TICK
10/31/2011,STRAY,FIELD,DOG,N,1,0,0,INJURED,PIT BULL,CHOCOLATE
10/31/2011,STRAY,OTC,CAT,F,2,6,1,NORMAL,DOMESTIC SH,BRN TABBY
10/31/2011,OWNER SUR,OTC,CAT,S,2,6,4,NORMAL,DOMESTIC SH,BRN TABBY
10/31/2011,OWNER SUR,OTC,CAT,S,2,6,4,NORMAL,DOMESTIC SH,BLUE TABBY
10/31/2011,STRAY,FIELD,DOG,S,2,0,0,NORMAL,PIT BULL,BLUE
10/31/2011,PUBLIC AST,INVESTIGAT,DOG,N,2,0,0,NORMAL,PIT BULL,BLACK
10/31/2011,STRAY,NO SUBTYPE,DOG,S,2,0,0,NORMAL,WELSH CORGI CAR,RED
10/31/2011,STRAY,FIELD,DOG,S,2,0,0,NORMAL,PIT BULL,WHITE
10/31/2011,STRAY,FIELD,CAT,M,2,0,0,INJURED,DOMESTIC SH,ORG TABBY
10/31/2011,OWNER SUR,OTC,CAT,S,2,0,0,NORMAL,DOMESTIC SH,WHITE
10/31/2011,STRAY,OTC,CAT,S,2,0,0,PREGNANT,DOMESTIC SH,TORBIE
10/31/2011,STRAY,FIELD,DOG,S,3,8,7,INJURED,CHIHUAHUA SH,BROWN
10/31/2011,STRAY,OTC,DOG,S,4,0,0,NORMAL,BULL TERRIER,BLACK
10/31/2011,OWNER SUR,OTC,CAT,S,4,0,0,NORMAL,DOMESTIC SH,BRN TABBY
10/31/2011,STRAY,OTC,DOG,S,3,0,0,SICK,BASSET HOUND,RED TICK
10/31/2011,STRAY,OTC,CAT,N,3,0,0,NORMAL,DOMESTIC SH,BLACK
10/31/2011,STRAY,OTC,DOG,S,3,1,27,NORMAL,JACK RUSS TERR,WHITE
10/31/2011,STRAY,OTC,CAT,N,3,3,14,NORMAL,DOMESTIC SH,BLACK
10/31/2011,OWNER SUR,OTC,DOG,S,3,5,2,NORMAL,PIT BULL,WHITE
10/31/2011,OWNER SUR,OTC,CAT,N,4,0,1,NORMAL,DOMESTIC SH,BLACK
10/31/2011,PUBLIC AST,OWNER DIED,DOG,M,5,0,1,NORMAL,AIREDALE TERR,TAN
10/31/2011,OWNER SUR,OTC,CAT,N,6,0,1,NORMAL,SIAMESE,FLAME PT
10/31/2011,STRAY,OTC,CAT,S,6,0,1,NORMAL,DOMESTIC SH,TORTIE
10/31/2011,STRAY,OTC,DOG,N,6,3,25,NORMAL,LHASA APSO,BLACK
10/31/2011,PUBLIC AST,QUARANTINE,DOG,S,7,8,0,NORMAL,LABRADOR RETR,RED
10/31/2011,PUBLIC AST,QUARANTINE,DOG,S,7,3,25,NORMAL,LABRADOR RETR,RED
10/31/2011,PUBLIC AST,QUARANTINE,DOG,M,9,0,29,NORMAL,ROTTWEILER,TRICOLOR
10/31/2011,STRAY,FIELD,DOG,M,10,0,0,NORMAL,PIT BULL,BLUE
10/31/2011,STRAY,OTC,CAT,S,21,0,3,SICK,DOMESTIC SH,WHITE
11-01-11,STRAY,OTC,CAT,N,0,1,8,SICK,DOMESTIC MH,BLACK
11-01-11,STRAY,OTC,CAT,S,0,1,8,SICK,SIAMESE,TORTIE PT
11-01-11,OWNER SUR,OTC,CAT,N,0,2,0,NORMAL,DOMESTIC SH,BRN TABBY
11-01-11,OWNER SUR,OTC,CAT,S,0,2,0,NORMAL,DOMESTIC SH,BLUE TABBY
11-01-11,OWNER SUR,OTC,DOG,N,0,2,0,NORMAL,BORDER COLLIE,BLACK
11-01-11,OWNER SUR,RETURN,CAT,S,0,3,28,NORMAL,DOMESTIC SH,BRN TABBY
11-01-11,OWNER SUR,RETURN,CAT,N,0,3,28,NORMAL,DOMESTIC SH,BRN TABBY
11-01-11,STRAY,OTC,DOG,S,1,6,2,SICK,GERM SHEPHERD,BROWN
11-01-11,STRAY,OTC,DOG,N,1,9,0,NORMAL,CATAHOULA,BROWN
11-01-11,STRAY,FIELD,DOG,S,1,10,1,NORMAL,LABRADOR RETR,TAN
11-01-11,STRAY,FIELD,DOG,S,1,10,1,INJURED,BEAGLE,BLACK
11-01-11,STRAY,FIELD,DOG,S,1,10,1,NORMAL,ANATOL SHEPHERD,TAN
11-01-11,STRAY,FIELD,DOG,M,1,0,0,INJURED,DACHSHUND,WHITE
11-01-11,STRAY,OTC,CAT,F,1,0,0,NORMAL,DOMESTIC SH,TORTIE
11-01-11,STRAY,OTC,CAT,N,1,0,0,NORMAL,DOMESTIC SH,BLUE TABBY
11-01-11,STRAY,OTC,DOG,N,1,0,0,NORMAL,TIBETAN TERR,TAN
11-01-11,STRAY,OTC,CAT,S,1,0,0,NORMAL,DOMESTIC SH,BLUE TABBY
11-01-11,STRAY,FIELD,DOG,M,1,0,0,NORMAL,LABRADOR RETR,BROWN
11-01-11,OWNER SUR,OTC,DOG,N,1,0,0,NORMAL,BOXER,BROWN
11-01-11,STRAY,OTC,DOG,S,2,0,0,NORMAL,CHIHUAHUA SH,TRICOLOR
11-01-11,STRAY,OTC,DOG,S,2,0,0,NORMAL,SIBERIAN HUSKY,CREAM
11-01-11,STRAY,OTC,DOG,N,2,0,0,NORMAL,GERM SHEPHERD,BLACK
11-01-11,STRAY,FIELD,DOG,F,2,0,0,INJURED,PIT BULL,BLUE
11-01-11,STRAY,OTC,DOG,S,2,0,0,NORMAL,AUST CATTLE DOG,BLACK
11-01-11,STRAY,FIELD,DOG,F,2,0,0,NORMAL,SIBERIAN HUSKY,SABLE
11-01-11,OWNER SUR,QUARANTINE,DOG,S,2,0,10,NORMAL,CHIHUAHUA SH,BLACK
11-01-11,STRAY,OTC,DOG,N,3,0,0,NORMAL,PIT BULL,BROWN
11-01-11,STRAY,OTC,DOG,N,3,0,0,NORMAL,RHOD RIDGEBACK,RED
11-01-11,OWNER SUR,OTC,CAT,S,3,0,0,NORMAL,DOMESTIC LH,BLUE
11-01-11,STRAY,FIELD,DOG,N,3,0,0,NORMAL,GOLDEN RETR,TAN
11-01-11,OWNER SUR,OTC,DOG,N,3,0,0,NORMAL,LABRADOR RETR,CHOCOLATE
11-01-11,STRAY,FIELD,DOG,F,3,0,0,NORMAL,PIT BULL,WHITE
11-01-11,STRAY,OTC,DOG,S,3,3,23,NORMAL,DACHSHUND,BLACK
11-01-11,STRAY,OTC,CAT,N,4,0,1,NORMAL,DOMESTIC SH,BLUE TABBY
11-01-11,OWNER SUR,OTC,DOG,N,4,0,1,SICK,GERM SHEPHERD,BROWN
11-01-11,STRAY,OTC,DOG,N,5,0,1,NORMAL,LABRADOR RETR,BLACK
11-01-11,STRAY,FIELD,DOG,N,6,6,2,NORMAL,POMERANIAN,TAN
11-01-11,STRAY,OTC,DOG,S,7,0,1,NORMAL,CHIHUAHUA SH,BLACK
11-01-11,STRAY,OTC,DOG,S,7,0,1,NORMAL,CHIHUAHUA SH,WHITE
11-01-11,STRAY,OTC,DOG,N,9,0,2,NORMAL,PIT BULL,BR BRINDLE
11-01-11,STRAY,OTC,DOG,N,10,0,2,NORMAL,CHIHUAHUA SH,TAN
11-01-11,STRAY,FIELD,DOG,N,10,4,1,OTHER,SCHNAUZER MIN,SILVER
11-01-11,STRAY,FIELD,DOG,S,13,0,3,NORMAL,BEAGLE,TRICOLOR
11-01-11,STRAY,OTC,DOG,M,15,0,3,NORMAL,CHIHUAHUA SH,WHITE
11-02-11,STRAY,QUARANTINE,CAT,S,0,2,0,NORMAL,DOMESTIC SH,BLUE TABBY
11-02-11,STRAY,OTC,CAT,S,0,2,7,NORMAL,DOMESTIC SH,BLACK
11-02-11,STRAY,OTC,DOG,N,0,3,1,SICK,LABRADOR RETR,BLACK
11-02-11,STRAY,FIELD,DOG,F,1,6,2,NORMAL,LABRADOR RETR,BLACK
11-02-11,PUBLIC AST,SURGERY,CAT,N,1,6,2,NORMAL,DOMESTIC SH,BLACK
11-02-11,STRAY,OTC,CAT,S,1,7,2,NORMAL,DOMESTIC SH,BLACK
11-02-11,STRAY,OTC,CAT,S,1,8,2,NORMAL,DOMESTIC SH,BLUE
11-02-11,STRAY,OTC,DOG,S,1,11,22,OTHER,TIBETAN SPAN,BLACK
11-02-11,STRAY,FIELD,DOG,S,2,0,27,NORMAL,DACHSHUND,BROWN
11-02-11,STRAY,FIELD,DOG,S,1,0,0,NORMAL,CATAHOULA,WHITE
11-02-11,STRAY,FIELD,DOG,N,1,0,0,NORMAL,CHIHUAHUA SH,TRICOLOR
11-02-11,STRAY,FIELD,DOG,M,1,0,0,NORMAL,WEIMARANER,TRICOLOR
11-02-11,STRAY,OTC,DOG,S,2,6,2,NORMAL,PIT BULL,TAN
11-02-11,STRAY,FIELD,DOG,S,2,11,27,NORMAL,PIT BULL,BLUE
11-02-11,OWNER SUR,FIELD,DOG,N,2,11,8,NORMAL,DOBERMAN PINSCH,BLACK
11-02-11,OWNER SUR,FIELD,DOG,N,2,11,8,NORMAL,ALASK MALAMUTE,RED
11-02-11,OWNER SUR,OTC,DOG,N,3,0,0,NORMAL,PIT BULL,TRICOLOR
11-02-11,STRAY,FIELD,DOG,S,2,0,0,INJURED,PIT BULL,BR BRINDLE
11-02-11,STRAY,OTC,DOG,M,2,0,0,NORMAL,GERM SHEPHERD,BROWN
11-02-11,STRAY,OTC,CAT,N,2,0,0,NORMAL,DOMESTIC SH,BLUE TABBY
11-02-11,PUBLIC AST,SURGERY,CAT,N,2,0,0,NORMAL,DOMESTIC SH,WHITE
11-02-11,STRAY,OTC,DOG,N,3,0,0,NORMAL,CHIHUAHUA SH,TAN
11-02-11,OWNER SUR,QUARANTINE,DOG,N,3,0,0,NORMAL,MIN PINSCHER,BL BRINDLE
11-02-11,STRAY,FIELD,DOG,N,3,2,29,NORMAL,DACHSHUND,TAN
11-02-11,OWNER SUR,OTC,DOG,N,4,0,1,NORMAL,MANCHESTER TERR,BLACK
11-02-11,STRAY,OTC,DOG,S,4,0,10,NORMAL,PIT BULL,BLUE
11-02-11,OWNER SUR,OTC,CAT,N,5,0,1,NORMAL,DOMESTIC SH,BLUE
11-02-11,STRAY,FIELD,DOG,S,5,0,1,NORMAL,CHIHUAHUA LH,BLACK
11-02-11,STRAY,FIELD,DOG,S,5,1,12,NORMAL,JACK RUSS TERR,WHITE
11-02-11,PUBLIC AST,QUARANTINE,DOG,S,7,5,3,NORMAL,COCKER SPAN,BROWN
11-02-11,STRAY,OTC,DOG,M,10,0,2,OTHER,COCKER SPAN,BLACK
11-03-11,OWNER SUR,OTC,CAT,F,0,1,8,NORMAL,DOMESTIC SH,BLUE
11-03-11,OWNER SUR,OTC,CAT,N,0,1,8,NORMAL,DOMESTIC SH,BLUE
11-03-11,OWNER SUR,OTC,CAT,S,0,1,8,NORMAL,DOMESTIC SH,BLUE
11-03-11,OWNER SUR,OTC,CAT,N,0,3,0,NORMAL,DOMESTIC LH,BLACK
11-03-11,OWNER SUR,OTC,CAT,M,0,3,0,NORMAL,DOMESTIC LH,BLACK
11-03-11,STRAY,OTC,DOG,S,0,3,15,NORMAL,GERM SHEPHERD,BLACK
11-03-11,OWNER SUR,OTC,DOG,N,0,3,1,NORMAL,DACHSHUND,CHOCOLATE
11-03-11,OWNER SUR,OTC,CAT,S,0,3,1,NORMAL,DOMESTIC SH,BRN TABBY
11-03-11,OWNER SUR,OTC,CAT,N,0,5,0,NORMAL,DOMESTIC SH,WHITE
11-03-11,OWNER SUR,OTC,CAT,N,0,5,0,NORMAL,DOMESTIC SH,WHITE
11-03-11,STRAY,OTC,CAT,S,0,4,2,NORMAL,DOMESTIC SH,BLUE TABBY
11-03-11,OWNER SUR,QUARANTINE,DOG,S,0,5,18,NORMAL,BEAGLE,RED
11-03-11,OWNER SUR,OTC,CAT,S,1,6,2,NORMAL,DOMESTIC SH,BLUE TABBY
11-03-11,OWNER SUR,OTC,CAT,S,1,6,2,NORMAL,DOMESTIC SH,BLACK
11-03-11,STRAY,OTC,DOG,N,1,6,2,NORMAL,LABRADOR RETR,BLACK
11-03-11,STRAY,OTC,CAT,M,1,6,2,INJURED,DOMESTIC LH,BRN TABBY
11-03-11,STRAY,OTC,DOG,S,1,6,2,NORMAL,CATAHOULA,BLUE MERLE
11-03-11,OWNER SUR,FIELD,DOG,N,1,7,2,NORMAL,POINTER,WHITE
11-03-11,OWNER SUR,FIELD,DOG,N,1,7,2,NORMAL,CATAHOULA,WHITE
11-03-11,OWNER SUR,FIELD,DOG,N,1,7,2,NORMAL,PIT BULL,BR BRINDLE
11-03-11,OWNER SUR,OTC,CAT,N,1,8,2,NORMAL,DOMESTIC SH,BLUE TABBY
11-03-11,STRAY,FIELD,DOG,N,1,8,2,NORMAL,CHIHUAHUA SH,BROWN
11-03-11,STRAY,FIELD,DOG,N,1,8,2,NORMAL,CHIHUAHUA SH,BROWN
11-03-11,STRAY,FIELD,DOG,N,1,8,2,NORMAL,CHIHUAHUA SH,BROWN
11-03-11,STRAY,FIELD,DOG,N,1,0,0,NORMAL,PIT BULL,BLUE
11-03-11,OWNER SUR,OTC,CAT,N,1,0,0,NORMAL,DOMESTIC SH,BLUE
11-03-11,OWNER SUR,NO SUBTYPE,DOG,S,1,0,0,NORMAL,GERM SHEPHERD,TAN
11-03-11,STRAY,OTC,CAT,S,1,0,0,NORMAL,DOMESTIC SH,BLUE
11-03-11,STRAY,OTC,CAT,S,1,0,0,NORMAL,DOMESTIC SH,BRN TABBY
11-03-11,STRAY,OTC,DOG,N,3,0,29,NORMAL,SCHNAUZER MIN,SILVER
11-03-11,STRAY,OTC,DOG,S,2,0,0,NORMAL,AUST CATTLE DOG,BROWN
11-03-11,STRAY,OTC,DOG,M,2,0,0,NORMAL,SILKY TERRIER,WHITE
11-03-11,STRAY,OTC,DOG,N,2,0,0,NORMAL,MANCHESTER TERR,BLACK
11-03-11,STRAY,OTC,CAT,N,2,1,27,FERAL,DOMESTIC LH,BLACK
11-03-11,STRAY,OTC,DOG,S,2,5,10,NORMAL,PIT BULL,WHITE
11-03-11,STRAY,FIELD,CAT,S,3,6,2,INJURED,DOMESTIC SH,BLUE CREAM
11-03-11,OWNER SUR,OTC,DOG,N,3,0,0,NORMAL,LABRADOR RETR,BROWN
11-03-11,STRAY,OTC,DOG,S,3,0,0,NORMAL,SCHNAUZER MIN,BLACK
11-03-11,STRAY,FIELD,DOG,N,3,0,0,NORMAL,LHASA APSO,BLACK
11-03-11,OWNER SUR,NO SUBTYPE,DOG,N,3,0,0,NORMAL,GERM SHEPHERD,TAN
11-03-11,PUBLIC AST,OWNER DIED,DOG,F,4,0,1,NORMAL,GREAT PYRENEES,WHITE
11-03-11,OWNER SUR,OTC,DOG,S,4,0,1,NORMAL,PIT BULL,WHITE
11-03-11,STRAY,FIELD,DOG,N,4,0,1,NORMAL,PIT BULL,WHITE
11-03-11,OWNER SUR,OTC,DOG,N,4,0,1,NORMAL,AUST CATTLE DOG,BROWN
11-03-11,STRAY,OTC,DOG,S,5,2,15,NORMAL,ENG BULLDOG,BR BRINDLE
11-03-11,OWNER SUR,FIELD,DOG,N,5,6,24,NORMAL,SIBERIAN HUSKY,TAN
11-03-11,PUBLIC AST,OWNER DIED,CAT,S,6,0,1,NORMAL,DEVON REX,ORG TABBY
11-03-11,PUBLIC AST,OWNER DIED,DOG,S,8,9,15,AGED,BASSET HOUND,BLACK
11-03-11,OWNER SUR,OTC,DOG,N,8,0,2,NORMAL,CHIHUAHUA SH,TAN
11-03-11,STRAY,OTC,DOG,N,8,0,2,NORMAL,SCHNAUZER MIN,SILVER
11-03-11,OWNER SUR,OTC,DOG,S,9,0,2,NORMAL,RHOD RIDGEBACK,BROWN
11-03-11,STRAY,NO SUBTYPE,CAT,N,10,0,2,INJURED,DOMESTIC SH,BRN TABBY
11-03-11,STRAY,OTC,DOG,N,10,0,2,NORMAL,DACHSHUND,BROWN
11-03-11,STRAY,OTC,DOG,N,10,0,2,NORMAL,DACHSHUND,BLACK
11-03-11,PUBLIC AST,OWNER DIED,DOG,S,13,7,21,NORMAL,SC WHEAT TERR,BUFF
11-03-11,PUBLIC AST,OWNER DIED,CAT,F,15,0,3,AGED,DOMESTIC SH,ORG TABBY
11-04-11,OWNER SUR,OTC,CAT,S,0,2,16,NORMAL,DOMESTIC LH,WHITE
11-04-11,STRAY,OTC,DOG,N,0,3,15,NORMAL,LABRADOR RETR,BLACK
11-04-11,OWNER SUR,OTC,CAT,S,0,3,1,NORMAL,DOMESTIC SH,TORBIE
11-04-11,OWNER SUR,OTC,CAT,N,0,3,1,NORMAL,DOMESTIC SH,BRN TABBY
11-04-11,OWNER SUR,OTC,CAT,N,0,3,1,NORMAL,DOMESTIC SH,BRN TABBY
11-04-11,OWNER SUR,OTC,CAT,N,0,3,1,NORMAL,DOMESTIC SH,BLUE TABBY
11-04-11,OWNER SUR,OTC,CAT,S,0,3,1,NORMAL,DOMESTIC SH,BLUE TABBY
11-04-11,OWNER SUR,OTC,CAT,S,0,3,1,NORMAL,DOMESTIC SH,BLUE TABBY
11-04-11,STRAY,OTC,DOG,S,0,4,16,NORMAL,LABRADOR RETR,BLACK
11-04-11,STRAY,FIELD,DOG,S,0,5,1,NORMAL,AUST CATTLE DOG,TRICOLOR
11-04-11,OWNER SUR,OTC,CAT,N,1,6,2,NORMAL,SNOWSHOE,BLUE PT
11-04-11,STRAY,OTC,DOG,N,1,10,1,NORMAL,CATAHOULA,RED
11-04-11,STRAY,OTC,DOG,S,1,0,0,NORMAL,CHIHUAHUA SH,BROWN
11-04-11,STRAY,OTC,CAT,S,1,0,0,SICK,DOMESTIC SH,TORBIE
11-04-11,STRAY,FIELD,DOG,N,1,0,0,NORMAL,DUTCH SHEPHERD,BR BRINDLE
11-04-11,STRAY,FIELD,DOG,S,2,0,0,NORMAL,SHETLD SHEEPDOG,BROWN
11-04-11,STRAY,FIELD,DOG,S,2,0,0,NORMAL,BORDER COLLIE,BLACK
11-04-11,STRAY,FIELD,DOG,N,2,0,0,NORMAL,DACHSHUND,BROWN
11-04-11,OWNER SUR,OTC,CAT,S,2,0,0,NORMAL,DOMESTIC SH,BLACK
11-04-11,STRAY,FIELD,DOG,S,4,0,28,NORMAL,CHIHUAHUA SH,TRICOLOR
11-04-11,STRAY,FIELD,DOG,M,4,0,0,NORMAL,BOXER,BR BRINDLE
11-04-11,STRAY,FIELD,DOG,N,3,1,15,NORMAL,AMER BULLDOG,WHITE
11-04-11,OWNER SUR,OTC,DOG,S,4,7,7,NORMAL,DACHSHUND,WHITE
11-04-11,STRAY,OTC,DOG,S,4,9,18,NORMAL,PIT BULL,BR BRINDLE
11-04-11,STRAY,FIELD,DOG,S,4,0,1,NORMAL,SCHNAUZER MIN,GRAY
11-04-11,PUBLIC AST,OIJ,DOG,N,4,4,23,NORMAL,AUST SHEPHERD,WHITE
11-04-11,STRAY,OTC,DOG,N,6,11,25,NORMAL,CHIHUAHUA LH,WHITE
11-04-11,STRAY,FIELD,DOG,S,9,0,2,AGED,LABRADOR RETR,BLACK
11-04-11,STRAY,OTC,DOG,S,9,1,18,NORMAL,STAFFORDSHIRE,BR BRINDLE
11-05-11,OWNER SUR,OTC,CAT,F,0,1,1,SICK,SIAMESE,LYNX PT
11-05-11,STRAY,OTC,DOG,S,0,1,4,INJURED,NORFOLK TERRIER,BUFF
11-05-11,STRAY,FIELD,CAT,M,0,2,0,SICK,DOMESTIC SH,SEAL PT
11-05-11,STRAY,OTC,CAT,S,0,3,15,NORMAL,DOMESTIC SH,CALICO
11-05-11,STRAY,OTC,CAT,S,0,3,15,NORMAL,DOMESTIC SH,CRM TABBY
11-05-11,STRAY,OTC,CAT,N,0,3,15,NORMAL,DOMESTIC SH,ORG TABBY
11-05-11,OWNER SUR,OTC,DOG,F,0,3,1,SICK,PIT BULL,BROWN
11-05-11,OWNER SUR,OTC,CAT,N,1,6,2,NORMAL,DOMESTIC SH,ORG TABBY
11-05-11,OWNER SUR,OTC,CAT,N,1,6,2,NORMAL,DOMESTIC SH,BRN TABBY
11-05-11,OWNER SUR,OTC,CAT,S,1,6,2,NORMAL,DOMESTIC SH,BRN TABBY
11-05-11,STRAY,OTC,DOG,S,1,6,2,NORMAL,CHIHUAHUA SH,RED
11-05-11,STRAY,FIELD,DOG,S,1,8,2,NORMAL,GERM SHEPHERD,BROWN
11-05-11,STRAY,OTC,DOG,M,1,0,0,NORMAL,LABRADOR RETR,BLACK
11-05-11,STRAY,OTC,CAT,S,1,0,0,PREGNANT,DOMESTIC SH,BLUE
11-05-11,STRAY,FIELD,DOG,S,1,0,0,NORMAL,PIT BULL,TAN
11-05-11,PUBLIC AST,QUARANTINE,CAT,S,1,0,0,NORMAL,DOMESTIC SH,CRM TABBY
11-05-11,OWNER SUR,OTC,DOG,N,1,3,28,NORMAL,RAT TERRIER,TRICOLOR
11-05-11,STRAY,OTC,CAT,N,2,6,2,NORMAL,SIAMESE,LILAC PT
11-05-11,STRAY,OTC,DOG,N,2,7,14,NORMAL,AMER ESKIMO,WHITE
11-05-11,OWNER SUR,OTC,DOG,S,2,8,4,NORMAL,PIT BULL,TAN
11-05-11,STRAY,FIELD,DOG,N,2,0,0,NORMAL,LABRADOR RETR,BROWN
11-05-11,STRAY,OTC,CAT,S,2,0,0,NORMAL,DOMESTIC MH,TORTIE
11-05-11,OWNER SUR,OTC,CAT,N,2,0,0,NORMAL,DOMESTIC SH,BLACK
11-05-11,STRAY,OTC,DOG,S,3,11,8,NORMAL,BULL TERRIER,TAN
11-05-11,OWNER SUR,OTC,CAT,N,3,0,0,NORMAL,DOMESTIC SH,BRN TABBY
11-05-11,OWNER SUR,OTC,CAT,N,3,0,0,NORMAL,DOMESTIC SH,BLACK
11-05-11,STRAY,OTC,DOG,N,3,0,0,NORMAL,BOSTON TERRIER,BLACK
11-05-11,PUBLIC AST,NO SUBTYPE,DOG,N,3,0,0,INJURED,CHIHUAHUA SH,WHITE
11-05-11,STRAY,OTC,DOG,N,4,0,1,NORMAL,DACHSHUND,BLUE MERLE
11-05-11,STRAY,OTC,DOG,S,5,4,10,NORMAL,LABRADOR RETR,TAN
11-05-11,STRAY,OTC,DOG,N,6,0,1,NORMAL,GERM SHEPHERD,BLACK
11-05-11,PUBLIC AST,QUARANTINE,DOG,N,6,3,17,NORMAL,COLLIE SMOOTH,BROWN
11-05-11,PUBLIC AST,QUARANTINE,DOG,N,7,9,6,NORMAL,DOBERMAN PINSCH,BLUE
11-05-11,OWNER SUR,OTC,CAT,N,11,0,2,NORMAL,DOMESTIC SH,ORG TABBY
11-05-11,STRAY,OTC,DOG,N,12,0,3,NORMAL,PUG,TAN
11-06-11,STRAY,OTC,CAT,N,0,2,16,NORMAL,DOMESTIC SH,BLACK
11-06-11,STRAY,EMERG CLC,DOG,M,0,2,0,SICK,CHOW CHOW,BLACK
11-06-11,STRAY,EMERG CLC,CAT,N,0,4,16,NORMAL,DOMESTIC SH,ORG TABBY
11-06-11,STRAY,FIELD,DOG,M,1,6,2,NORMAL,CHIHUAHUA SH,TRICOLOR
11-06-11,OWNER SUR,OTC,DOG,N,1,7,2,NORMAL,RAT TERRIER,TRICOLOR
11-06-11,STRAY,EMERG CLC,DOG,S,1,9,25,INJURED,DACHSHUND,BROWN
11-06-11,OWNER SUR,OTC,DOG,N,1,9,0,NORMAL,POODLE MIN,GRAY
11-06-11,STRAY,OTC,DOG,N,1,10,1,NORMAL,YORKSHIRE TERR,BLACK
11-06-11,OWNER SUR,OTC,CAT,S,1,0,0,NORMAL,DOMESTIC SH,BLACK
11-06-11,OWNER SUR,OTC,CAT,S,1,0,0,NORMAL,SIAMESE,LYNX PT
11-06-11,OWNER SUR,OTC,CAT,S,1,0,0,NORMAL,DOMESTIC SH,BLACK
11-06-11,OWNER SUR,OTC,CAT,N,1,0,0,NORMAL,SNOWSHOE,SEAL PT
11-06-11,STRAY,OTC,DOG,N,1,0,0,NORMAL,SCHNAUZER MIN,GRAY
11-06-11,STRAY,OTC,DOG,N,1,1,1,NORMAL,BOXER,RED MERLE
11-06-11,OWNER SUR,RETURN,DOG,N,2,9,12,NORMAL,BLUE LACY,FAWN
11-06-11,STRAY,OTC,DOG,N,2,0,0,NORMAL,CHIHUAHUA SH,TRICOLOR
11-06-11,STRAY,FIELD,DOG,N,2,0,0,NORMAL,AM PIT BULL TER,BROWN
11-06-11,STRAY,OTC,CAT,N,2,0,0,NORMAL,DOMESTIC LH,BLUE TABBY
11-06-11,STRAY,OTC,DOG,N,3,6,2,NORMAL,PIT BULL,BLUE
11-06-11,OWNER SUR,OTC,CAT,S,3,0,0,NORMAL,DOMESTIC SH,CRM TABBY
11-06-11,OWNER SUR,OTC,CAT,N,3,0,0,NORMAL,DOMESTIC LH,ORG TABBY
11-06-11,OWNER SUR,OTC,CAT,N,3,0,0,NORMAL,DOMESTIC SH,BRN TABBY
11-06-11,STRAY,OTC,DOG,S,3,0,0,NORMAL,ROTTWEILER,BLACK
11-06-11,STRAY,EMERG CLC,DOG,S,3,0,0,INJURED,CHIHUAHUA SH,TAN
11-06-11,STRAY,OTC,DOG,N,4,0,1,NORMAL,GERM SHEPHERD,RED
11-06-11,STRAY,EMERG CLC,DOG,S,4,0,1,SICK,GERM SHEPHERD,BLACK
11-06-11,OWNER SUR,RETURN,DOG,N,4,3,23,NORMAL,LABRADOR RETR,BLACK
11-06-11,STRAY,FIELD,DOG,S,5,0,1,SICK,GERM SHEPHERD,BLACK
11-06-11,STRAY,FIELD,DOG,N,6,7,28,NORMAL,ROTTWEILER,BLACK
11-06-11,STRAY,EMERG CLC,DOG,S,6,8,15,INJURED,DOBERMAN PINSCH,BLACK
11-06-11,OWNER SUR,OTC,CAT,N,6,0,1,NORMAL,DOMESTIC SH,BLACK
11-06-11,STRAY,OTC,DOG,N,8,0,2,NORMAL,DACHSHUND,RED MERLE
11-06-11,STRAY,EMERG CLC,DOG,S,12,0,3,SICK,GERM SHEPHERD,BLACK
11-06-11,STRAY,OTC,DOG,S,13,0,2,NORMAL,AUST SHEPHERD,BLACK
11-06-11,OWNER SUR,OTC,DOG,N,14,0,3,NORMAL,GERM SHEPHERD,BROWN
11-07-11,STRAY,OTC,CAT,S,0,1,8,NORMAL,DOMESTIC SH,CALICO
11-07-11,STRAY,OTC,CAT,S,0,1,8,NORMAL,DOMESTIC SH,TORTIE
11-07-11,STRAY,OTC,CAT,N,0,1,8,NORMAL,DOMESTIC LH,BLK SMOKE
11-07-11,STRAY,OTC,CAT,N,0,1,8,NORMAL,DOMESTIC LH,BLK SMOKE
11-07-11,STRAY,OTC,DOG,N,0,2,0,NORMAL,GERM SH POINT,WHITE
11-07-11,STRAY,OTC,DOG,S,0,2,0,NORMAL,GERM SH POINT,WHITE
11-07-11,STRAY,OTC,DOG,N,0,3,15,NORMAL,RAT TERRIER,WHITE
11-07-11,STRAY,FIELD,DOG,N,0,3,1,NORMAL,CHIHUAHUA SH,TAN
11-07-11,PUBLIC AST,OIJ,DOG,F,0,4,27,NORMAL,BOSTON TERRIER,WHITE
11-07-11,STRAY,FIELD,DOG,S,1,9,0,NORMAL,PIT BULL,BLACK
11-07-11,STRAY,OTC,DOG,N,1,9,11,NORMAL,SIBERIAN HUSKY,CREAM
11-07-11,STRAY,OTC,CAT,S,1,10,1,NORMAL,DOMESTIC SH,BLUE
11-07-11,STRAY,OTC,DOG,N,1,10,1,NORMAL,LABRADOR RETR,CHOCOLATE
11-07-11,STRAY,FIELD,DOG,N,1,11,22,NORMAL,PIT BULL,BLUE
11-07-11,STRAY,FIELD,DOG,S,1,11,22,NORMAL,PIT BULL,BLUE
11-07-11,STRAY,FIELD,DOG,N,1,0,0,NORMAL,BOXER,BROWN
11-07-11,STRAY,OTC,DOG,N,1,0,0,NORMAL,AM PIT BULL TER,RED
11-07-11,STRAY,OTC,DOG,S,1,0,0,NORMAL,CHIHUAHUA SH,BLACK
11-07-11,STRAY,FIELD,DOG,N,1,0,0,NORMAL,SIBERIAN HUSKY,BROWN
11-07-11,PUBLIC AST,NO SUBTYPE,CAT,N,1,0,0,NORMAL,DOMESTIC SH,BRN TABBY
11-07-11,OWNER SUR,NO SUBTYPE,CAT,S,1,0,0,NORMAL,DOMESTIC SH,ORG TABBY
11-07-11,STRAY,OTC,CAT,S,1,0,0,NORMAL,DOMESTIC SH,BLUE TABBY
11-07-11,STRAY,OTC,DOG,S,1,0,0,NORMAL,AM PIT BULL TER,BLACK
11-07-11,STRAY,OTC,CAT,S,1,0,0,NORMAL,DOMESTIC SH,BRN TABBY
11-07-11,STRAY,OTC,DOG,S,1,0,0,NORMAL,AMERICAN STAFF,RED
11-07-11,STRAY,FIELD,DOG,N,1,0,0,NORMAL,CHIHUAHUA SH,BLACK
11-07-11,OWNER SUR,OTC,DOG,N,1,2,0,NORMAL,PIT BULL,WHITE
11-07-11,OWNER SUR,OTC,DOG,N,1,2,0,NORMAL,PIT BULL,WHITE
11-07-11,OWNER SUR,OTC,DOG,N,2,7,14,SICK,PIT BULL,CHOCOLATE
11-07-11,STRAY,OTC,DOG,N,2,8,19,NORMAL,PLOTT HOUND,RED
11-07-11,PUBLIC AST,QUARANTINE,CAT,M,3,0,23,NORMAL,DOMESTIC SH,BRN TABBY
11-07-11,STRAY,OTC,DOG,S,2,0,0,NORMAL,AM PIT BULL TER,BROWN
11-07-11,STRAY,OTC,DOG,S,2,0,0,NORMAL,GOLDEN RETR,RED
11-07-11,STRAY,OTC,DOG,M,2,0,0,NORMAL,GOLDEN RETR,RED
11-07-11,STRAY,OTC,DOG,M,2,0,0,NORMAL,AM PIT BULL TER,BLACK
11-07-11,STRAY,FIELD,DOG,M,2,0,0,NORMAL,AUST SHEPHERD,RED
11-07-11,OWNER SUR,OTC,CAT,N,2,0,0,NORMAL,DOMESTIC SH,BLACK
11-07-11,STRAY,OTC,DOG,N,2,1,23,NORMAL,PIT BULL,RED
11-07-11,STRAY,FIELD,DOG,N,2,1,8,NORMAL,GERM SHEPHERD,BLACK
11-07-11,STRAY,OTC,CAT,S,3,0,0,NORMAL,DOMESTIC SH,BLUE TABBY
11-07-11,STRAY,OTC,DOG,S,3,0,0,NORMAL,LABRADOR RETR,BLACK
11-07-11,STRAY,OTC,DOG,S,3,0,0,NURSING,CHIHUAHUA SH,SABLE
11-07-11,STRAY,OTC,CAT,S,3,0,0,NORMAL,DOMESTIC SH,BRN TABBY
11-07-11,STRAY,FIELD,DOG,S,3,2,11,NORMAL,SIBERIAN HUSKY,BROWN
11-07-11,OWNER SUR,RETURN,DOG,N,4,0,10,NORMAL,AUST CATTLE DOG,RED MERLE
11-07-11,STRAY,OTC,DOG,N,4,5,29,NORMAL,PIT BULL,TAN
11-07-11,STRAY,OTC,DOG,M,5,0,0,NORMAL,GOLDEN RETR,BUFF
11-07-11,STRAY,OTC,DOG,N,5,0,1,INJURED,CHIHUAHUA SH,BROWN
11-07-11,STRAY,OTC,DOG,F,5,0,1,NORMAL,PUG,TAN
11-07-11,OWNER SUR,OTC,DOG,N,8,0,2,NORMAL,POODLE MIN,APRICOT
11-07-11,STRAY,OTC,DOG,S,8,0,2,NORMAL,MIN PINSCHER,BLACK
11-07-11,STRAY,OTC,DOG,N,10,0,2,NORMAL,LABRADOR RETR,BL BRINDLE
11-07-11,STRAY,OTC,DOG,N,10,0,2,NORMAL,BICHON FRISE,BUFF
11-07-11,STRAY,OTC,DOG,S,12,0,2,NORMAL,WELSH CORGI PEM,RED
11-08-11,STRAY,OTC,CAT,S,0,1,22,NORMAL,DOMESTIC MH,BLACK
11-08-11,STRAY,OTC,CAT,N,0,1,22,NORMAL,DOMESTIC MH,BLUE TABBY
11-08-11,STRAY,FIELD,DOG,S,0,2,28,NORMAL,LABRADOR RETR,BLACK
11-08-11,STRAY,FIELD,DOG,S,0,2,28,NORMAL,LABRADOR RETR,BROWN
11-08-11,PUBLIC AST,OIJ,DOG,F,0,3,0,NORMAL,LABRADOR RETR,BLACK
11-08-11,STRAY,OTC,DOG,S,0,3,1,SICK,GERM SHEPHERD,BLACK
11-08-11,STRAY,OTC,CAT,S,0,4,16,NORMAL,DOMESTIC SH,BLUE TABBY
11-08-11,OWNER SUR,OTC,DOG,M,0,4,2,NORMAL,OLD ENG BULLDOG,WHITE
11-08-11,OWNER SUR,OTC,DOG,F,0,4,2,NORMAL,OLD ENG BULLDOG,WHITE
11-08-11,OWNER SUR,OTC,DOG,M,0,4,2,NORMAL,OLD ENG BULLDOG,TAN
11-08-11,OWNER SUR,OTC,DOG,M,0,4,2,NORMAL,OLD ENG BULLDOG,WHITE
11-08-11,OWNER SUR,OTC,CAT,S,1,6,2,NORMAL,DOMESTIC MH,BLK SMOKE
11-08-11,STRAY,EMERG CLC,DOG,N,1,6,2,SICK,BULL TERRIER,BL BRINDLE
11-08-11,OWNER SUR,OTC,DOG,S,1,7,17,NORMAL,GERM SHEPHERD,BLACK
11-08-11,STRAY,FIELD,DOG,S,1,5,1,NORMAL,LABRADOR RETR,BLACK
11-08-11,PUBLIC AST,NO SUBTYPE,DOG,S,2,6,2,NORMAL,PIT BULL,WHITE
11-08-11,STRAY,OTC,DOG,S,2,6,2,NORMAL,PIT BULL,BLACK
11-08-11,STRAY,OTC,DOG,M,2,6,2,NORMAL,CATAHOULA,BLUE MERLE
11-08-11,STRAY,OTC,DOG,N,2,0,0,NORMAL,CHIHUAHUA SH,WHITE
11-08-11,STRAY,OTC,DOG,N,2,0,0,NORMAL,DACHSHUND,WHITE
11-08-11,STRAY,OTC,CAT,S,3,11,3,NORMAL,DOMESTIC MH,BLUE TABBY
11-08-11,STRAY,OTC,DOG,S,3,11,3,NORMAL,BOXER,BROWN
11-08-11,STRAY,OTC,DOG,S,3,0,0,NORMAL,SHIH TZU,WHITE
11-08-11,STRAY,FIELD,DOG,N,3,0,0,NORMAL,RAT TERRIER,WHITE
11-08-11,STRAY,FIELD,DOG,N,3,0,0,NORMAL,RAT TERRIER,WHITE
11-08-11,STRAY,EMERG CLC,DOG,N,4,1,3,INJURED,AUST CATTLE DOG,CREAM
11-08-11,OWNER SUR,RETURN,DOG,S,4,3,5,NORMAL,PIT BULL,BROWN
11-08-11,PUBLIC AST,QUARANTINE,DOG,S,5,7,24,NORMAL,PIT BULL,BLUE
11-08-11,STRAY,FIELD,DOG,N,5,0,1,NORMAL,RAT TERRIER,WHITE
11-08-11,STRAY,OTC,DOG,N,6,6,3,NORMAL,SHIH TZU,BLACK
11-08-11,PUBLIC AST,OWNER DIED,CAT,S,12,0,3,NORMAL,DOMESTIC SH,BLUE
11-09-11,STRAY,OTC,CAT,M,0,1,1,NORMAL,DOMESTIC SH,BLACK
11-09-11,STRAY,OTC,CAT,F,0,1,1,NORMAL,DOMESTIC SH,BLACK
11-09-11,STRAY,OTC,DOG,N,0,2,0,NORMAL,AUST SHEPHERD,BR BRINDLE
11-09-11,OWNER SUR,OTC,DOG,F,0,4,16,SICK,LABRADOR RETR,TAN
11-09-11,OWNER SUR,OTC,DOG,M,0,4,16,SICK,GERM SHEPHERD,TAN
11-09-11,OWNER SUR,OTC,DOG,M,0,4,16,SICK,GERM SHEPHERD,BLUE
11-09-11,OWNER SUR,OTC,DOG,F,0,4,16,SICK,GERM SHEPHERD,BLUE
11-09-11,OWNER SUR,OTC,DOG,M,0,4,16,SICK,GERM SHEPHERD,BLACK
11-09-11,STRAY,FIELD,DOG,S,0,4,2,NORMAL,PIT BULL,BR BRINDLE
11-09-11,STRAY,OTC,DOG,S,1,6,2,NORMAL,BORDER COLLIE,WHITE
11-09-11,STRAY,OTC,DOG,M,1,6,2,NORMAL,LABRADOR RETR,BR BRINDLE
11-09-11,STRAY,EMERG CLC,DOG,S,1,6,3,SICK,LABRADOR RETR,BROWN
11-09-11,PUBLIC AST,INVESTIGAT,DOG,F,1,11,0,NORMAL,AUST CATTLE DOG,BLACK
11-09-11,PUBLIC AST,INVESTIGAT,DOG,F,1,11,0,NORMAL,AUST CATTLE DOG,RED TICK
11-09-11,STRAY,FIELD,DOG,F,1,0,0,NORMAL,GERM SHEPHERD,BROWN
11-09-11,STRAY,OTC,DOG,N,1,0,0,NORMAL,BLOODHOUND,BROWN
11-09-11,PUBLIC AST,INVESTIGAT,DOG,S,1,4,13,NORMAL,PIT BULL,WHITE
11-09-11,STRAY,OTC,DOG,N,2,6,2,NORMAL,AM PIT BULL TER,WHITE
11-09-11,STRAY,FIELD,DOG,N,2,6,2,NORMAL,PIT BULL,WHITE
11-09-11,STRAY,OTC,DOG,S,3,0,0,NORMAL,GERM SHEPHERD,BLACK
11-09-11,STRAY,FIELD,DOG,N,2,0,0,NORMAL,CHIHUAHUA SH,BR BRINDLE
11-09-11,STRAY,OTC,DOG,S,2,0,0,NORMAL,PIT BULL,BR BRINDLE
11-09-11,OWNER SUR,OTC,DOG,N,2,0,0,NORMAL,PIT BULL,WHITE
11-09-11,STRAY,OTC,CAT,S,2,0,0,NORMAL,DOMESTIC SH,TORBIE
11-09-11,STRAY,OTC,CAT,N,2,0,0,FERAL,DOMESTIC SH,BLUE TABBY
11-09-11,STRAY,OTC,DOG,N,2,0,0,NORMAL,GR SWISS MTN,TRICOLOR
11-09-11,STRAY,OTC,DOG,S,2,0,0,NORMAL,PIT BULL,TAN
11-09-11,PUBLIC AST,INVESTIGAT,DOG,S,2,0,0,NORMAL,BASENJI,TAN
11-09-11,STRAY,OTC,DOG,N,4,0,0,NORMAL,AUST CATTLE DOG,BLUE TICK
11-09-11,STRAY,FIELD,DOG,S,3,0,0,OTHER,CATAHOULA,BLUE MERLE
11-09-11,OWNER SUR,OTC,CAT,N,3,0,0,NORMAL,DOMESTIC SH,BLUE TABBY
11-09-11,OWNER SUR,OTC,CAT,N,4,0,1,NORMAL,DOMESTIC SH,BLACK
11-09-11,STRAY,OTC,DOG,F,4,0,1,NORMAL,LABRADOR RETR,YELLOW
11-09-11,OWNER SUR,OTC,DOG,N,4,3,22,NORMAL,GERM SHEPHERD,TAN
11-09-11,STRAY,FIELD,DOG,S,6,0,28,NORMAL,CHIHUAHUA SH,TAN
11-09-11,PUBLIC AST,INVESTIGAT,DOG,S,5,0,0,NORMAL,AUST CATTLE DOG,BLACK
11-09-11,STRAY,OTC,DOG,M,5,0,1,NORMAL,LABRADOR RETR,BLACK
11-09-11,STRAY,OTC,DOG,S,5,0,1,NORMAL,GERM SHEPHERD,BLACK
11-09-11,STRAY,OTC,CAT,N,5,0,1,FERAL,DOMESTIC SH,BRN TABBY
11-09-11,STRAY,OTC,DOG,M,6,0,1,SICK,BORDER COLLIE,WHITE
11-09-11,STRAY,OTC,CAT,F,7,0,1,NORMAL,DOMESTIC SH,BLACK
11-09-11,STRAY,FIELD,DOG,N,11,9,12,AGED,CHOW CHOW,BLACK
11-10-11,STRAY,OTC,CAT,N,0,6,27,INJURED,DOMESTIC SH,ORG TABBY
11-10-11,STRAY,OTC,DOG,N,1,10,1,NORMAL,GERM SHEPHERD,BLACK
11-10-11,STRAY,OTC,CAT,N,1,0,0,NORMAL,SNOWSHOE,SEAL PT
11-10-11,STRAY,EMERG CLC,CAT,S,1,0,0,INJURED,DOMESTIC SH,WHITE
11-10-11,STRAY,OTC,DOG,F,2,0,0,NORMAL,CAIRN TERRIER,TAN
11-10-11,STRAY,OTC,DOG,N,4,0,23,NORMAL,CATAHOULA,WHITE
11-11-11,STRAY,FIELD,DOG,S,0,1,7,NORMAL,BOXER,TRICOLOR
11-11-11,STRAY,FIELD,DOG,S,0,1,7,NORMAL,BOXER,TAN
11-11-11,STRAY,FIELD,DOG,S,0,1,7,NORMAL,PIT BULL,BROWN
11-11-11,STRAY,FIELD,DOG,S,0,1,7,NORMAL,PIT BULL,BROWN
11-11-11,STRAY,FIELD,DOG,S,0,1,7,NORMAL,GERM SHEPHERD,BLACK
11-11-11,STRAY,FIELD,DOG,S,0,1,7,NORMAL,GERM SHEPHERD,BROWN
11-11-11,STRAY,FIELD,DOG,S,0,3,1,SICK,LABRADOR RETR,BLACK
11-11-11,STRAY,FIELD,DOG,N,0,4,2,NORMAL,WHIPPET,BROWN
11-11-11,STRAY,OTC,DOG,N,0,5,17,NORMAL,BEAGLE,TRICOLOR
11-11-11,STRAY,OTC,DOG,F,1,7,17,NORMAL,POINTER,CHOCOLATE
11-11-11,STRAY,FIELD,DOG,S,1,0,0,NORMAL,BOXER,FAWN
11-11-11,STRAY,EMERG CLC,DOG,N,1,0,0,NORMAL,POODLE MIN,WHITE
11-11-11,STRAY,OTC,DOG,S,2,6,2,NORMAL,BORDER TERRIER,TAN
11-11-11,PUBLIC AST,QUARANTINE,CAT,N,2,0,0,NORMAL,DOMESTIC SH,BLACK
11-11-11,STRAY,FIELD,DOG,S,3,6,2,NORMAL,PIT BULL,TAN
11-11-11,OWNER SUR,OTC,CAT,F,3,0,0,NORMAL,PERSIAN,BRN TABBY
11-11-11,OWNER SUR,OTC,CAT,M,3,0,0,NORMAL,PERSIAN,BLACK
11-11-11,OWNER SUR,OTC,DOG,S,4,7,25,NORMAL,CHIHUAHUA SH,BUFF
11-11-11,STRAY,FIELD,DOG,N,5,0,1,INJURED,GERM SHEPHERD,BLACK
11-11-11,STRAY,FIELD,DOG,S,9,0,2,NORMAL,JACK RUSS TERR,WHITE
11-11-11,STRAY,FIELD,DOG,N,10,0,2,INJURED,SCHNAUZER MIN,SILVER
11-11-11,PUBLIC AST,QUARANTINE,CAT,S,12,0,4,NORMAL,DOMESTIC SH,BLK TABBY
11-11-11,STRAY,FIELD,CAT,N,19,0,4,INJURED,DOMESTIC SH,BLACK
11-11-11,PUBLIC AST,QUARANTINE,CAT,N,NO AGE,NORMAL,DOMESTIC SH,WHITE,,
11-12-11,STRAY,OTC,CAT,F,0,0,2,SICK,DOMESTIC SH,CALICO
11-12-11,STRAY,OTC,CAT,F,0,0,3,NURSING,DOMESTIC SH,BLUE
11-12-11,STRAY,OTC,CAT,S,0,1,8,NORMAL,DOMESTIC SH,TORTIE PT
11-12-11,STRAY,OTC,CAT,N,0,1,8,NORMAL,DOMESTIC SH,ORANGE
11-12-11,STRAY,OTC,CAT,S,0,1,8,NORMAL,DOMESTIC LH,TORBIE
11-12-11,STRAY,OTC,CAT,S,0,1,8,NORMAL,DOMESTIC LH,CALICO
11-12-11,OWNER SUR,OTC,CAT,S,0,2,23,NORMAL,DOMESTIC SH,CALICO
11-12-11,OWNER SUR,OTC,CAT,N,0,2,23,NORMAL,SIAMESE,SEAL PT
11-12-11,STRAY,OTC,DOG,S,0,2,0,NORMAL,CHIHUAHUA SH,TRICOLOR
11-12-11,STRAY,OTC,DOG,S,0,2,0,NORMAL,CHIHUAHUA SH,TAN
11-12-11,STRAY,OTC,DOG,N,0,2,0,NORMAL,CHIHUAHUA SH,BROWN
11-12-11,STRAY,FIELD,DOG,S,0,2,3,NORMAL,LABRADOR RETR,BUFF
11-12-11,OWNER SUR,OTC,DOG,S,0,3,14,NORMAL,BOXER,BLACK
11-12-11,OWNER SUR,OTC,DOG,S,0,3,15,NORMAL,AUST SHEPHERD,BLACK
11-12-11,OWNER SUR,OTC,DOG,S,0,3,15,NORMAL,AUST CATTLE DOG,WHITE
11-12-11,OWNER SUR,OTC,DOG,S,0,3,15,NORMAL,AUST SHEPHERD,BLACK
11-12-11,OWNER SUR,OTC,DOG,S,0,3,15,NORMAL,AUST SHEPHERD,BLACK
11-12-11,OWNER SUR,OTC,DOG,S,0,3,15,NORMAL,AUST SHEPHERD,BLACK
11-12-11,OWNER SUR,OTC,DOG,S,0,3,15,NORMAL,AUST SHEPHERD,BLACK
11-12-11,STRAY,OTC,DOG,S,0,3,18,NORMAL,LABRADOR RETR,CHOCOLATE
11-12-11,STRAY,OTC,DOG,S,0,5,1,NORMAL,AUST CATTLE DOG,RED TICK
11-12-11,STRAY,OTC,DOG,S,0,5,1,NORMAL,GERM SHEPHERD,TAN
11-12-11,STRAY,OTC,DOG,N,0,6,16,NORMAL,MIN PINSCHER,BLACK
11-12-11,STRAY,OTC,DOG,S,0,6,16,NORMAL,MIN PINSCHER,BLACK
11-12-11,STRAY,OTC,DOG,S,1,6,2,NORMAL,AUST CATTLE DOG,TRICOLOR
11-12-11,STRAY,FIELD,DOG,S,1,6,2,NORMAL,GERM SHEPHERD,SABLE
11-12-11,STRAY,FIELD,DOG,N,1,6,2,NORMAL,LABRADOR RETR,BLACK
11-12-11,STRAY,FIELD,DOG,S,1,6,2,NORMAL,PLOTT HOUND,BL BRINDLE
11-12-11,OWNER SUR,OTC,DOG,S,1,6,8,NORMAL,LABRADOR RETR,BLACK
11-12-11,OWNER SUR,RETURN,DOG,N,1,9,11,NORMAL,CATAHOULA,BROWN
11-12-11,STRAY,OTC,CAT,S,1,10,1,NORMAL,DOMESTIC MH,BLUE
11-12-11,STRAY,OTC,DOG,N,1,10,1,NORMAL,BOXER,BROWN
11-12-11,STRAY,OTC,DOG,N,1,0,0,NORMAL,AUST CATTLE DOG,BLUE TICK
11-12-11,STRAY,OTC,DOG,S,1,6,19,INJURED,LABRADOR RETR,BROWN
11-12-11,STRAY,OTC,DOG,M,2,8,0,NORMAL,HARRIER,TRICOLOR
11-12-11,STRAY,FIELD,DOG,S,2,11,29,OTHER,GERM SHEPHERD,BROWN
11-12-11,OWNER SUR,OTC,DOG,N,2,0,0,NORMAL,GERM SHEPHERD,BROWN
11-12-11,PUBLIC AST,QUARANTINE,DOG,N,2,0,0,NORMAL,CHIHUAHUA SH,TAN
11-12-11,STRAY,OTC,CAT,F,2,0,0,NURSING,DOMESTIC SH,ORG TABBY
11-12-11,PUBLIC AST,QUARANTINE,DOG,N,2,0,0,NORMAL,RAT TERRIER,WHITE
11-12-11,PUBLIC AST,QUARANTINE,DOG,S,2,0,0,NORMAL,RAT TERRIER,WHITE
11-12-11,PUBLIC AST,QUARANTINE,DOG,S,2,0,0,NORMAL,RAT TERRIER,TAN
11-12-11,OWNER SUR,OTC,DOG,N,2,0,0,NORMAL,LABRADOR RETR,YELLOW
11-12-11,STRAY,OTC,CAT,F,2,0,0,NORMAL,DOMESTIC SH,BLACK
11-12-11,PUBLIC AST,EMERGENCY,DOG,S,3,7,26,NORMAL,PIT BULL,WHITE
11-12-11,PUBLIC AST,NO SUBTYPE,DOG,S,3,10,2,NORMAL,LABRADOR RETR,BLACK
11-12-11,STRAY,OTC,CAT,S,3,0,0,NORMAL,ANGORA,BLUE
11-12-11,STRAY,OTC,DOG,N,3,0,0,NORMAL,SAMOYED,WHITE
11-12-11,OWNER SUR,OTC,DOG,M,3,0,0,OTHER,ENG BULLDOG,WHITE
11-12-11,PUBLIC AST,QUARANTINE,DOG,N,3,0,0,NORMAL,DACHSHUND LH,BLUE
11-12-11,STRAY,OTC,CAT,S,4,0,1,NORMAL,MAINE COON,BRN TABBY
11-12-11,OWNER SUR,OTC,DOG,S,4,2,7,NORMAL,PIT BULL,WHITE
11-12-11,STRAY,OTC,DOG,F,5,0,1,NORMAL,CHIHUAHUA SH,BLACK
11-12-11,PUBLIC AST,QUARANTINE,DOG,S,5,0,1,NORMAL,RAT TERRIER,TRICOLOR
11-12-11,STRAY,OTC,DOG,N,5,0,1,NORMAL,ROTTWEILER,BLACK
11-12-11,OWNER SUR,OTC,CAT,S,6,8,15,NORMAL,DOMESTIC SH,TORBIE
11-12-11,OWNER SUR,OTC,CAT,N,7,8,13,NORMAL,DOMESTIC SH,BLUE
11-12-11,OWNER SUR,OTC,CAT,S,7,6,23,NORMAL,DOMESTIC SH,WHITE
11/13/2011,OWNER SUR,OTC,DOG,M,0,2,0,SICK,CHIHUAHUA SH,BROWN
11/13/2011,OWNER SUR,OTC,DOG,N,0,3,22,NORMAL,AMER BULLDOG,BROWN
11/13/2011,OWNER SUR,OTC,DOG,N,0,3,22,NORMAL,AMER BULLDOG,WHITE
11/13/2011,OWNER SUR,OTC,DOG,S,0,3,22,NORMAL,AMER BULLDOG,SABLE
11/13/2011,STRAY,OTC,CAT,N,0,3,8,NORMAL,DOMESTIC SH,ORG TABBY
11/13/2011,OWNER SUR,OTC,CAT,N,0,4,21,NORMAL,DOMESTIC SH,BLACK
11/13/2011,OWNER SUR,OTC,CAT,S,0,4,21,NORMAL,DOMESTIC SH,BLACK
11/13/2011,OWNER SUR,OTC,CAT,S,0,4,21,NORMAL,DOMESTIC SH,BLUE
11/13/2011,STRAY,FIELD,DOG,F,0,6,16,NORMAL,GERM SHEPHERD,SABLE
11/13/2011,STRAY,OTC,DOG,N,0,6,16,NORMAL,BORDER TERRIER,TRICOLOR
11/13/2011,STRAY,OTC,DOG,F,1,6,2,INJURED,CHIHUAHUA SH,TAN
11/13/2011,STRAY,OTC,DOG,S,1,8,2,NORMAL,LABRADOR RETR,TAN
11/13/2011,STRAY,FIELD,DOG,F,1,8,2,NORMAL,BLOODHOUND,TAN
11/13/2011,OWNER SUR,RETURN,DOG,N,1,10,12,NORMAL,PIT BULL,WHITE
11/13/2011,STRAY,OTC,DOG,S,1,10,1,NORMAL,CATAHOULA,BRN MERLE
11/13/2011,STRAY,FIELD,DOG,S,1,0,0,SICK,PIT BULL,BROWN
11/13/2011,STRAY,OTC,DOG,N,1,0,0,NORMAL,LABRADOR RETR,BROWN
11/13/2011,STRAY,OTC,DOG,S,2,6,2,NORMAL,SCHNAUZER STAND,BLACK
11/13/2011,STRAY,OTC,DOG,N,2,6,2,NORMAL,PIT BULL,CHOCOLATE
11/13/2011,STRAY,OTC,CAT,S,2,0,0,NORMAL,DOMESTIC SH,BRN TABBY
11/13/2011,STRAY,OTC,DOG,M,2,0,0,NORMAL,PIT BULL,BLACK
11/13/2011,STRAY,FIELD,DOG,N,2,0,0,INJURED,FOX TERR WIRE,TRICOLOR
11/13/2011,OWNER SUR,QUARANTINE,DOG,M,2,0,0,NORMAL,LABRADOR RETR,BLACK
11/13/2011,STRAY,OTC,CAT,M,2,0,0,NORMAL,SIAMESE,LYNX PT
11/13/2011,STRAY,FIELD,DOG,N,3,0,0,INJURED,SILKY TERRIER,TAN
11/13/2011,STRAY,OTC,DOG,N,4,7,29,NORMAL,PIT BULL,CHOCOLATE
11/13/2011,STRAY,OTC,DOG,S,5,7,23,NORMAL,LABRADOR RETR,BLACK
11/13/2011,OWNER SUR,OTC,DOG,S,5,0,1,NORMAL,JACK RUSS TERR,WHITE
11/13/2011,PUBLIC AST,QUARANTINE,DOG,N,5,0,1,NORMAL,CATAHOULA,BLUE MERLE
11/13/2011,STRAY,OTC,DOG,F,7,0,1,NORMAL,ROTTWEILER,BLACK
11/13/2011,OWNER SUR,OTC,CAT,S,8,0,2,NORMAL,DOMESTIC LH,BLACK
11/13/2011,STRAY,FIELD,DOG,S,9,0,2,NORMAL,LABRADOR RETR,TAN
11/13/2011,STRAY,OTC,DOG,N,NO AGE,NORMAL,YORKSHIRE TERR,TAN,,
11/13/2011,STRAY,OTC,CAT,F,NO AGE,NORMAL,DOMESTIC SH,BRN TABBY,,
11/14/2011,OWNER SUR,OTC,CAT,S,0,2,16,FERAL,DOMESTIC SH,BRN TABBY
11/14/2011,OWNER SUR,OTC,CAT,S,0,4,23,NORMAL,DOMESTIC SH,WHITE
11/14/2011,STRAY,FIELD,DOG,M,0,4,1,NORMAL,MALTESE,WHITE
11/14/2011,OWNER SUR,OTC,CAT,S,0,4,2,NORMAL,DOMESTIC SH,CALICO
11/14/2011,OWNER SUR,OTC,CAT,S,0,4,2,NORMAL,DOMESTIC SH,CRM TABBY
11/14/2011,STRAY,OTC,DOG,S,0,5,1,SICK,BEAGLE,BROWN
11/14/2011,STRAY,OTC,DOG,S,1,6,2,SICK,MALTESE,WHITE
11/14/2011,STRAY,FIELD,DOG,N,1,9,0,NORMAL,DACHSHUND,BROWN
11/14/2011,PUBLIC AST,QUARANTINE,DOG,N,1,10,3,NORMAL,CHIHUAHUA SH,BLACK
11/14/2011,OWNER SUR,FIELD,DOG,S,1,11,14,NORMAL,BEAGLE,BLACK
11/14/2011,STRAY,OTC,DOG,N,1,11,1,NORMAL,LABRADOR RETR,BLACK
11/14/2011,OWNER SUR,FIELD,DOG,N,1,11,6,NORMAL,HAVANESE,WHITE
11/14/2011,STRAY,OTC,CAT,N,2,0,0,NORMAL,DOMESTIC SH,BRN TABBY
11/14/2011,OWNER SUR,OTC,CAT,S,1,0,0,FERAL,DOMESTIC SH,LYNX PT
11/14/2011,STRAY,FIELD,DOG,N,1,0,0,NORMAL,CHIHUAHUA SH,BROWN
11/14/2011,OWNER SUR,FIELD,DOG,M,1,0,0,SICK,ROTTWEILER,BLACK
11/14/2011,OWNER SUR,OTC,DOG,F,2,6,2,NORMAL,BEAGLE,TRICOLOR
11/14/2011,STRAY,OTC,DOG,S,2,6,2,NORMAL,LABRADOR RETR,BLACK
11/14/2011,STRAY,FIELD,DOG,N,2,6,2,NORMAL,LABRADOR RETR,BLACK
11/14/2011,STRAY,FIELD,DOG,S,2,7,7,NORMAL,GERM SHEPHERD,BLACK
11/14/2011,STRAY,FIELD,DOG,N,2,7,12,NORMAL,LABRADOR RETR,BLACK
11/14/2011,PUBLIC AST,QUARANTINE,DOG,N,2,10,15,NORMAL,LABRADOR RETR,BLACK
11/14/2011,STRAY,FIELD,DOG,N,2,10,7,NORMAL,BOXER,BLACK
11/14/2011,STRAY,OTC,DOG,S,2,0,0,NORMAL,RAT TERRIER,WHITE
11/14/2011,STRAY,FIELD,DOG,S,2,0,0,NORMAL,PIT BULL,TAN
11/14/2011,STRAY,FIELD,DOG,S,2,0,0,NORMAL,PIT BULL,TAN
11/14/2011,PUBLIC AST,QUARANTINE,DOG,N,2,3,21,NORMAL,CHIHUAHUA SH,TAN
11/14/2011,PUBLIC AST,OIJ,DOG,N,3,0,0,NORMAL,AMER BULLDOG,WHITE
11/14/2011,STRAY,OTC,CAT,N,3,0,0,NORMAL,DOMESTIC SH,ORG TABBY
11/14/2011,STRAY,OTC,DOG,N,3,0,0,NORMAL,NS DUCK TOLLING,TAN
11/14/2011,STRAY,OTC,CAT,S,3,0,0,NORMAL,DOMESTIC SH,CALICO
11/14/2011,STRAY,OTC,CAT,S,3,0,0,NORMAL,DOMESTIC SH,TORBIE
11/14/2011,OWNER SUR,RETURN,DOG,S,3,1,4,NORMAL,CHIHUAHUA SH,BROWN
11/14/2011,STRAY,OTC,DOG,N,4,0,1,NORMAL,POODLE TOY,WHITE
11/14/2011,OWNER SUR,OTC,CAT,S,4,0,1,FERAL,DOMESTIC SH,SEAL PT
11/14/2011,STRAY,FIELD,DOG,M,5,0,1,NORMAL,CHIHUAHUA SH,BLACK
11/14/2011,STRAY,OTC,DOG,N,6,0,1,NORMAL,DACHSHUND,RED
11/14/2011,STRAY,EMERG CLC,DOG,M,6,0,1,NORMAL,YORKSHIRE TERR,BLACK
11/14/2011,STRAY,OTC,CAT,N,7,0,1,NORMAL,DOMESTIC SH,ORG TABBY
11/14/2011,STRAY,OTC,DOG,S,7,0,1,NORMAL,AUST SHEPHERD,SABLE
11/14/2011,STRAY,FIELD,DOG,M,7,0,1,NORMAL,LABRADOR RETR,CHOCOLATE
11/14/2011,PUBLIC AST,QUARANTINE,DOG,N,7,6,22,NORMAL,BULL TERRIER,WHITE
11/14/2011,PUBLIC AST,QUARANTINE,DOG,S,7,6,22,NORMAL,BULL TERRIER,BR BRINDLE
11/14/2011,PUBLIC AST,EVICTION,DOG,M,15,0,3,AGED,CHIHUAHUA LH,BLACK
11/14/2011,STRAY,FIELD,DOG,N,16,11,18,SICK,COCKER SPAN,TAN
11/14/2011,STRAY,OTC,CAT,S,19,0,3,SICK,DOMESTIC SH,WHITE
11/15/2011,STRAY,FIELD,DOG,S,0,2,0,SICK,CHIHUAHUA SH,TAN
11/15/2011,STRAY,OTC,CAT,S,0,3,1,NORMAL,SIAMESE,CALICO PT
11/15/2011,OWNER SUR,OTC,CAT,N,0,5,1,NORMAL,TURKISH ANGORA,WHITE
11/15/2011,STRAY,FIELD,DOG,S,1,6,2,NORMAL,BLACK MOUTH CUR,BROWN
11/15/2011,STRAY,FIELD,DOG,N,1,6,2,NORMAL,BLACK MOUTH CUR,BROWN
11/15/2011,STRAY,OTC,DOG,S,1,8,1,NORMAL,BORDER COLLIE,TAN
11/15/2011,STRAY,OTC,CAT,N,1,8,2,NORMAL,BIRMAN,SEAL PT
11/15/2011,OWNER SUR,OTC,DOG,S,1,8,2,NORMAL,CHIHUAHUA SH,TAN
11/15/2011,STRAY,OTC,DOG,F,1,0,0,NORMAL,AUST CATTLE DOG,WHITE
11/15/2011,STRAY,OTC,DOG,N,1,0,0,NORMAL,LHASA APSO,SABLE
11/15/2011,STRAY,OTC,DOG,N,1,0,0,NORMAL,NORWICH TERRIER,BROWN
11/15/2011,OWNER SUR,OTC,CAT,S,1,0,0,NORMAL,DOMESTIC SH,BLACK
11/15/2011,STRAY,OTC,DOG,S,1,0,0,NORMAL,LABRADOR RETR,BROWN
11/15/2011,STRAY,OTC,DOG,S,1,2,0,NORMAL,BORDER COLLIE,BLACK
11/15/2011,STRAY,FIELD,DOG,N,2,6,1,NORMAL,POLISH LOWLAND,WHITE
11/15/2011,STRAY,OTC,DOG,S,2,0,0,NORMAL,BORDER COLLIE,TRICOLOR
11/15/2011,STRAY,FIELD,DOG,S,2,0,0,NORMAL,LABRADOR RETR,CHOCOLATE
11/15/2011,STRAY,OTC,DOG,S,2,0,0,NORMAL,AM PIT BULL TER,WHITE
11/15/2011,OWNER SUR,OTC,DOG,N,3,0,0,NORMAL,NORWICH TERRIER,TAN
11/15/2011,OWNER SUR,OTC,DOG,S,3,0,0,NORMAL,LHASA APSO,GRAY
11/15/2011,STRAY,OTC,DOG,N,3,0,0,NORMAL,BORDER COLLIE,BLACK
11/15/2011,PUBLIC AST,QUARANTINE,CAT,N,4,7,28,NORMAL,DOMESTIC SH,ORG TABBY
11/15/2011,OWNER SUR,OTC,CAT,N,5,0,1,NORMAL,SIAMESE,LYNX PT
11/15/2011,OWNER SUR,RETURN,DOG,S,5,1,17,NORMAL,JACK RUSS TERR,TRICOLOR
11/15/2011,STRAY,NO SUBTYPE,DOG,S,6,1,18,NORMAL,GERM SHEPHERD,BLACK
11/15/2011,STRAY,OTC,DOG,N,7,0,1,NORMAL,LABRADOR RETR,BLACK
11/15/2011,STRAY,OTC,CAT,S,8,0,2,NORMAL,BIRMAN,BLUE PT
11/15/2011,STRAY,OTC,DOG,F,9,0,2,NORMAL,AM PIT BULL TER,BROWN
11/16/2011,STRAY,OTC,DOG,S,0,2,16,NORMAL,LABRADOR RETR,BLACK
11/16/2011,STRAY,OTC,DOG,F,0,2,16,NORMAL,LABRADOR RETR,BLACK
11/16/2011,STRAY,OTC,DOG,S,0,2,16,NORMAL,LABRADOR RETR,BLACK
11/16/2011,STRAY,OTC,DOG,S,0,2,16,NORMAL,LABRADOR RETR,BLACK
11/16/2011,STRAY,OTC,CAT,N,0,2,18,NORMAL,DOMESTIC SH,BRN TABBY
11/16/2011,STRAY,OTC,CAT,F,0,2,23,NORMAL,SIAMESE,LYNX PT
11/16/2011,STRAY,OTC,CAT,F,0,2,23,NORMAL,SNOWSHOE,SEAL PT
11/16/2011,STRAY,OTC,CAT,S,0,2,6,NORMAL,DOMESTIC SH,ORG TABBY
11/16/2011,STRAY,OTC,CAT,S,0,3,22,NORMAL,DOMESTIC SH,ORG TABBY
11/16/2011,STRAY,OTC,CAT,N,0,3,22,NORMAL,DOMESTIC SH,BLACK
11/16/2011,STRAY,OTC,CAT,N,0,3,22,NORMAL,DOMESTIC SH,ORG TABBY
11/16/2011,STRAY,OTC,DOG,S,0,3,25,SICK,JACK RUSS TERR,WHITE
11/16/2011,STRAY,OTC,DOG,N,1,6,2,NORMAL,MANCHESTER TERR,BUFF
11/16/2011,STRAY,FIELD,DOG,M,1,6,2,NORMAL,DACHSHUND,BLACK
11/16/2011,STRAY,OTC,DOG,N,1,7,17,NORMAL,LABRADOR RETR,TAN
11/16/2011,STRAY,OTC,DOG,N,1,7,28,NORMAL,STAFFORDSHIRE,BROWN
11/16/2011,STRAY,OTC,DOG,S,1,8,0,NORMAL,BEAGLE,BROWN
11/16/2011,OWNER SUR,OTC,CAT,N,1,10,1,NORMAL,DOMESTIC SH,BRN TABBY
11/16/2011,OWNER SUR,OTC,CAT,S,1,10,1,NORMAL,DOMESTIC SH,CALICO
11/16/2011,OWNER SUR,OTC,CAT,S,1,10,1,NORMAL,DOMESTIC SH,CALICO
11/16/2011,STRAY,OTC,DOG,S,1,0,0,SICK,PIT BULL,BR BRINDLE
11/16/2011,OWNER SUR,OTC,DOG,S,1,0,0,PREGNANT,CHIHUAHUA SH,TAN
11/16/2011,STRAY,FIELD,DOG,N,1,0,0,NORMAL,CHIHUAHUA SH,TAN
11/16/2011,STRAY,FIELD,DOG,F,1,0,0,NORMAL,LABRADOR RETR,TAN
11/16/2011,STRAY,OTC,DOG,S,1,0,0,NORMAL,SIBERIAN HUSKY,BLACK
11/16/2011,STRAY,OTC,DOG,S,1,1,17,NORMAL,NORFOLK TERRIER,BUFF
11/16/2011,STRAY,FIELD,DOG,N,1,1,7,NORMAL,HAVANESE,SILVER
11/16/2011,STRAY,OTC,CAT,S,2,0,0,NORMAL,DOMESTIC SH,TORTIE
11/16/2011,STRAY,OTC,CAT,N,2,0,0,NORMAL,DOMESTIC SH,ORG TABBY
11/16/2011,STRAY,OTC,CAT,S,2,0,0,NORMAL,DOMESTIC LH,WHITE
11/16/2011,STRAY,OTC,DOG,N,2,0,0,NORMAL,POODLE MIN,WHITE
11/16/2011,STRAY,OTC,CAT,N,2,0,0,NORMAL,DOMESTIC SH,BLUE
11/16/2011,STRAY,OTC,CAT,N,2,0,0,NORMAL,DOMESTIC SH,BLACK
11/16/2011,STRAY,OTC,CAT,S,2,0,0,NORMAL,DOMESTIC MH,CALICO
11/16/2011,STRAY,OTC,CAT,S,2,0,0,NORMAL,DOMESTIC SH,BLACK
11/16/2011,STRAY,OTC,CAT,S,2,0,0,NORMAL,DOMESTIC SH,BRN TABBY
11/16/2011,STRAY,OTC,DOG,S,2,0,0,NORMAL,LABRADOR RETR,BLACK
11/16/2011,STRAY,OTC,DOG,S,2,0,0,NORMAL,DOBERMAN PINSCH,BLACK
11/16/2011,OWNER SUR,RETURN,DOG,N,2,2,5,NORMAL,CHOW CHOW,BLACK
11/16/2011,STRAY,OTC,DOG,N,2,3,20,NORMAL,BOXER,BROWN
11/16/2011,STRAY,OTC,DOG,N,2,4,9,NORMAL,COCKER SPAN,BLACK
11/16/2011,PUBLIC AST,OIJ,DOG,N,3,6,2,NORMAL,PIT BULL,BROWN
11/16/2011,STRAY,FIELD,DOG,S,3,0,0,NORMAL,CHIHUAHUA SH,WHITE
11/16/2011,STRAY,FIELD,DOG,N,3,0,0,NORMAL,ROTTWEILER,BLACK
11/16/2011,STRAY,FIELD,DOG,S,3,0,0,NORMAL,ROTTWEILER,BLACK
11/16/2011,PUBLIC AST,OIJ,DOG,N,3,0,0,NORMAL,BASSET HOUND,WHITE
11/16/2011,STRAY,FIELD,DOG,N,3,0,0,NORMAL,AUST SHEPHERD,TRICOLOR
11/16/2011,STRAY,FIELD,DOG,S,3,0,0,NORMAL,PIT BULL,WHITE
11/16/2011,STRAY,FIELD,DOG,S,3,0,0,NORMAL,PIT BULL,WHITE
11/16/2011,STRAY,FIELD,DOG,N,3,0,0,NORMAL,AM PIT BULL TER,BR BRINDLE
11/16/2011,PUBLIC AST,QUARANTINE,DOG,N,3,0,0,NORMAL,BEAGLE,BROWN
11/16/2011,STRAY,FIELD,DOG,N,3,3,26,NORMAL,PIT BULL,RED
11/16/2011,STRAY,OTC,DOG,N,3,5,9,NORMAL,POODLE MIN,WHITE
11/16/2011,STRAY,OTC,DOG,M,4,0,1,NORMAL,PIT BULL,BLUE
11/16/2011,PUBLIC AST,QUARANTINE,DOG,N,4,0,2,NORMAL,RHOD RIDGEBACK,BROWN
11/16/2011,STRAY,OTC,DOG,N,4,1,11,NORMAL,AUST CATTLE DOG,CREAM
11/16/2011,STRAY,OTC,CAT,N,5,0,1,NORMAL,DOMESTIC SH,BRN TABBY
11/16/2011,STRAY,OTC,DOG,N,5,0,1,NORMAL,LABRADOR RETR,BROWN
11/16/2011,PUBLIC AST,QUARANTINE,DOG,F,5,0,2,NORMAL,SCHNAUZER STAND,WHITE
11/16/2011,PUBLIC AST,QUARANTINE,DOG,N,5,0,2,NORMAL,SCHNAUZER STAND,WHITE
11/16/2011,STRAY,FIELD,DOG,N,6,11,22,NORMAL,AMERICAN STAFF,BLACK
11/16/2011,STRAY,EMERG CLC,DOG,S,6,11,9,INJURED,AUST CATTLE DOG,BLACK
11/16/2011,STRAY,OTC,DOG,S,6,0,1,NORMAL,CHIHUAHUA SH,TAN
11/16/2011,STRAY,OTC,DOG,N,6,0,1,NORMAL,PIT BULL,CHOCOLATE
11/16/2011,STRAY,OTC,DOG,S,7,10,5,NORMAL,BEAGLE,TRICOLOR
11/16/2011,STRAY,FIELD,DOG,S,8,0,2,NORMAL,SHIH TZU,BLACK
11/16/2011,STRAY,OTC,DOG,S,10,0,2,NORMAL,COLLIE SMOOTH,BROWN
11/16/2011,STRAY,FIELD,DOG,N,11,9,12,AGED,CHIHUAHUA SH,BLACK
11/17/2011,OWNER SUR,OTC,CAT,N,0,1,1,NORMAL,JAPAN BOBTAIL,ORG TABBY
11/17/2011,STRAY,OTC,CAT,S,0,1,8,NORMAL,DOMESTIC LH,CALICO
11/17/2011,STRAY,OTC,CAT,N,0,1,8,NORMAL,DOMESTIC MH,ORG TABBY
11/17/2011,STRAY,OTC,CAT,S,0,1,8,NORMAL,DOMESTIC SH,BLACK
11/17/2011,STRAY,OTC,CAT,S,0,1,8,NORMAL,DOMESTIC SH,CALICO
11/17/2011,STRAY,OTC,CAT,S,0,1,8,NORMAL,DOMESTIC SH,CALICO
11/17/2011,OWNER SUR,OTC,CAT,N,0,1,8,NORMAL,SIAMESE,SEAL PT
11/17/2011,OWNER SUR,RETURN,DOG,S,0,3,20,NORMAL,AUST CATTLE DOG,WHITE
11/17/2011,STRAY,OTC,DOG,M,0,3,22,NORMAL,POINTER,BLACK
11/17/2011,STRAY,OTC,DOG,F,0,3,22,NORMAL,GOLDEN RETR,GOLD
11/17/2011,OWNER SUR,OTC,DOG,M,0,3,1,SICK,CHIHUAHUA SH,BROWN
11/17/2011,OWNER SUR,RETURN,DOG,N,0,5,23,NORMAL,BEAGLE,TRICOLOR
11/17/2011,STRAY,FIELD,DOG,S,1,6,2,NORMAL,AUST SHEPHERD,TRICOLOR
11/17/2011,OWNER SUR,OTC,DOG,F,1,8,2,NORMAL,PIT BULL,BLUE
11/17/2011,STRAY,FIELD,DOG,F,1,9,0,SICK,GERM SHEPHERD,BROWN
11/17/2011,STRAY,FIELD,DOG,N,1,10,1,INJURED,LABRADOR RETR,BLACK
11/17/2011,STRAY,FIELD,DOG,F,1,0,0,NORMAL,POINTER,BR BRINDLE
11/17/2011,STRAY,OTC,DOG,M,1,2,21,NORMAL,CHIHUAHUA SH,BLACK
11/17/2011,STRAY,OTC,DOG,S,2,6,2,OTHER,DOBERMAN PINSCH,BLACK
11/17/2011,STRAY,OTC,CAT,N,2,0,0,NORMAL,DOMESTIC SH,ORG TABBY
11/17/2011,STRAY,EMERG CLC,DOG,S,2,0,1,INJURED,PIT BULL,BROWN
11/17/2011,STRAY,OTC,DOG,N,3,0,0,NORMAL,CHIHUAHUA SH,TRICOLOR
11/17/2011,STRAY,OTC,DOG,N,3,0,0,NORMAL,AUST CATTLE DOG,BLACK
11/17/2011,PUBLIC AST,QUARANTINE,DOG,N,3,0,0,NORMAL,SHIH TZU,GRAY
11/17/2011,OWNER SUR,OTC,DOG,N,3,0,1,NORMAL,LHASA APSO,WHITE
11/17/2011,OWNER SUR,OTC,CAT,N,3,1,21,NORMAL,DOMESTIC SH,WHITE
11/17/2011,STRAY,OTC,DOG,S,6,6,2,NORMAL,POINTER,WHITE
11/17/2011,STRAY,OTC,DOG,M,6,6,2,NORMAL,BLUETICK HOUND,WHITE
11/17/2011,STRAY,OTC,DOG,S,6,2,15,NORMAL,PIT BULL,BLUE
11/17/2011,STRAY,OTC,DOG,N,7,0,1,NORMAL,CHIHUAHUA SH,WHITE
11/17/2011,STRAY,OTC,DOG,S,8,0,2,SICK,WEIMARANER,BLUE
11/17/2011,STRAY,FIELD,DOG,S,8,0,2,NORMAL,GERM SHEPHERD,SABLE
11/17/2011,STRAY,OTC,DOG,S,10,0,2,NORMAL,POINTER,WHITE
11/17/2011,STRAY,FIELD,DOG,S,11,2,11,NORMAL,LABRADOR RETR,RED
11/18/2011,STRAY,OTC,DOG,N,0,1,19,NURSING,CHIHUAHUA SH,YELLOW
11/18/2011,STRAY,OTC,DOG,S,0,1,19,NURSING,CHIHUAHUA SH,YELLOW
11/18/2011,STRAY,OTC,DOG,N,0,1,19,NURSING,CHIHUAHUA SH,YELLOW
11/18/2011,STRAY,OTC,DOG,N,0,1,19,NURSING,CHIHUAHUA SH,BLACK
11/18/2011,STRAY,OTC,DOG,N,0,1,19,NURSING,CHIHUAHUA SH,SABLE
11/18/2011,STRAY,OTC,DOG,S,0,1,19,NURSING,CHIHUAHUA SH,SABLE
11/18/2011,STRAY,OTC,DOG,N,0,2,7,NORMAL,AUST SHEPHERD,RED TICK
11/18/2011,STRAY,OTC,CAT,S,0,3,15,NORMAL,DOMESTIC MH,TORBIE
11/18/2011,STRAY,OTC,DOG,S,0,3,15,NORMAL,LABRADOR RETR,BLACK
11/18/2011,STRAY,OTC,DOG,N,0,3,15,NORMAL,AUST SHEPHERD,TAN
11/18/2011,STRAY,OTC,DOG,S,0,3,17,NORMAL,LABRADOR RETR,BLACK
11/18/2011,STRAY,OTC,DOG,S,0,3,22,NORMAL,BORDER COLLIE,TRICOLOR
11/18/2011,STRAY,OTC,CAT,S,0,4,2,NORMAL,DOMESTIC SH,TORBIE
11/18/2011,STRAY,OTC,CAT,N,0,4,2,NORMAL,DOMESTIC SH,BRN TABBY
11/18/2011,PUBLIC AST,QUARANTINE,DOG,N,0,4,7,NORMAL,CHIHUAHUA SH,WHITE
11/18/2011,STRAY,OTC,DOG,S,0,6,16,NORMAL,CHIHUAHUA SH,TRICOLOR
11/18/2011,OWNER SUR,OTC,DOG,N,1,9,0,NORMAL,DACHSHUND,RED
11/18/2011,OWNER SUR,OTC,DOG,M,1,9,0,NORMAL,DACHSHUND,WHITE
11/18/2011,STRAY,FIELD,DOG,N,1,10,24,NORMAL,CHIHUAHUA SH,BLACK
11/18/2011,STRAY,OTC,CAT,S,1,10,1,NORMAL,DOMESTIC MH,CALICO
11/18/2011,STRAY,FIELD,DOG,N,1,0,0,NORMAL,CHIHUAHUA SH,BLACK
11/18/2011,STRAY,OTC,DOG,N,1,0,0,NORMAL,BEAGLE,BLACK
11/18/2011,STRAY,OTC,CAT,S,1,0,0,NORMAL,DOMESTIC SH,BLUE
11/18/2011,STRAY,OTC,DOG,N,1,0,0,NORMAL,AUST CATTLE DOG,TRICOLOR
11/18/2011,OWNER SUR,OTC,DOG,N,1,0,0,NORMAL,CATAHOULA,BR BRINDLE
11/18/2011,OWNER SUR,OTC,DOG,N,1,0,0,NORMAL,CATAHOULA,RED
11/18/2011,STRAY,OTC,CAT,S,1,0,0,NORMAL,DOMESTIC LH,TORTIE
11/18/2011,STRAY,OTC,CAT,S,1,0,0,NORMAL,DOMESTIC SH,TORTIE
11/18/2011,STRAY,OTC,DOG,N,1,0,0,NORMAL,AUST SHEPHERD,BLACK
11/18/2011,STRAY,OTC,DOG,S,1,0,0,NORMAL,LABRADOR RETR,BLACK
11/18/2011,PUBLIC AST,QUARANTINE,DOG,S,2,6,2,NORMAL,BORDER COLLIE,WHITE
11/18/2011,STRAY,FIELD,DOG,N,3,0,22,NORMAL,CHIHUAHUA SH,TAN
11/18/2011,STRAY,QUARANTINE,DOG,S,2,0,0,NORMAL,RAT TERRIER,BLACK
11/18/2011,STRAY,EMERG CLC,DOG,S,2,0,0,INJURED,CHIHUAHUA SH,WHITE
11/18/2011,STRAY,OTC,DOG,N,2,2,15,NORMAL,LABRADOR RETR,RED
11/18/2011,STRAY,OTC,DOG,S,3,6,2,NORMAL,PIT BULL,BLACK
11/18/2011,PUBLIC AST,QUARANTINE,DOG,S,3,11,14,NORMAL,DACHSHUND,BLUE MERLE
11/18/2011,STRAY,FIELD,DOG,N,3,0,0,NORMAL,GERM SHEPHERD,BLACK
11/18/2011,STRAY,OTC,DOG,N,3,0,0,NORMAL,CHIHUAHUA SH,BLACK
11/18/2011,STRAY,OTC,DOG,N,3,0,0,NORMAL,CHIHUAHUA SH,RED
11/18/2011,OWNER SUR,OTC,CAT,S,3,6,24,NORMAL,DOMESTIC MH,TORBIE
11/18/2011,STRAY,OTC,CAT,N,4,0,1,NORMAL,DOMESTIC SH,BLACK
11/18/2011,STRAY,FIELD,DOG,F,4,0,1,INJURED,CHINESE SHARPEI,TAN
11/18/2011,OWNER SUR,OTC,CAT,S,5,0,1,NORMAL,HIMALAYAN,BLUE PT
11/18/2011,STRAY,OTC,CAT,N,5,0,1,NORMAL,DOMESTIC SH,BRN TABBY
11/18/2011,STRAY,OTC,DOG,N,6,3,5,NORMAL,PARSON RUSS TER,TRICOLOR
11/18/2011,STRAY,OTC,DOG,N,7,4,16,INJURED,BASSET HOUND,TRICOLOR
11/18/2011,STRAY,OTC,CAT,N,9,0,2,NORMAL,MAINE COON,BLK SMOKE
11/18/2011,STRAY,FIELD,DOG,N,9,0,2,NORMAL,LABRADOR RETR,BLACK
11/18/2011,STRAY,OTC,DOG,N,9,5,0,NORMAL,RAT TERRIER,TRICOLOR
11/18/2011,STRAY,OTC,DOG,N,10,7,2,NORMAL,LABRADOR RETR,BLACK
11/18/2011,EUTH REQ,NO SUBTYPE,DOG,M,11,0,2,SICK,DACHSHUND,RED
11/18/2011,STRAY,OTC,DOG,S,12,0,2,NORMAL,LABRADOR RETR,YELLOW
11/18/2011,STRAY,OTC,DOG,N,12,0,3,AGED,BEAGLE,TRICOLOR
11/19/2011,STRAY,OTC,DOG,S,0,2,0,SICK,PIT BULL,CHOCOLATE
11/19/2011,STRAY,OTC,DOG,S,0,2,0,SICK,LABRADOR RETR,BR BRINDLE
11/19/2011,STRAY,OTC,DOG,S,0,2,0,SICK,LABRADOR RETR,BLACK
11/19/2011,OWNER SUR,OTC,CAT,N,0,3,15,NORMAL,BALINESE,FLAME PT
11/19/2011,OWNER SUR,OTC,CAT,N,0,3,15,NORMAL,BALINESE,FLAME PT
11/19/2011,STRAY,OTC,CAT,S,0,3,15,NORMAL,DOMESTIC SH,BLUE
11/19/2011,STRAY,FIELD,DOG,N,0,3,27,NORMAL,CHIHUAHUA SH,BROWN
11/19/2011,STRAY,FIELD,DOG,N,0,3,9,NORMAL,CHIHUAHUA SH,BLACK
11/19/2011,STRAY,FIELD,DOG,N,0,4,10,NORMAL,CHIHUAHUA SH,TAN
11/19/2011,STRAY,OTC,DOG,S,0,4,13,NORMAL,PIT BULL,TAN
11/19/2011,STRAY,FIELD,DOG,M,0,6,16,NORMAL,BLUE LACY,TAN
11/19/2011,STRAY,FIELD,DOG,S,1,7,2,NORMAL,PIT BULL,FAWN
11/19/2011,OWNER SUR,RETURN,CAT,N,1,8,26,NORMAL,DOMESTIC SH,BRN TABBY
11/19/2011,STRAY,OTC,CAT,S,1,9,20,NORMAL,DOMESTIC SH,ORG TABBY
11/19/2011,STRAY,OTC,DOG,N,1,10,1,NORMAL,ENG SPRNGR SPAN,LIVER
11/19/2011,OWNER SUR,OTC,CAT,S,1,11,13,NORMAL,DOMESTIC SH,BLUE
11/19/2011,STRAY,OTC,DOG,N,2,0,20,NORMAL,LABRADOR RETR,BLACK
11/19/2011,STRAY,OTC,DOG,N,1,0,0,NORMAL,CAIRN TERRIER,TAN
11/19/2011,PUBLIC AST,NO SUBTYPE,DOG,N,1,0,0,NORMAL,LABRADOR RETR,BLACK
11/19/2011,OWNER SUR,OTC,DOG,N,1,0,0,NORMAL,BASSET HOUND,BROWN
11/19/2011,STRAY,FIELD,DOG,F,1,6,28,NORMAL,CHIHUAHUA SH,BLACK
11/19/2011,STRAY,FIELD,DOG,S,2,6,2,INJURED,GERM SHEPHERD,TAN
11/19/2011,STRAY,FIELD,DOG,N,2,6,2,NORMAL,PIT BULL,BLUE
11/19/2011,STRAY,OTC,DOG,S,2,6,2,NORMAL,DACHSHUND,TAN
11/19/2011,STRAY,OTC,CAT,F,2,0,0,NORMAL,DOMESTIC SH,ORG TABBY
11/19/2011,STRAY,OTC,CAT,F,2,0,0,NORMAL,DOMESTIC SH,ORG TABBY
11/19/2011,STRAY,FIELD,DOG,N,2,0,0,NORMAL,CATAHOULA,WHITE
11/19/2011,STRAY,OTC,CAT,M,2,0,0,NORMAL,DOMESTIC SH,ORG TABBY
11/19/2011,STRAY,OTC,DOG,M,2,0,0,NORMAL,DOBERMAN PINSCH,BLACK
11/19/2011,STRAY,OTC,DOG,N,2,0,0,NORMAL,AUST CATTLE DOG,BLUE TICK
11/19/2011,STRAY,OTC,DOG,S,2,6,28,NORMAL,NORFOLK TERRIER,TAN
11/19/2011,STRAY,QUARANTINE,DOG,N,4,10,17,NORMAL,LABRADOR RETR,BLACK
11/19/2011,PUBLIC AST,NO SUBTYPE,DOG,S,5,0,24,NORMAL,PIT BULL,BR BRINDLE
11/19/2011,STRAY,FIELD,CAT,N,4,0,1,NORMAL,DOMESTIC SH,CRM TABBY
11/19/2011,STRAY,OTC,DOG,S,4,0,1,NORMAL,CHOW CHOW,TAN
11/19/2011,STRAY,OTC,DOG,N,5,0,1,NORMAL,LABRADOR RETR,BLACK
11/19/2011,STRAY,OTC,DOG,S,5,0,1,NORMAL,GERM SHEPHERD,TRICOLOR
11/19/2011,STRAY,OTC,DOG,N,5,0,1,NORMAL,GERM SHEPHERD,TAN
11/19/2011,OWNER SUR,OTC,CAT,N,5,1,4,NORMAL,DOMESTIC SH,BRN TABBY
11/19/2011,STRAY,OTC,CAT,S,7,0,1,NORMAL,DOMESTIC LH,CRM TABBY
11/19/2011,STRAY,OTC,DOG,N,7,0,1,NORMAL,LABRADOR RETR,RED
11/19/2011,STRAY,OTC,DOG,N,9,0,22,NORMAL,ROTTWEILER,BLACK
11/19/2011,STRAY,OTC,CAT,N,9,0,2,NORMAL,DOMESTIC SH,BLACK
11/19/2011,PUBLIC AST,QUARANTINE,DOG,N,12,5,25,NORMAL,GOLDEN RETR,GOLD
11/20/2011,STRAY,OTC,DOG,N,0,1,15,NORMAL,PIT BULL,BR BRINDLE
11/20/2011,STRAY,OTC,DOG,N,0,1,15,NORMAL,PIT BULL,BR BRINDLE
11/20/2011,STRAY,OTC,DOG,S,0,1,15,NORMAL,CATAHOULA,BR BRINDLE
11/20/2011,STRAY,OTC,DOG,M,0,1,15,NORMAL,CATAHOULA,BLACK
11/20/2011,STRAY,OTC,DOG,M,0,1,15,NORMAL,CATAHOULA,BLACK
11/20/2011,STRAY,OTC,DOG,S,0,1,15,NORMAL,CATAHOULA,SABLE
11/20/2011,STRAY,OTC,DOG,N,0,1,15,NORMAL,CATAHOULA,SABLE
11/20/2011,STRAY,OTC,DOG,N,0,1,15,NORMAL,CATAHOULA,BRN MERLE
11/20/2011,STRAY,OTC,CAT,N,0,1,8,NORMAL,DOMESTIC SH,BLACK
11/20/2011,OWNER SUR,FIELD,DOG,S,0,2,29,NORMAL,BOXER,WHITE
11/20/2011,OWNER SUR,QUARANTINE,DOG,N,0,2,3,NORMAL,DALMATIAN,WHITE
11/20/2011,STRAY,OTC,DOG,N,0,2,9,NORMAL,BOXER,BL BRINDLE
11/20/2011,STRAY,OTC,DOG,N,0,3,15,NORMAL,BOXER,BROWN
11/20/2011,STRAY,OTC,DOG,S,0,3,15,NORMAL,BOXER,RED
11/20/2011,STRAY,OTC,CAT,N,0,4,2,NORMAL,DOMESTIC SH,BRN TABBY
11/20/2011,STRAY,OTC,DOG,S,0,5,1,NORMAL,DACHSHUND LH,CHOCOLATE
11/20/2011,STRAY,FIELD,DOG,S,1,10,1,NORMAL,CHIHUAHUA SH,TAN
11/20/2011,STRAY,FIELD,DOG,S,1,10,1,NORMAL,DACHSHUND LH,BLACK
11/20/2011,STRAY,OTC,DOG,S,1,10,1,NORMAL,LABRADOR RETR,BROWN
11/20/2011,PUBLIC AST,QUARANTINE,DOG,N,2,0,16,NORMAL,PIT BULL,BROWN
11/20/2011,STRAY,FIELD,DOG,N,1,0,0,NORMAL,PIT BULL,BLACK
11/20/2011,STRAY,OTC,DOG,N,1,4,19,NORMAL,CATAHOULA,TRICOLOR
11/20/2011,OWNER SUR,OTC,DOG,S,2,6,2,NORMAL,SCHNAUZER MIN,GRAY
11/20/2011,STRAY,QUARANTINE,DOG,N,2,6,2,NORMAL,CHIHUAHUA SH,TAN
11/20/2011,OWNER SUR,RETURN,DOG,S,2,6,8,NORMAL,LABRADOR RETR,BLACK
11/20/2011,STRAY,OTC,DOG,S,2,0,0,NORMAL,LABRADOR RETR,BLACK
11/20/2011,PUBLIC AST,QUARANTINE,DOG,S,2,0,0,NORMAL,BLACK MOUTH CUR,BROWN
11/20/2011,STRAY,OTC,CAT,N,2,0,0,NORMAL,SIAMESE,SEAL PT
11/20/2011,STRAY,FIELD,DOG,N,3,6,7,NORMAL,POINTER,BLACK
11/20/2011,STRAY,FIELD,DOG,S,3,0,0,NORMAL,AUST SHEPHERD,WHITE
11/20/2011,PUBLIC AST,OIJ,DOG,S,3,0,0,NORMAL,AIREDALE TERR,TAN
11/20/2011,STRAY,OTC,DOG,S,3,0,0,NORMAL,LABRADOR RETR,BLACK
11/20/2011,OWNER SUR,OTC,CAT,N,3,0,0,NORMAL,DOMESTIC MH,BLUE
11/20/2011,STRAY,FIELD,DOG,M,3,0,1,NORMAL,CHIHUAHUA SH,WHITE
11/20/2011,STRAY,FIELD,DOG,S,4,0,1,NORMAL,CHIHUAHUA SH,BLUE
11/20/2011,STRAY,OTC,DOG,N,4,0,1,NORMAL,BORDER COLLIE,TRICOLOR
11/20/2011,STRAY,OTC,DOG,N,4,0,1,NORMAL,CHIHUAHUA SH,TAN
11/20/2011,STRAY,FIELD,DOG,S,4,1,13,NORMAL,CHIHUAHUA SH,TAN
11/20/2011,STRAY,FIELD,CAT,U,5,0,1,SICK,DOMESTIC MH,BLACK
11/20/2011,STRAY,OTC,DOG,M,5,0,1,NORMAL,POODLE STND,WHITE
11/20/2011,STRAY,FIELD,CAT,N,9,0,2,INJURED,DOMESTIC SH,BRN TABBY
11/21/2011,OWNER SUR,OTC,CAT,N,0,1,1,NORMAL,SNOWSHOE,SEAL PT
11/21/2011,STRAY,OTC,DOG,S,0,2,0,NORMAL,PUG,BLACK
11/21/2011,OWNER SUR,OTC,DOG,S,0,2,2,NORMAL,PIT BULL,WHITE
11/21/2011,OWNER SUR,OTC,DOG,M,0,3,15,NORMAL,PIT BULL,BLACK
11/21/2011,STRAY,OTC,DOG,N,0,3,22,NORMAL,PLOTT HOUND,BR BRINDLE
11/21/2011,STRAY,OTC,DOG,S,0,4,16,NORMAL,PIT BULL,BLUE
11/21/2011,STRAY,OTC,DOG,N,0,4,25,NORMAL,PIT BULL,BLUE
11/21/2011,STRAY,OTC,DOG,S,0,4,9,NORMAL,PIT BULL,BLUE
11/21/2011,STRAY,OTC,DOG,S,0,5,6,NORMAL,GERM SHEPHERD,BR BRINDLE
11/21/2011,STRAY,OTC,DOG,N,0,6,16,NORMAL,SCHNAUZER MIN,BLACK
11/21/2011,STRAY,FIELD,DOG,N,1,8,2,NORMAL,AMER BULLDOG,BR BRINDLE
11/21/2011,STRAY,OTC,DOG,S,1,8,2,NORMAL,DOBERMAN PINSCH,CHOCOLATE
11/21/2011,STRAY,FIELD,DOG,N,1,11,28,NORMAL,AMER BULLDOG,BLUE
11/21/2011,STRAY,FIELD,DOG,N,2,0,0,NORMAL,PIT BULL,WHITE
11/21/2011,STRAY,OTC,DOG,S,1,0,0,NORMAL,LABRADOR RETR,BLACK
11/21/2011,STRAY,FIELD,DOG,N,1,3,0,NORMAL,CHIHUAHUA SH,TAN
11/21/2011,STRAY,FIELD,DOG,N,1,3,1,NORMAL,PIT BULL,BR BRINDLE
11/21/2011,STRAY,OTC,DOG,N,1,5,15,NORMAL,SCHNAUZER MIN,BLACK
11/21/2011,STRAY,FIELD,DOG,N,1,5,1,NORMAL,PIT BULL,BROWN
11/21/2011,STRAY,OTC,CAT,S,2,6,2,NORMAL,DOMESTIC SH,BRN TABBY
11/21/2011,STRAY,OTC,CAT,S,2,6,2,NORMAL,DOMESTIC SH,ORG TABBY
11/21/2011,OWNER SUR,OTC,DOG,S,2,0,0,NORMAL,BRUSS GRIFFON,TAN
11/21/2011,OWNER SUR,OTC,DOG,N,2,0,0,NORMAL,BRUSS GRIFFON,TAN
11/21/2011,STRAY,OTC,DOG,N,2,0,0,NORMAL,SHIH TZU,BLACK
11/21/2011,STRAY,OTC,DOG,N,2,0,0,NORMAL,PIT BULL,WHITE
11/21/2011,STRAY,OTC,DOG,F,2,0,0,INJURED,RAT TERRIER,BLACK
11/21/2011,STRAY,OTC,DOG,N,2,0,0,INJURED,RAT TERRIER,TRICOLOR
11/21/2011,STRAY,OTC,DOG,N,3,8,20,INJURED,PIT BULL,WHITE
11/21/2011,PUBLIC AST,SURGERY,CAT,N,3,10,22,NORMAL,MAINE COON,BRN TABBY
11/21/2011,STRAY,FIELD,DOG,N,3,11,16,NORMAL,PIT BULL,WHITE
11/21/2011,STRAY,OTC,CAT,N,3,0,0,NORMAL,DOMESTIC SH,CRM TABBY
11/21/2011,STRAY,OTC,CAT,N,3,0,0,NORMAL,DOMESTIC SH,BLACK
11/21/2011,STRAY,FIELD,DOG,S,4,7,24,NORMAL,PIT BULL,BROWN
11/21/2011,PUBLIC AST,QUARANTINE,DOG,N,4,9,27,NORMAL,GERM SHEPHERD,BROWN
11/21/2011,STRAY,OTC,CAT,N,4,0,1,NORMAL,DOMESTIC LH,BRN TABBY
11/21/2011,OWNER SUR,QUARANTINE,DOG,S,4,0,1,NORMAL,STAFFORDSHIRE,WHITE
11/21/2011,STRAY,OTC,DOG,S,4,0,4,NORMAL,PIT BULL,WHITE
11/21/2011,STRAY,FIELD,DOG,N,4,4,1,NORMAL,PIT BULL,BLUE
11/21/2011,STRAY,OTC,CAT,S,5,0,1,NORMAL,MANX,CALICO
11/21/2011,STRAY,FIELD,DOG,N,5,0,1,NORMAL,ST BERNARD RGH,TRICOLOR
11/21/2011,STRAY,OTC,DOG,S,7,0,24,NORMAL,GERM SHEPHERD,BLACK
11/21/2011,OWNER SUR,FIELD,DOG,N,7,11,2,NORMAL,GERM SHEPHERD,RED
11/21/2011,OWNER SUR,OTC,CAT,S,7,0,1,NORMAL,DOMESTIC SH,TORTIE
11/21/2011,STRAY,OTC,CAT,S,7,1,27,NORMAL,DOMESTIC SH,BRN TABBY
11/21/2011,PUBLIC AST,QUARANTINE,DOG,N,9,0,3,NORMAL,LABRADOR RETR,BLACK
11/21/2011,STRAY,OTC,DOG,S,11,0,2,AGED,YORKSHIRE TERR,TAN
11/22/2011,OWNER SUR,OTC,DOG,M,0,2,0,INJURED,POMERANIAN,TAN
11/22/2011,STRAY,FIELD,DOG,S,0,3,14,NORMAL,GERM SHEPHERD,BROWN
11/22/2011,STRAY,OTC,CAT,M,0,3,22,NORMAL,DOMESTIC SH,BRN TABBY
11/22/2011,STRAY,FIELD,DOG,S,0,3,1,NORMAL,LABRADOR RETR,WHITE
11/22/2011,STRAY,OTC,CAT,M,0,5,17,NORMAL,DOMESTIC SH,BRN TABBY
11/22/2011,STRAY,OTC,CAT,N,0,5,1,NORMAL,DOMESTIC SH,BLACK
11/22/2011,STRAY,OTC,DOG,N,0,6,16,NORMAL,LABRADOR RETR,BLACK
11/22/2011,STRAY,OTC,DOG,S,0,6,16,NORMAL,LABRADOR RETR,BLACK
11/22/2011,STRAY,FIELD,DOG,N,1,8,2,NORMAL,CATAHOULA,BROWN
11/22/2011,OWNER SUR,OTC,DOG,F,1,9,3,INJURED,BOXER,FAWN
11/22/2011,STRAY,OTC,DOG,S,1,10,1,NORMAL,JACK RUSS TERR,WHITE
11/22/2011,STRAY,OTC,DOG,N,1,10,1,NORMAL,JACK RUSS TERR,WHITE
11/22/2011,STRAY,OTC,DOG,S,1,10,1,NORMAL,PIT BULL,TAN
11/22/2011,STRAY,OTC,CAT,S,1,0,0,NORMAL,DOMESTIC SH,BLACK
11/22/2011,STRAY,FIELD,DOG,F,1,0,0,INJURED,AMER BULLDOG,WHITE
11/22/2011,STRAY,OTC,DOG,N,1,0,0,NORMAL,DACHSHUND,BROWN
11/22/2011,OWNER SUR,OTC,DOG,S,1,2,17,NORMAL,QUEENSLAND HEEL,WHITE
11/22/2011,STRAY,FIELD,DOG,S,1,2,0,NORMAL,ANATOL SHEPHERD,WHITE
11/22/2011,STRAY,OTC,DOG,S,1,2,4,NORMAL,PIT BULL,WHITE
11/22/2011,STRAY,FIELD,DOG,N,1,3,1,NORMAL,BOXER,TRICOLOR
11/22/2011,STRAY,FIELD,DOG,S,2,6,2,NORMAL,CATAHOULA,BROWN
11/22/2011,STRAY,FIELD,DOG,N,2,0,0,NORMAL,STAFFORDSHIRE,BR BRINDLE
11/22/2011,STRAY,OTC,DOG,N,2,0,0,NORMAL,SHIH TZU,BLACK
11/22/2011,PUBLIC AST,OIJ,CAT,S,2,0,0,NORMAL,DOMESTIC SH,WHITE
11/22/2011,STRAY,OTC,DOG,N,3,0,0,NORMAL,CHIHUAHUA SH,BUFF
11/22/2011,STRAY,OTC,CAT,N,4,0,1,FERAL,SIAMESE,FLAME PT
11/22/2011,STRAY,OTC,CAT,S,4,0,1,NORMAL,SIAMESE,TORTIE PT
11/22/2011,STRAY,OTC,CAT,N,4,0,1,NORMAL,DOMESTIC SH,BLACK
11/22/2011,STRAY,OTC,CAT,S,4,0,1,NORMAL,DOMESTIC SH,TORBIE
11/22/2011,STRAY,OTC,DOG,N,5,7,25,NORMAL,CHINESE SHARPEI,WHITE
11/22/2011,STRAY,FIELD,DOG,N,5,11,9,NORMAL,LABRADOR RETR,TAN
11/22/2011,STRAY,FIELD,DOG,S,5,0,1,NORMAL,WELSH CORGI CAR,BLACK
11/22/2011,OWNER SUR,OTC,DOG,N,5,0,1,NORMAL,MIN PINSCHER,BROWN
11/22/2011,STRAY,FIELD,DOG,N,5,0,1,NORMAL,JACK RUSS TERR,TRICOLOR
11/22/2011,PUBLIC AST,QUARANTINE,DOG,M,5,0,1,NORMAL,LABRADOR RETR,BLACK
11/22/2011,PUBLIC AST,QUARANTINE,DOG,M,5,0,1,NORMAL,LABRADOR RETR,BLACK
11/22/2011,OWNER SUR,OTC,DOG,S,5,0,2,NORMAL,GOLDEN RETR,RED
11/22/2011,OWNER SUR,QUARANTINE,DOG,N,5,5,3,NORMAL,PIT BULL,BLACK
11/22/2011,OWNER SUR,FIELD,DOG,S,6,11,3,NORMAL,PIT BULL,BLACK
11/22/2011,OWNER SUR,OTC,DOG,S,6,0,1,NORMAL,LABRADOR RETR,TAN
11/22/2011,OWNER SUR,OTC,DOG,N,6,0,1,NORMAL,DACHSHUND,BLACK
11/22/2011,OWNER SUR,OTC,DOG,N,7,0,1,NORMAL,POODLE STND,BLACK
11/22/2011,STRAY,FIELD,DOG,N,9,0,2,INJURED,LABRADOR RETR,BLACK
11/22/2011,STRAY,OTC,DOG,N,13,0,29,NORMAL,DALMATIAN,WHITE
11/22/2011,STRAY,OTC,DOG,F,15,0,3,AGED,CHIHUAHUA SH,BUFF
11/23/2011,STRAY,OTC,DOG,N,0,3,15,NORMAL,WELSH CORGI PEM,TRICOLOR
11/23/2011,OWNER SUR,OTC,CAT,S,0,3,20,NORMAL,DOMESTIC SH,BRN TABBY
11/23/2011,OWNER SUR,OTC,CAT,N,0,3,20,NORMAL,DOMESTIC SH,ORG TABBY
11/23/2011,OWNER SUR,OTC,CAT,S,0,4,16,NORMAL,DOMESTIC SH,BRN TABBY
11/23/2011,STRAY,OTC,DOG,N,0,4,13,NORMAL,RAT TERRIER,WHITE
11/23/2011,STRAY,OTC,DOG,S,0,5,10,NORMAL,GERM SHEPHERD,BLACK
11/23/2011,STRAY,OTC,CAT,S,1,6,2,NORMAL,DOMESTIC SH,BRN TABBY
11/23/2011,STRAY,OTC,CAT,N,1,6,2,NORMAL,DOMESTIC SH,BRN TABBY
11/23/2011,STRAY,OTC,CAT,S,1,6,2,NORMAL,DOMESTIC SH,BRN TABBY
11/23/2011,STRAY,OTC,DOG,N,1,8,2,NORMAL,LABRADOR RETR,BLACK
11/23/2011,STRAY,OTC,DOG,N,1,10,1,NORMAL,DACHSHUND,BROWN
11/23/2011,OWNER SUR,OTC,CAT,S,1,10,1,NORMAL,DOMESTIC SH,TORTIE
11/23/2011,OWNER SUR,OTC,DOG,N,1,10,9,NORMAL,PIT BULL,BLUE
11/23/2011,STRAY,OTC,DOG,S,1,0,0,NORMAL,BELG MALINOIS,BR BRINDLE
11/23/2011,OWNER SUR,OTC,DOG,N,1,0,0,NORMAL,CHIHUAHUA SH,WHITE
11/23/2011,STRAY,FIELD,DOG,N,1,0,0,NORMAL,BELG SHEEPDOG,BR BRINDLE
11/23/2011,STRAY,OTC,DOG,S,1,0,0,NORMAL,POODLE MIN,CREAM
11/23/2011,STRAY,FIELD,DOG,N,1,1,4,NORMAL,DACHSHUND,BROWN
11/23/2011,STRAY,FIELD,DOG,F,1,3,1,NORMAL,PIT BULL,BLUE
11/23/2011,STRAY,FIELD,DOG,M,1,3,1,NORMAL,PIT BULL,BLUE
11/23/2011,STRAY,FIELD,DOG,S,2,6,2,NORMAL,CHIHUAHUA SH,TAN
11/23/2011,PUBLIC AST,QUARANTINE,DOG,M,2,6,2,NORMAL,POODLE MIN,WHITE
11/23/2011,PUBLIC AST,OIJ,DOG,S,2,0,0,NORMAL,BICHON FRISE,WHITE
11/23/2011,STRAY,OTC,DOG,S,2,0,0,NORMAL,CHIHUAHUA SH,TAN
11/23/2011,STRAY,OTC,DOG,S,2,0,0,NORMAL,CATAHOULA,BLUE MERLE
11/23/2011,STRAY,OTC,DOG,F,2,4,2,NORMAL,ROTTWEILER,BLACK
11/23/2011,STRAY,FIELD,DOG,S,3,0,0,NORMAL,CHIHUAHUA SH,BLACK
11/23/2011,STRAY,FIELD,DOG,F,3,0,0,NORMAL,PIT BULL,BLUE
11/23/2011,OWNER SUR,OTC,DOG,S,3,0,0,NORMAL,CHIHUAHUA SH,TRICOLOR
11/23/2011,PUBLIC AST,QUARANTINE,DOG,S,3,2,15,NORMAL,BASENJI,BROWN
11/23/2011,STRAY,EMERG CLC,CAT,N,4,0,0,INJURED,DOMESTIC SH,BLUE TABBY
11/23/2011,STRAY,FIELD,DOG,M,4,0,1,NORMAL,MASTIFF,RED
11/23/2011,STRAY,OTC,DOG,S,4,0,14,NORMAL,CATAHOULA,BROWN
11/23/2011,STRAY,OTC,DOG,S,5,0,1,NORMAL,DACHSHUND,BROWN
11/23/2011,OWNER SUR,OTC,CAT,N,5,0,1,NORMAL,DOMESTIC SH,ORG TABBY
11/23/2011,STRAY,FIELD,DOG,S,7,0,1,NORMAL,LABRADOR RETR,BLACK
11/23/2011,STRAY,OTC,DOG,S,8,0,1,NORMAL,CHIHUAHUA SH,BLACK
11/23/2011,STRAY,FIELD,DOG,F,10,0,2,INJURED,BASSET HOUND,BROWN
11/23/2011,STRAY,FIELD,CAT,N,10,0,2,SICK,DOMESTIC LH,BLUE
11/24/2011,STRAY,OTC,DOG,N,1,0,0,NORMAL,POODLE MIN,WHITE
11/24/2011,STRAY,FIELD,DOG,M,2,6,2,NORMAL,AM PIT BULL TER,BR BRINDLE
11/24/2011,PUBLIC AST,QUARANTINE,DOG,S,6,0,2,NORMAL,ROTTWEILER,BLACK
11/24/2011,STRAY,FIELD,DOG,S,7,2,24,NORMAL,GERM SHEPHERD,RED
11/24/2011,STRAY,FIELD,DOG,S,7,2,24,NORMAL,GERM SHEPHERD,RED
11/25/2011,STRAY,OTC,DOG,M,0,1,8,SICK,CHIHUAHUA SH,BLACK
11/25/2011,STRAY,EMERG CLC,DOG,F,0,2,0,INJURED,AUST CATTLE DOG,CHOCOLATE
11/25/2011,STRAY,EMERG CLC,DOG,F,0,2,0,INJURED,AUST CATTLE DOG,RED
11/25/2011,STRAY,EMERG CLC,DOG,F,0,2,0,INJURED,AUST CATTLE DOG,BLACK
11/25/2011,STRAY,OTC,DOG,N,0,3,1,SICK,CHIHUAHUA SH,BLACK
11/25/2011,OWNER SUR,OTC,CAT,N,0,4,15,NORMAL,DOMESTIC SH,WHITE
11/25/2011,STRAY,FIELD,DOG,F,1,6,2,SICK,AUST SHEPHERD,WHITE
11/25/2011,STRAY,EMERG CLC,DOG,S,1,6,2,INJURED,BLACK MOUTH CUR,TAN
11/25/2011,STRAY,OTC,DOG,N,1,6,9,NORMAL,SCHNAUZER MIN,BLACK
11/25/2011,STRAY,OTC,DOG,S,1,7,2,NORMAL,PIT BULL,TAN
11/25/2011,STRAY,OTC,DOG,S,1,8,2,NORMAL,PBGV,TAN
11/25/2011,STRAY,OTC,DOG,N,1,8,2,NORMAL,PBGV,BLACK
11/25/2011,STRAY,OTC,CAT,N,1,8,2,NORMAL,DOMESTIC SH,BLUE
11/25/2011,OWNER SUR,OTC,DOG,S,1,8,10,NORMAL,LABRADOR RETR,TAN
11/25/2011,STRAY,FIELD,DOG,N,1,10,1,NORMAL,PIT BULL,BLUE
11/25/2011,STRAY,OTC,DOG,N,1,0,0,NORMAL,RAT TERRIER,TRICOLOR
11/25/2011,STRAY,OTC,DOG,N,1,0,0,NORMAL,DACHSHUND,WHITE
11/25/2011,STRAY,OTC,DOG,N,1,0,0,NORMAL,POODLE TOY,WHITE
11/25/2011,STRAY,OTC,DOG,N,1,0,0,NORMAL,PIT BULL,WHITE
11/25/2011,STRAY,OTC,DOG,S,1,0,0,NORMAL,POODLE TOY,WHITE
11/25/2011,STRAY,OTC,DOG,N,1,5,25,NORMAL,DACHSHUND,RED
11/25/2011,STRAY,OTC,DOG,S,2,6,2,NORMAL,BOXER,WHITE
11/25/2011,STRAY,OTC,DOG,S,2,11,16,NORMAL,GERM SHEPHERD,SABLE
11/25/2011,STRAY,OTC,DOG,S,2,0,0,NORMAL,AUST CATTLE DOG,BLUE MERLE
11/25/2011,STRAY,OTC,DOG,N,2,0,0,NORMAL,SIBERIAN HUSKY,BLACK
11/25/2011,STRAY,OTC,DOG,S,2,0,0,NORMAL,BORDER TERRIER,TAN
11/25/2011,STRAY,OTC,DOG,N,2,0,0,NORMAL,SCHNAUZER MIN,WHITE
11/25/2011,STRAY,FIELD,CAT,S,2,0,0,INJURED,DOMESTIC SH,BRN TABBY
11/25/2011,OWNER SUR,OTC,DOG,M,3,0,0,NORMAL,AUST CATTLE DOG,RED
11/25/2011,STRAY,OTC,DOG,N,3,0,0,NORMAL,HAVANESE,BLACK
11/25/2011,STRAY,OTC,CAT,N,3,0,0,NORMAL,DOMESTIC SH,ORG TABBY
11/25/2011,STRAY,FIELD,CAT,M,4,0,1,SICK,DOMESTIC SH,WHITE
11/25/2011,STRAY,OTC,DOG,S,6,0,1,NORMAL,CHIHUAHUA LH,BLACK
11/25/2011,STRAY,OTC,DOG,N,6,0,1,NORMAL,CHIHUAHUA LH,TRICOLOR
11/25/2011,STRAY,OTC,DOG,N,6,0,1,NORMAL,MALTESE,WHITE
11/25/2011,STRAY,OTC,DOG,N,8,0,28,NORMAL,CHIHUAHUA SH,BLACK
11/25/2011,STRAY,OTC,DOG,S,7,0,1,NORMAL,DACHSHUND,TAN
11/25/2011,OWNER SUR,RETURN,DOG,N,7,1,5,NORMAL,BORDER COLLIE,BLACK
11/25/2011,STRAY,OTC,DOG,S,8,0,2,NORMAL,LABRADOR RETR,YELLOW
11/25/2011,STRAY,OTC,DOG,S,8,0,2,NORMAL,LABRADOR RETR,TAN
11/25/2011,STRAY,OTC,DOG,N,8,0,2,NORMAL,COCKER SPAN,BLACK
11/25/2011,OWNER SUR,OTC,CAT,S,9,0,2,NORMAL,DOMESTIC SH,BRN TABBY
11/25/2011,OWNER SUR,OTC,CAT,S,9,0,2,NORMAL,DOMESTIC SH,ORG TABBY
11/25/2011,EUTH REQ,NO SUBTYPE,DOG,M,14,0,3,SICK,LABRADOR RETR,BR BRINDLE
11/26/2011,STRAY,OTC,CAT,N,0,2,0,NORMAL,DOMESTIC SH,BRN TABBY
11/26/2011,STRAY,OTC,DOG,S,0,5,1,NORMAL,GERM SHEPHERD,BROWN
11/26/2011,STRAY,OTC,DOG,S,0,5,1,NORMAL,LABRADOR RETR,CHOCOLATE
11/26/2011,STRAY,OTC,DOG,N,0,6,16,NORMAL,LABRADOR RETR,BLACK
11/26/2011,STRAY,FIELD,DOG,N,1,6,2,NORMAL,BORDER COLLIE,BLACK
11/26/2011,PUBLIC AST,NO SUBTYPE,DOG,S,1,8,2,NORMAL,PIT BULL,BLUE
11/26/2011,STRAY,OTC,DOG,N,1,8,2,NORMAL,DACHSHUND,BUFF
11/26/2011,STRAY,OTC,DOG,N,1,9,27,NORMAL,BORDER COLLIE,TRICOLOR
11/26/2011,STRAY,OTC,CAT,N,1,10,1,NORMAL,DOMESTIC SH,BRN TABBY
11/26/2011,STRAY,OTC,DOG,N,1,0,0,NORMAL,LABRADOR RETR,BLACK
11/26/2011,STRAY,FIELD,DOG,N,1,0,0,NORMAL,POINTER,CHOCOLATE
11/26/2011,STRAY,OTC,DOG,S,1,0,0,NORMAL,GOLDEN RETR,GOLD
11/26/2011,PUBLIC AST,QUARANTINE,DOG,S,1,2,24,NORMAL,PIT BULL,WHITE
11/26/2011,STRAY,OTC,DOG,N,2,6,2,NORMAL,CHIHUAHUA SH,TAN
11/26/2011,STRAY,OTC,DOG,S,2,6,2,NORMAL,CHIHUAHUA SH,WHITE
11/26/2011,STRAY,FIELD,DOG,S,2,6,2,NORMAL,BRITTANY,WHITE
11/26/2011,STRAY,FIELD,DOG,N,2,6,2,NORMAL,LABRADOR RETR,BLACK
11/26/2011,STRAY,OTC,DOG,S,2,0,0,NORMAL,CHIHUAHUA SH,BROWN
11/26/2011,STRAY,OTC,DOG,S,2,0,0,NORMAL,CHIHUAHUA SH,WHITE
11/26/2011,STRAY,OTC,CAT,N,2,0,0,NORMAL,DOMESTIC SH,BRN TABBY
11/26/2011,STRAY,OTC,CAT,N,2,0,0,NORMAL,DOMESTIC SH,BRN TABBY
11/26/2011,STRAY,OTC,DOG,N,2,0,0,SICK,GERM SHEPHERD,SABLE
11/26/2011,STRAY,OTC,DOG,S,2,0,0,SICK,GERM SHEPHERD,BLACK
11/26/2011,STRAY,FIELD,DOG,S,3,0,0,INJURED,CHIHUAHUA SH,TAN
11/26/2011,STRAY,OTC,DOG,N,3,0,0,NORMAL,AUST CATTLE DOG,BLUE TICK
11/26/2011,STRAY,OTC,DOG,N,3,0,0,NORMAL,AUST CATTLE DOG,RED TICK
11/26/2011,STRAY,FIELD,DOG,S,3,0,0,NORMAL,PUG,CREAM
11/26/2011,STRAY,OTC,CAT,S,3,0,0,NORMAL,DOMESTIC SH,BLACK
11/26/2011,PUBLIC AST,QUARANTINE,DOG,N,4,0,3,NORMAL,CHIHUAHUA SH,WHITE
11/26/2011,OWNER SUR,OTC,DOG,N,6,0,1,NORMAL,RAT TERRIER,WHITE
11/26/2011,STRAY,OTC,DOG,S,6,0,1,NORMAL,DACHSHUND,RED
11/26/2011,PUBLIC AST,QUARANTINE,DOG,S,7,2,26,NORMAL,GERM SHEPHERD,RED
11/26/2011,PUBLIC AST,QUARANTINE,DOG,S,7,2,26,NORMAL,GERM SHEPHERD,RED
11/26/2011,STRAY,OTC,DOG,N,7,6,0,NORMAL,GERM SHEPHERD,BLACK
11/26/2011,OWNER SUR,OTC,CAT,S,8,0,2,NORMAL,DOMESTIC SH,CALICO
11/26/2011,STRAY,FIELD,DOG,N,9,9,18,NORMAL,LABRADOR RETR,CHOCOLATE
11/26/2011,OWNER SUR,OTC,DOG,N,12,0,16,NORMAL,LABRADOR RETR,BLACK
11/26/2011,STRAY,FIELD,DOG,N,12,0,2,NORMAL,LABRADOR RETR,YELLOW
11/27/2011,STRAY,OTC,CAT,S,0,2,23,SICK,DOMESTIC SH,CALICO
11/27/2011,STRAY,OTC,DOG,N,0,3,15,NORMAL,CHIHUAHUA SH,TRICOLOR
11/27/2011,OWNER SUR,OTC,CAT,S,0,3,23,NORMAL,DOMESTIC SH,BLUE
11/27/2011,STRAY,OTC,CAT,N,0,4,2,NORMAL,DOMESTIC SH,WHITE
11/27/2011,OWNER SUR,RETURN,DOG,N,0,5,18,NORMAL,CHIHUAHUA SH,TAN
11/27/2011,STRAY,FIELD,DOG,N,1,6,2,NORMAL,CHIHUAHUA SH,RED
11/27/2011,STRAY,FIELD,DOG,F,1,7,1,NORMAL,AMERICAN STAFF,BR BRINDLE
11/27/2011,STRAY,FIELD,DOG,N,1,7,2,NORMAL,BOXER,BR BRINDLE
11/27/2011,STRAY,OTC,DOG,S,1,7,2,NORMAL,LABRADOR RETR,BLACK
11/27/2011,STRAY,FIELD,DOG,N,1,7,2,NORMAL,GREYHOUND,BR BRINDLE
11/27/2011,OWNER SUR,QUARANTINE,DOG,N,1,9,0,NORMAL,SCHNAUZER MIN,BROWN
11/27/2011,STRAY,OTC,DOG,N,1,10,1,NORMAL,CATAHOULA,BLUE MERLE
11/27/2011,STRAY,OTC,DOG,S,1,10,8,NORMAL,STAFFORDSHIRE,BLACK
11/27/2011,STRAY,OTC,DOG,S,1,0,0,NORMAL,RHOD RIDGEBACK,BROWN
11/27/2011,OWNER SUR,OTC,DOG,N,1,2,23,NORMAL,CAIRN TERRIER,CREAM
11/27/2011,STRAY,OTC,DOG,N,1,5,8,NORMAL,AMER BULLDOG,BUFF
11/27/2011,STRAY,QUARANTINE,DOG,N,2,10,24,INJURED,CHIHUAHUA SH,BROWN
11/27/2011,PUBLIC AST,QUARANTINE,DOG,S,2,0,0,NORMAL,PIT BULL,WHITE
11/27/2011,PUBLIC AST,QUARANTINE,DOG,S,2,0,0,NORMAL,BLACK MOUTH CUR,BROWN
11/27/2011,STRAY,FIELD,DOG,N,2,0,0,NORMAL,BELG MALINOIS,RED
11/27/2011,OWNER SUR,RETURN,DOG,N,2,1,18,NORMAL,GR SWISS MTN,TRICOLOR
11/27/2011,STRAY,FIELD,DOG,S,2,3,20,NORMAL,RAT TERRIER,BROWN
11/27/2011,STRAY,OTC,DOG,N,2,5,5,NORMAL,GREAT DANE,BLACK
11/27/2011,STRAY,FIELD,DOG,M,3,0,0,NORMAL,SCHIPPERKE,BLACK
11/27/2011,STRAY,FIELD,DOG,S,3,0,0,NORMAL,PIT BULL,TAN
11/27/2011,STRAY,FIELD,DOG,S,3,0,0,NORMAL,CATAHOULA,BRN MERLE
11/27/2011,PUBLIC AST,NO SUBTYPE,DOG,F,3,5,4,NORMAL,AMER BULLDOG,BR BRINDLE
11/27/2011,STRAY,FIELD,DOG,N,4,0,1,NORMAL,ALASK MALAMUTE,SABLE
11/27/2011,STRAY,FIELD,DOG,M,5,0,1,INJURED,POODLE MIN,WHITE
11/27/2011,PUBLIC AST,NO SUBTYPE,DOG,S,5,0,1,NORMAL,RAT TERRIER,WHITE
11/27/2011,STRAY,OTC,DOG,N,5,3,29,NORMAL,BEAGLE,TRICOLOR
11/27/2011,OWNER SUR,OTC,CAT,N,5,4,14,NORMAL,DOMESTIC SH,ORG TABBY
11/27/2011,OWNER SUR,OTC,CAT,N,6,0,1,NORMAL,DOMESTIC SH,BLACK
11/27/2011,OWNER SUR,OTC,CAT,N,6,0,1,NORMAL,MAINE COON,ORG TABBY
11/27/2011,OWNER SUR,OTC,CAT,S,8,0,2,NORMAL,BALINESE,TORTIE PT
11/27/2011,OWNER SUR,OTC,CAT,N,8,0,2,NORMAL,BALINESE,SEAL PT
11/27/2011,OWNER SUR,OTC,DOG,N,9,10,12,NORMAL,PIT BULL,RED
11/27/2011,STRAY,FIELD,DOG,S,10,6,4,NORMAL,SIBERIAN HUSKY,TAN
11/27/2011,OWNER SUR,OTC,DOG,N,11,0,8,SICK,BORDER COLLIE,BLACK
11/27/2011,STRAY,OTC,DOG,S,15,0,6,NORMAL,CHOW CHOW,BUFF
11/28/2011,OWNER SUR,OTC,CAT,S,0,1,1,NORMAL,DOMESTIC SH,ORG TABBY
11/28/2011,OWNER SUR,OTC,CAT,N,0,1,1,NORMAL,DOMESTIC SH,CRM TABBY
11/28/2011,OWNER SUR,OTC,CAT,S,0,1,1,NORMAL,DOMESTIC SH,CRM TABBY
11/28/2011,STRAY,OTC,CAT,S,0,2,16,NORMAL,DOMESTIC SH,CALICO
11/28/2011,OWNER SUR,OTC,CAT,S,0,3,1,NORMAL,SIAMESE,FLAME PT
11/28/2011,OWNER SUR,FIELD,DOG,S,0,4,2,NORMAL,CHIHUAHUA SH,TRICOLOR
11/28/2011,STRAY,FIELD,DOG,N,0,4,2,NORMAL,LABRADOR RETR,BLACK
11/28/2011,STRAY,FIELD,DOG,F,0,4,2,NORMAL,LABRADOR RETR,BLACK
11/28/2011,STRAY,FIELD,DOG,S,0,4,2,NORMAL,LABRADOR RETR,BLACK
11/28/2011,STRAY,FIELD,DOG,F,0,4,2,NORMAL,GERM SHEPHERD,TAN
11/28/2011,STRAY,FIELD,DOG,S,0,4,2,NORMAL,GERM SHEPHERD,TAN
11/28/2011,STRAY,FIELD,DOG,M,0,4,2,NORMAL,GERM SHEPHERD,RED
11/28/2011,STRAY,FIELD,DOG,F,0,4,2,NORMAL,GERM SHEPHERD,BROWN
11/28/2011,STRAY,FIELD,DOG,S,0,4,2,NORMAL,GERM SHEPHERD,BROWN
11/28/2011,STRAY,OTC,CAT,S,0,4,2,NORMAL,DOMESTIC SH,BRN TABBY
11/28/2011,STRAY,FIELD,DOG,S,0,5,17,NORMAL,SCHNAUZER MIN,WHITE
11/28/2011,STRAY,OTC,DOG,M,0,6,16,NORMAL,AIREDALE TERR,BLACK
11/28/2011,STRAY,OTC,DOG,M,0,6,16,NORMAL,AIREDALE TERR,BLACK
11/28/2011,STRAY,OTC,DOG,S,0,6,16,NORMAL,PIT BULL,FAWN
11/28/2011,STRAY,OTC,DOG,S,0,6,16,NORMAL,DACHSHUND,BLACK
11/28/2011,STRAY,OTC,DOG,N,1,8,2,NORMAL,DACHSHUND WH,BLACK
11/28/2011,STRAY,FIELD,DOG,S,1,8,2,NORMAL,CHIHUAHUA SH,BROWN
11/28/2011,STRAY,FIELD,DOG,M,1,8,2,NORMAL,CHIHUAHUA SH,TAN
11/28/2011,STRAY,FIELD,DOG,N,1,8,3,NORMAL,AM PIT BULL TER,FAWN
11/28/2011,STRAY,FIELD,DOG,S,1,0,0,NORMAL,LABRADOR RETR,BLACK
11/28/2011,STRAY,FIELD,DOG,M,1,0,0,NORMAL,GERM SH POINT,LIVER
11/28/2011,STRAY,FIELD,DOG,S,1,0,0,NORMAL,AM PIT BULL TER,BROWN
11/28/2011,STRAY,FIELD,DOG,N,1,2,0,NORMAL,AMER FOXHOUND,WHITE
11/28/2011,OWNER SUR,OTC,DOG,N,1,2,0,NORMAL,PIT BULL,WHITE
11/28/2011,PUBLIC AST,INVESTIGAT,DOG,S,2,6,2,NORMAL,CATAHOULA,WHITE
11/28/2011,STRAY,FIELD,DOG,N,2,0,0,NORMAL,PIT BULL,BROWN
11/28/2011,OWNER SUR,OTC,DOG,S,2,0,0,PREGNANT,CHIHUAHUA SH,TAN
11/28/2011,STRAY,OTC,CAT,S,2,0,0,NORMAL,DOMESTIC SH,BLACK
11/28/2011,STRAY,OTC,DOG,N,3,0,0,NORMAL,DACHSHUND,BLACK
11/28/2011,PUBLIC AST,QUARANTINE,DOG,N,4,7,14,NORMAL,GREAT DANE,BLUE MERLE
11/28/2011,STRAY,OTC,DOG,S,4,0,1,NORMAL,AM PIT BULL TER,WHITE
11/28/2011,STRAY,OTC,DOG,N,5,0,1,NORMAL,AMER BULLDOG,WHITE
11/28/2011,STRAY,FIELD,DOG,N,5,0,1,NORMAL,AUST CATTLE DOG,WHITE
11/28/2011,STRAY,EMERG CLC,CAT,N,7,0,28,INJURED,SIAMESE,LYNX PT
11/28/2011,STRAY,OTC,DOG,N,8,0,11,NORMAL,LABRADOR RETR,WHITE
11/28/2011,OWNER SUR,OTC,DOG,S,7,0,1,NORMAL,LABRADOR RETR,BUFF
11/28/2011,STRAY,OTC,DOG,S,7,0,1,NORMAL,LABRADOR RETR,BUFF
11/28/2011,STRAY,OTC,DOG,N,7,1,3,NORMAL,PIT BULL,WHITE
11/28/2011,STRAY,OTC,DOG,N,8,0,2,SICK,ROTTWEILER,BLACK
11/28/2011,STRAY,OTC,DOG,S,8,0,6,NORMAL,CHIHUAHUA SH,BLACK
11/28/2011,OWNER SUR,OTC,CAT,N,10,11,9,SICK,DOMESTIC SH,BLACK
11/28/2011,PUBLIC AST,QUARANTINE,CAT,S,12,0,4,NORMAL,DOMESTIC SH,BLACK
11/28/2011,STRAY,FIELD,DOG,M,13,0,2,INJURED,POODLE TOY,WHITE
11/28/2011,STRAY,OTC,DOG,N,14,0,2,NORMAL,CHIHUAHUA SH,WHITE
11/28/2011,STRAY,OTC,CAT,F,15,0,2,SICK,DOMESTIC SH,CALICO
11/28/2011,OWNER SUR,OTC,DOG,F,NO AGE,NURSING,CHIHUAHUA SH,TAN,,
11/28/2011,OWNER SUR,OTC,DOG,M,NO AGE,NURSING,CHIHUAHUA SH,CREAM,,
11/28/2011,OWNER SUR,OTC,DOG,M,NO AGE,NURSING,CHIHUAHUA SH,BROWN,,
11/29/2011,STRAY,FIELD,DOG,S,0,0,7,NURSING,GERM SHEPHERD,SABLE
11/29/2011,STRAY,FIELD,DOG,N,0,0,7,NURSING,GERM SHEPHERD,SABLE
11/29/2011,STRAY,FIELD,DOG,S,0,0,7,NURSING,GERM SHEPHERD,SABLE
11/29/2011,STRAY,FIELD,DOG,N,0,0,7,NURSING,GERM SHEPHERD,BLACK
11/29/2011,STRAY,FIELD,DOG,S,0,0,7,NURSING,GERM SHEPHERD,BLACK
11/29/2011,STRAY,FIELD,DOG,S,0,0,7,NURSING,GERM SHEPHERD,BLACK
11/29/2011,STRAY,FIELD,DOG,S,0,0,7,NURSING,GERM SHEPHERD,BLACK
11/29/2011,STRAY,FIELD,DOG,N,0,0,7,NURSING,GERM SHEPHERD,BLACK
11/29/2011,STRAY,FIELD,DOG,S,0,0,7,NURSING,GERM SHEPHERD,BLACK
11/29/2011,STRAY,OTC,CAT,N,0,1,15,NURSING,DOMESTIC SH,BRN TABBY
11/29/2011,STRAY,OTC,CAT,N,0,1,15,NURSING,DOMESTIC SH,BRN TABBY
11/29/2011,STRAY,OTC,CAT,N,0,1,15,NURSING,DOMESTIC SH,BRN TABBY
11/29/2011,OWNER SUR,OTC,CAT,N,0,1,21,NORMAL,DOMESTIC SH,BRN TABBY
11/29/2011,OWNER SUR,OTC,CAT,N,0,1,21,NORMAL,DOMESTIC SH,BRN TABBY
11/29/2011,OWNER SUR,OTC,CAT,N,0,1,21,NORMAL,DOMESTIC SH,BRN TABBY
11/29/2011,OWNER SUR,OTC,CAT,S,0,1,21,NORMAL,DOMESTIC SH,TORTIE
11/29/2011,OWNER SUR,OTC,CAT,S,0,1,21,NORMAL,DOMESTIC SH,BLUE TABBY
11/29/2011,STRAY,OTC,CAT,S,0,1,1,NORMAL,DOMESTIC SH,BLACK
11/29/2011,STRAY,OTC,CAT,N,0,1,1,NORMAL,DOMESTIC SH,CRM TABBY
11/29/2011,STRAY,OTC,DOG,F,0,5,16,NORMAL,BORDER TERRIER,BUFF
11/29/2011,STRAY,OTC,DOG,S,0,5,8,NORMAL,BORDER TERRIER,TAN
11/29/2011,STRAY,OTC,CAT,S,1,6,2,NORMAL,DOMESTIC SH,BRN TABBY
11/29/2011,STRAY,OTC,CAT,N,1,6,2,NORMAL,DOMESTIC SH,BRN TABBY
11/29/2011,PUBLIC AST,SURGERY,CAT,S,1,7,2,NORMAL,DOMESTIC SH,WHITE
11/29/2011,STRAY,FIELD,DOG,S,1,8,2,NORMAL,PIT BULL,BROWN
11/29/2011,OWNER SUR,OTC,DOG,N,1,9,7,NORMAL,COTON DE TULEAR,CREAM
11/29/2011,STRAY,OTC,DOG,N,1,10,1,NORMAL,BORDER COLLIE,BLACK
11/29/2011,STRAY,NO SUBTYPE,DOG,F,1,11,1,FERAL,LABRADOR RETR,BLACK
11/29/2011,STRAY,OTC,CAT,S,1,0,0,NORMAL,DOMESTIC SH,BRN TABBY
11/29/2011,STRAY,OTC,CAT,F,1,0,0,NORMAL,ABYSSINIAN,BRN TABBY
11/29/2011,STRAY,FIELD,DOG,S,1,3,1,PREGNANT,BEAGLE,TAN
11/29/2011,STRAY,FIELD,DOG,M,2,6,2,NORMAL,BOXER,RED
11/29/2011,STRAY,FIELD,DOG,N,2,6,2,NORMAL,CHIHUAHUA SH,BROWN
11/29/2011,OWNER SUR,RETURN,DOG,N,2,9,21,NORMAL,LABRADOR RETR,RED
11/29/2011,STRAY,FIELD,DOG,F,2,0,0,NORMAL,PIT BULL,BROWN
11/29/2011,STRAY,FIELD,DOG,N,2,0,0,NORMAL,GREAT PYRENEES,WHITE
11/29/2011,PUBLIC AST,SURGERY,CAT,S,2,0,0,NORMAL,DOMESTIC SH,BRN TABBY
11/29/2011,PUBLIC AST,SURGERY,CAT,S,2,0,0,NORMAL,SNOWSHOE,WHITE
11/29/2011,STRAY,OTC,CAT,M,2,0,0,NORMAL,DOMESTIC SH,ORG TABBY
11/29/2011,OWNER SUR,OTC,DOG,S,2,0,0,NORMAL,BLACK/TAN HOUND,SABLE
11/29/2011,STRAY,OTC,CAT,M,2,0,0,NORMAL,DOMESTIC SH,ORG TABBY
11/29/2011,STRAY,OTC,DOG,N,2,0,0,NORMAL,GERM SHEPHERD,BLACK
11/29/2011,STRAY,FIELD,DOG,N,2,3,25,NORMAL,GERM SHEPHERD,BROWN
11/29/2011,STRAY,FIELD,DOG,S,2,6,29,NORMAL,PIT BULL,BROWN
11/29/2011,OWNER SUR,OTC,CAT,S,3,0,0,NORMAL,DOMESTIC SH,BRN TABBY
11/29/2011,STRAY,FIELD,DOG,S,4,0,1,NURSING,GERM SHEPHERD,BLACK
11/29/2011,STRAY,OTC,DOG,N,4,0,1,NORMAL,BOXER,BROWN
11/29/2011,OWNER SUR,OTC,DOG,N,5,0,1,NORMAL,ENG POINTER,CHOCOLATE
11/29/2011,STRAY,OTC,DOG,S,6,0,1,NORMAL,SIBERIAN HUSKY,BLACK
11/29/2011,PUBLIC AST,QUARANTINE,CAT,N,6,2,5,NORMAL,DOMESTIC SH,BLUE
11/29/2011,STRAY,OTC,DOG,F,10,0,2,NORMAL,BOXER,WHITE
11/29/2011,STRAY,OTC,DOG,M,12,0,3,NORMAL,CHIHUAHUA LH,TAN
11/30/2011,OWNER SUR,OTC,DOG,F,0,1,14,NURSING,AUST CATTLE DOG,BLACK
11/30/2011,OWNER SUR,OTC,DOG,F,0,1,14,NURSING,AUST CATTLE DOG,BR BRINDLE
11/30/2011,OWNER SUR,OTC,DOG,S,0,1,14,NURSING,AUST CATTLE DOG,BLACK
11/30/2011,OWNER SUR,OTC,DOG,S,0,1,14,NURSING,AUST CATTLE DOG,BR BRINDLE
11/30/2011,EUTH REQ,NO SUBTYPE,DOG,M,0,3,15,SICK,PIT BULL,BL BRINDLE
11/30/2011,STRAY,OTC,CAT,N,0,3,25,NORMAL,DOMESTIC SH,ORG TABBY
11/30/2011,STRAY,OTC,CAT,S,0,3,29,NORMAL,DOMESTIC SH,ORG TABBY
11/30/2011,STRAY,OTC,CAT,N,0,3,29,NORMAL,DOMESTIC SH,CRM TABBY
11/30/2011,STRAY,OTC,DOG,S,0,4,16,NORMAL,LABRADOR RETR,BUFF
11/30/2011,STRAY,OTC,DOG,N,0,4,16,NORMAL,LABRADOR RETR,YELLOW
11/30/2011,STRAY,FIELD,DOG,N,0,5,17,NORMAL,PIT BULL,CHOCOLATE
11/30/2011,STRAY,OTC,DOG,N,0,6,16,NORMAL,RAT TERRIER,WHITE
11/30/2011,STRAY,FIELD,DOG,S,1,6,2,NORMAL,LABRADOR RETR,BLACK
11/30/2011,PUBLIC AST,QUARANTINE,CAT,N,1,6,3,NORMAL,DOMESTIC SH,WHITE
11/30/2011,STRAY,OTC,CAT,S,1,7,2,NORMAL,DOMESTIC SH,BRN TABBY
11/30/2011,STRAY,OTC,CAT,N,1,7,2,NORMAL,DOMESTIC SH,BRN TABBY
11/30/2011,STRAY,OTC,DOG,S,1,10,1,NORMAL,RAT TERRIER,BR BRINDLE
11/30/2011,OWNER SUR,OTC,DOG,S,1,0,0,NORMAL,CHIHUAHUA SH,RED
11/30/2011,STRAY,OTC,DOG,N,1,0,0,NORMAL,GOLDEN RETR,GOLD
11/30/2011,PUBLIC AST,SURGERY,DOG,S,1,4,1,NORMAL,CHIHUAHUA SH,CREAM
11/30/2011,STRAY,FIELD,DOG,N,2,7,6,NORMAL,LABRADOR RETR,CHOCOLATE
11/30/2011,STRAY,OTC,DOG,S,2,0,0,NORMAL,LABRADOR RETR,BLACK
11/30/2011,STRAY,OTC,DOG,N,2,0,0,INJURED,CHIHUAHUA SH,TAN
11/30/2011,STRAY,OTC,DOG,N,2,0,0,NORMAL,STAFFORDSHIRE,BLUE
11/30/2011,OWNER SUR,OTC,DOG,F,2,0,0,NORMAL,CHIHUAHUA SH,WHITE
11/30/2011,STRAY,FIELD,DOG,N,2,0,0,NORMAL,RAT TERRIER,TRICOLOR
11/30/2011,OWNER SUR,OTC,DOG,S,3,7,7,NORMAL,MASTIFF,WHITE
11/30/2011,STRAY,FIELD,DOG,N,3,0,0,NORMAL,BORDER TERRIER,WHITE
11/30/2011,STRAY,OTC,DOG,S,3,1,25,NORMAL,LABRADOR RETR,BLACK
11/30/2011,STRAY,OTC,DOG,N,4,1,26,NORMAL,GREAT PYRENEES,WHITE
11/30/2011,OWNER SUR,RETURN,DOG,S,4,4,27,NORMAL,PIT BULL,BROWN
11/30/2011,OWNER SUR,OTC,DOG,S,5,0,1,NURSING,AUST CATTLE DOG,BLUE TICK
11/30/2011,STRAY,FIELD,DOG,N,5,0,1,NORMAL,PIT BULL,BROWN
11/30/2011,STRAY,OTC,CAT,S,5,0,1,NORMAL,SIAMESE,SEAL PT
11/30/2011,STRAY,OTC,DOG,S,5,2,16,NORMAL,AUST SHEPHERD,WHITE
11/30/2011,STRAY,OTC,CAT,S,8,0,26,NORMAL,DOMESTIC SH,CALICO
11/30/2011,OWNER SUR,OTC,CAT,S,8,6,3,NORMAL,DOMESTIC SH,BRN TABBY
11/30/2011,OWNER SUR,OTC,CAT,N,10,0,2,NORMAL,DOMESTIC SH,ORG TABBY
11/30/2011,STRAY,FIELD,DOG,M,14,0,3,AGED,LABRADOR RETR,CHOCOLATE
12-01-11,STRAY,FIELD,DOG,S,0,2,22,NORMAL,BORDER COLLIE,BLACK
12-01-11,STRAY,FIELD,DOG,S,0,2,22,NORMAL,BORDER COLLIE,BLACK
12-01-11,STRAY,FIELD,DOG,S,0,2,22,NORMAL,GERM SHEPHERD,BLACK
12-01-11,STRAY,OTC,CAT,S,0,5,16,NORMAL,DOMESTIC SH,BLUE
12-01-11,STRAY,OTC,DOG,S,1,7,13,NORMAL,PIT BULL,TAN
12-01-11,STRAY,FIELD,DOG,N,1,7,2,NORMAL,AUST SHEPHERD,TRICOLOR
12-01-11,STRAY,OTC,DOG,S,1,8,27,NORMAL,LABRADOR RETR,BLACK
12-01-11,STRAY,OTC,DOG,F,1,8,1,NORMAL,BORDER COLLIE,TRICOLOR
12-01-11,STRAY,FIELD,DOG,S,1,11,0,NORMAL,BORDER TERRIER,GOLD
12-01-11,STRAY,FIELD,DOG,N,1,11,0,NORMAL,CHIHUAHUA SH,BLACK
12-01-11,STRAY,FIELD,DOG,N,2,0,0,NORMAL,AM PIT BULL TER,WHITE
12-01-11,STRAY,FIELD,DOG,N,1,0,0,NORMAL,DACHSHUND,BROWN
12-01-11,STRAY,FIELD,DOG,N,1,0,0,NORMAL,LABRADOR RETR,BUFF
12-01-11,STRAY,OTC,DOG,F,1,0,0,FERAL,POINTER,BLACK
12-01-11,OWNER SUR,OTC,CAT,S,1,0,0,NORMAL,DOMESTIC SH,BRN TABBY
12-01-11,STRAY,OTC,DOG,F,1,0,0,NORMAL,LABRADOR RETR,BLACK
12-01-11,STRAY,FIELD,DOG,F,1,0,0,INJURED,LABRADOR RETR,BLACK
12-01-11,OWNER SUR,OTC,CAT,S,1,2,21,NORMAL,DOMESTIC SH,BLACK
12-01-11,OWNER SUR,OTC,CAT,S,1,2,21,NORMAL,DOMESTIC SH,BLACK
12-01-11,STRAY,OTC,CAT,N,2,6,1,NORMAL,DOMESTIC SH,BRN TABBY
12-01-11,STRAY,FIELD,DOG,M,2,6,1,INJURED,PIT BULL,TAN
12-01-11,OWNER SUR,OTC,DOG,S,2,11,0,NORMAL,AMERICAN STAFF,BR BRINDLE
12-01-11,STRAY,OTC,DOG,S,2,0,0,NORMAL,CHIHUAHUA SH,WHITE
12-01-11,STRAY,FIELD,DOG,F,2,0,0,NORMAL,LABRADOR RETR,BLACK
12-01-11,STRAY,OTC,DOG,N,2,0,0,NORMAL,CHIHUAHUA SH,BLUE
12-01-11,STRAY,FIELD,DOG,N,2,0,0,NORMAL,CATAHOULA,BR BRINDLE
12-01-11,STRAY,OTC,DOG,N,2,0,0,INJURED,WELSH CORGI CAR,TRICOLOR
12-01-11,STRAY,FIELD,DOG,F,2,0,0,INJURED,POODLE MIN,WHITE
12-01-11,STRAY,OTC,CAT,S,3,11,16,NORMAL,DOMESTIC MH,CALICO
12-01-11,STRAY,OTC,DOG,N,3,0,0,NORMAL,POODLE MIN,APRICOT
12-01-11,STRAY,OTC,DOG,N,3,0,0,NORMAL,POODLE MIN,APRICOT
12-01-11,OWNER SUR,OTC,CAT,S,3,2,21,NORMAL,DOMESTIC SH,BRN TABBY
12-01-11,OWNER SUR,OTC,CAT,S,4,0,1,NORMAL,DOMESTIC SH,TORTIE
12-01-11,STRAY,QUARANTINE,DOG,S,5,0,1,NORMAL,MALTESE,WHITE
12-01-11,STRAY,FIELD,DOG,M,5,0,1,NORMAL,RAT TERRIER,TRICOLOR
12-01-11,STRAY,FIELD,DOG,N,5,0,6,NORMAL,DOBERMAN PINSCH,BLACK
12-01-11,OWNER SUR,RETURN,CAT,S,5,2,23,NORMAL,DOMESTIC SH,TORBIE
12-01-11,STRAY,OTC,DOG,S,5,2,7,NORMAL,AUST CATTLE DOG,BROWN
12-01-11,STRAY,OTC,CAT,S,6,0,1,NORMAL,DOMESTIC SH,BLACK
12-01-11,STRAY,OTC,DOG,N,7,0,1,NORMAL,CHIHUAHUA SH,BROWN
12-01-11,STRAY,OTC,DOG,N,7,0,1,NORMAL,BICHON FRISE,WHITE
12-01-11,STRAY,OTC,CAT,S,8,0,2,NORMAL,DOMESTIC SH,TORBIE
12-02-11,STRAY,OTC,CAT,S,0,2,3,INJURED,DOMESTIC SH,TORTIE
12-02-11,STRAY,OTC,CAT,S,0,4,1,NORMAL,MAINE COON,SLVR TABBY
12-02-11,STRAY,OTC,CAT,N,0,4,1,NORMAL,SIAMESE,LYNX PT
12-02-11,STRAY,OTC,CAT,M,0,4,1,NORMAL,DOMESTIC SH,ORG TABBY
12-02-11,STRAY,OTC,CAT,S,0,4,1,NORMAL,DOMESTIC SH,BRN TABBY
12-02-11,STRAY,OTC,CAT,S,0,4,1,NORMAL,DOMESTIC SH,TORBIE
12-02-11,STRAY,OTC,CAT,N,0,5,1,NORMAL,DOMESTIC SH,BLACK
12-02-11,STRAY,OTC,CAT,S,1,6,1,NORMAL,DOMESTIC SH,BLACK
12-02-11,STRAY,OTC,CAT,S,1,8,1,NORMAL,DOMESTIC MH,ORG TABBY
12-02-11,STRAY,FIELD,DOG,S,1,0,0,NORMAL,AUST CATTLE DOG,RED
12-02-11,OWNER SUR,OTC,CAT,S,1,0,0,NORMAL,DOMESTIC SH,BLUE
12-02-11,STRAY,OTC,CAT,S,1,0,0,NORMAL,DOMESTIC MH,BLACK
12-02-11,STRAY,FIELD,DOG,S,1,0,0,NORMAL,GERM SHEPHERD,TAN
12-02-11,OWNER SUR,OTC,DOG,N,1,5,2,NORMAL,GERM SHEPHERD,BLACK
12-02-11,STRAY,FIELD,DOG,F,2,6,1,NORMAL,PIT BULL,BR BRINDLE
12-02-11,STRAY,FIELD,DOG,N,2,0,0,NORMAL,AMER BULLDOG,WHITE
12-02-11,STRAY,FIELD,DOG,S,2,0,0,NORMAL,SCHNAUZER STAND,BLACK
12-02-11,OWNER SUR,RETURN,DOG,N,2,3,25,NORMAL,LABRADOR RETR,BROWN
12-02-11,OWNER SUR,OTC,DOG,N,3,11,12,NORMAL,BEAGLE,WHITE
12-02-11,STRAY,OTC,DOG,N,3,0,0,NORMAL,CHIHUAHUA SH,TAN
12-02-11,STRAY,OTC,DOG,S,5,0,27,NORMAL,SCHNAUZER MIN,GRAY
12-02-11,STRAY,OTC,DOG,M,4,0,1,NORMAL,RAT TERRIER,TRICOLOR
12-02-11,STRAY,OTC,DOG,M,4,0,1,NORMAL,COCKER SPAN,BUFF
12-02-11,STRAY,FIELD,DOG,N,4,2,25,NORMAL,AUST CATTLE DOG,RED MERLE
12-02-11,STRAY,QUARANTINE,DOG,N,6,0,22,NORMAL,MALTESE,WHITE
12-02-11,STRAY,OTC,CAT,S,5,0,1,NORMAL,DOMESTIC MH,BLACK
12-02-11,STRAY,OTC,CAT,N,5,0,1,NORMAL,DOMESTIC SH,BLACK
12-02-11,STRAY,FIELD,DOG,S,5,0,1,NORMAL,COCKER SPAN,BROWN
12-02-11,STRAY,OTC,CAT,N,5,0,1,NORMAL,DOMESTIC SH,BLACK
12-02-11,STRAY,OTC,CAT,S,5,0,1,NORMAL,DOMESTIC MH,BLACK
12-02-11,STRAY,OTC,CAT,N,5,0,1,NORMAL,DOMESTIC MH,BLACK
12-02-11,STRAY,OTC,CAT,S,5,0,1,NORMAL,DOMESTIC MH,BLACK
12-02-11,STRAY,FIELD,DOG,S,6,0,1,NORMAL,STAFFORDSHIRE,BROWN
12-02-11,PUBLIC AST,QUARANTINE,DOG,N,7,0,4,NORMAL,CHOW CHOW,BLACK
12-02-11,STRAY,OTC,CAT,S,9,0,21,NORMAL,DOMESTIC SH,TORBIE
12-02-11,OWNER SUR,OTC,CAT,N,9,0,2,NORMAL,DOMESTIC SH,CRM TABBY
12-02-11,OWNER SUR,OTC,CAT,N,9,0,2,NORMAL,DOMESTIC SH,CRM TABBY
12-02-11,STRAY,OTC,DOG,N,10,0,2,NORMAL,CHIHUAHUA SH,TAN
12-03-11,STRAY,FIELD,DOG,F,0,1,15,NURSING,PIT BULL,CHOCOLATE
12-03-11,STRAY,FIELD,DOG,N,0,1,15,NURSING,PIT BULL,CHOCOLATE
12-03-11,STRAY,FIELD,DOG,F,0,1,15,NURSING,PIT BULL,CHOCOLATE
12-03-11,STRAY,FIELD,DOG,S,0,1,15,NURSING,PIT BULL,BLACK
12-03-11,STRAY,FIELD,DOG,M,0,1,15,NURSING,PIT BULL,BLACK
12-03-11,STRAY,FIELD,DOG,F,0,1,15,NURSING,PIT BULL,BLACK
12-03-11,STRAY,FIELD,DOG,S,0,1,15,NURSING,PIT BULL,BLACK
12-03-11,STRAY,FIELD,DOG,M,0,1,15,NURSING,PIT BULL,BLACK
12-03-11,STRAY,FIELD,DOG,M,0,1,15,NURSING,PIT BULL,BLACK
12-03-11,STRAY,FIELD,DOG,N,0,1,15,NURSING,PIT BULL,BLACK
12-03-11,STRAY,OTC,DOG,S,0,2,0,NORMAL,CATAHOULA,BLUE MERLE
12-03-11,STRAY,OTC,DOG,S,0,2,0,NORMAL,CATAHOULA,BLUE
12-03-11,STRAY,OTC,DOG,S,0,2,0,NORMAL,CATAHOULA,BLACK
12-03-11,STRAY,OTC,DOG,N,0,2,0,NORMAL,CATAHOULA,BLUE MERLE
12-03-11,STRAY,OTC,DOG,N,0,2,0,NORMAL,CATAHOULA,BLUE
12-03-11,STRAY,OTC,CAT,S,0,4,15,NORMAL,DOMESTIC MH,BLUE TABBY
12-03-11,STRAY,OTC,CAT,N,0,4,15,NORMAL,DOMESTIC LH,ORG TABBY
12-03-11,OWNER SUR,OTC,DOG,S,0,4,15,NORMAL,LABRADOR RETR,RED
12-03-11,STRAY,OTC,DOG,S,0,4,1,NORMAL,SIBERIAN HUSKY,TAN
12-03-11,STRAY,OTC,DOG,S,0,4,1,NORMAL,GERM SHEPHERD,BLACK
12-03-11,STRAY,OTC,DOG,N,0,4,1,NORMAL,RHOD RIDGEBACK,BROWN
12-03-11,OWNER SUR,OTC,DOG,S,0,5,1,NORMAL,AUST CATTLE DOG,BROWN
12-03-11,STRAY,FIELD,DOG,N,1,7,22,NORMAL,CHIHUAHUA SH,TAN
12-03-11,STRAY,OTC,DOG,M,1,8,1,NORMAL,GERM SHEPHERD,BLACK
12-03-11,STRAY,OTC,CAT,S,1,8,1,NORMAL,DOMESTIC SH,WHITE
12-03-11,STRAY,OTC,DOG,F,1,10,26,NORMAL,MIN PINSCHER,TAN
12-03-11,STRAY,OTC,DOG,N,1,11,0,NORMAL,PIT BULL,TAN
12-03-11,OWNER SUR,OTC,DOG,N,1,11,23,NORMAL,POINTER,BROWN
12-03-11,STRAY,OTC,DOG,S,1,11,5,NORMAL,KEESHOND,TAN
12-03-11,STRAY,OTC,DOG,S,1,0,0,NORMAL,LABRADOR RETR,BLACK
12-03-11,STRAY,OTC,DOG,N,1,0,0,NORMAL,DUTCH SHEPHERD,BR BRINDLE
12-03-11,STRAY,FIELD,DOG,S,1,0,0,NORMAL,PIT BULL,WHITE
12-03-11,STRAY,FIELD,DOG,N,1,0,0,NORMAL,STAFFORDSHIRE,BROWN
12-03-11,PUBLIC AST,NO SUBTYPE,DOG,M,1,0,0,NORMAL,CHIHUAHUA SH,WHITE
12-03-11,OWNER SUR,OTC,DOG,N,1,0,8,NORMAL,RAT TERRIER,TRICOLOR
12-03-11,STRAY,FIELD,DOG,S,2,6,1,OTHER,GREAT PYRENEES,WHITE
12-03-11,STRAY,OTC,DOG,F,2,6,1,NORMAL,ROTTWEILER,BLACK
12-03-11,OWNER SUR,OTC,DOG,N,3,0,29,NORMAL,DACHSHUND,TRICOLOR
12-03-11,STRAY,FIELD,DOG,N,2,0,0,NORMAL,GERM SHEPHERD,BLACK
12-03-11,STRAY,FIELD,DOG,F,2,0,0,INJURED,DOBERMAN PINSCH,BLACK
12-03-11,STRAY,OTC,DOG,S,2,6,1,NORMAL,LABRADOR RETR,BLACK
12-03-11,STRAY,FIELD,DOG,N,3,11,16,NORMAL,SIBERIAN HUSKY,WHITE
12-03-11,STRAY,FIELD,DOG,S,3,11,16,NORMAL,SIBERIAN HUSKY,WHITE
12-03-11,STRAY,OTC,DOG,S,3,0,0,NORMAL,GERM SHEPHERD,BROWN
12-03-11,OWNER SUR,OTC,CAT,S,3,0,0,NORMAL,DOMESTIC SH,CALICO
12-03-11,OWNER SUR,OTC,DOG,N,3,0,0,NORMAL,DACHSHUND,RED
12-03-11,STRAY,OTC,DOG,S,3,0,0,INJURED,GERM SHEPHERD,RED
12-03-11,OWNER SUR,OTC,DOG,S,3,6,1,NORMAL,LABRADOR RETR,BLACK
12-03-11,STRAY,EMERG CLC,CAT,N,5,0,21,FERAL,DOMESTIC SH,BLUE
12-03-11,STRAY,FIELD,DOG,F,4,0,1,NURSING,PIT BULL,WHITE
12-03-11,STRAY,OTC,DOG,F,4,0,1,NORMAL,POODLE MIN,BROWN
12-03-11,STRAY,OTC,CAT,S,5,0,1,NORMAL,DOMESTIC SH,BLACK
12-03-11,STRAY,OTC,CAT,N,5,0,1,NORMAL,DOMESTIC SH,BRN TABBY
12-03-11,OWNER SUR,OTC,CAT,N,5,0,1,NORMAL,MAINE COON,BRN TABBY
12-03-11,OWNER SUR,QUARANTINE,DOG,N,5,0,1,NORMAL,BASSET HOUND,TRICOLOR
12-03-11,OWNER SUR,OTC,CAT,N,5,4,26,NORMAL,DOMESTIC SH,BLACK
12-03-11,OWNER SUR,OTC,CAT,N,8,0,2,NORMAL,DOMESTIC SH,BRN TABBY
12-03-11,OWNER SUR,OTC,CAT,N,8,0,2,NORMAL,DOMESTIC SH,BLACK
12-03-11,OWNER SUR,OTC,DOG,S,8,0,2,NORMAL,AUST CATTLE DOG,BLUE MERLE
12-03-11,OWNER SUR,OTC,CAT,N,8,0,2,NORMAL,DOMESTIC SH,BLACK
12-03-11,STRAY,OTC,CAT,N,10,0,22,NORMAL,DOMESTIC SH,BLACK
12-03-11,OWNER SUR,OTC,DOG,N,9,0,0,NORMAL,LABRADOR RETR,BLACK
12-03-11,OWNER SUR,OTC,DOG,F,11,0,2,NORMAL,PIT BULL,BROWN
12-03-11,OWNER SUR,OTC,DOG,F,11,0,2,NORMAL,PIT BULL,BLUE
12-04-11,STRAY,OTC,CAT,S,0,1,14,NORMAL,DOMESTIC SH,WHITE
12-04-11,OWNER SUR,OTC,DOG,S,0,3,15,NORMAL,WHIPPET,WHITE
12-04-11,OWNER SUR,OTC,DOG,S,0,3,15,NORMAL,WHIPPET,CREAM
12-04-11,OWNER SUR,OTC,DOG,N,0,3,15,NORMAL,WHIPPET,TAN
12-04-11,OWNER SUR,OTC,DOG,N,0,3,15,NORMAL,WHIPPET,TAN
12-04-11,STRAY,OTC,DOG,N,0,3,20,NORMAL,GERM SHEPHERD,BLACK
12-04-11,OWNER SUR,OTC,DOG,N,0,3,0,SICK,LABRADOR RETR,RED
12-04-11,STRAY,OTC,DOG,N,0,4,1,NORMAL,PLOTT HOUND,BR BRINDLE
12-04-11,STRAY,OTC,CAT,S,0,5,16,NORMAL,DOMESTIC SH,BLACK
12-04-11,STRAY,OTC,CAT,S,0,5,1,NORMAL,DOMESTIC MH,TORTIE
12-04-11,STRAY,OTC,CAT,N,1,8,29,NORMAL,DOMESTIC SH,BLACK
12-04-11,OWNER SUR,FIELD,DOG,N,1,8,1,NORMAL,LABRADOR RETR,TAN
12-04-11,OWNER SUR,OTC,DOG,F,1,0,0,NORMAL,CHIHUAHUA SH,YELLOW
12-04-11,STRAY,FIELD,DOG,S,1,0,0,INJURED,GERM SHEPHERD,BLACK
12-04-11,OWNER SUR,OTC,CAT,S,1,0,0,NORMAL,DOMESTIC MH,BLACK
12-04-11,STRAY,OTC,CAT,S,2,6,1,NORMAL,DOMESTIC SH,TORTIE
12-04-11,STRAY,QUARANTINE,CAT,N,2,0,0,NORMAL,DOMESTIC SH,BRN TABBY
12-04-11,STRAY,FIELD,DOG,N,3,0,0,NORMAL,ROTTWEILER,BLACK
12-04-11,STRAY,FIELD,DOG,N,3,0,0,NORMAL,BOXER,BR BRINDLE
12-04-11,STRAY,OTC,DOG,S,3,0,0,NORMAL,CHIHUAHUA SH,BROWN
12-04-11,STRAY,OTC,DOG,N,4,10,24,NORMAL,AUST SHEPHERD,WHITE
12-04-11,OWNER SUR,OTC,DOG,N,5,0,1,NORMAL,CHIHUAHUA SH,BLACK
12-04-11,PUBLIC AST,QUARANTINE,CAT,S,5,0,1,NORMAL,DOMESTIC SH,BRN TABBY
12-04-11,STRAY,OTC,CAT,S,6,0,1,NORMAL,DOMESTIC SH,BLACK
12-04-11,STRAY,EMERG CLC,DOG,N,7,9,9,INJURED,ALASK MALAMUTE,BLACK
12-04-11,STRAY,FIELD,DOG,N,7,0,1,NORMAL,LABRADOR RETR,TAN
12-04-11,STRAY,FIELD,DOG,N,8,3,20,NORMAL,COLLIE SMOOTH,TRICOLOR
12-04-11,STRAY,FIELD,DOG,N,8,3,20,NORMAL,COLLIE SMOOTH,TRICOLOR
12-04-11,STRAY,FIELD,CAT,S,9,0,2,INJURED,DOMESTIC MH,BRN TABBY
12-04-11,STRAY,OTC,CAT,N,10,0,2,SICK,DOMESTIC SH,BLACK
12-05-11,PUBLIC AST,QUARANTINE,DOG,N,0,0,10,NORMAL,CHIHUAHUA SH,WHITE
12-05-11,PUBLIC AST,QUARANTINE,DOG,N,0,0,10,NORMAL,CHIHUAHUA SH,WHITE
12-05-11,PUBLIC AST,QUARANTINE,DOG,N,0,0,10,NORMAL,CHIHUAHUA SH,WHITE
12-05-11,PUBLIC AST,QUARANTINE,DOG,N,0,0,10,NORMAL,CHIHUAHUA SH,BROWN
12-05-11,PUBLIC AST,QUARANTINE,DOG,S,0,0,10,NORMAL,CHIHUAHUA SH,BLACK
12-05-11,STRAY,OTC,DOG,N,0,2,0,NORMAL,GERM SHEPHERD,BROWN
12-05-11,STRAY,FIELD,DOG,S,0,2,0,NORMAL,LABRADOR RETR,BLACK
12-05-11,STRAY,FIELD,DOG,S,0,2,0,NORMAL,LABRADOR RETR,BLACK
12-05-11,STRAY,OTC,DOG,M,0,2,0,NORMAL,LABRADOR RETR,BLACK
12-05-11,STRAY,FIELD,DOG,F,0,2,0,NORMAL,NORWICH TERRIER,SABLE
12-05-11,OWNER SUR,OTC,DOG,S,0,2,0,NORMAL,BASSET HOUND,BR BRINDLE
12-05-11,OWNER SUR,OTC,DOG,N,0,2,0,NORMAL,BASSET HOUND,TAN
12-05-11,OWNER SUR,OTC,DOG,S,0,2,0,NORMAL,BASSET HOUND,Y BRINDLE
12-05-11,OWNER SUR,OTC,DOG,N,0,2,0,NORMAL,BASSET HOUND,TRICOLOR
12-05-11,OWNER SUR,OTC,DOG,S,0,2,0,NORMAL,BASSET HOUND,BR BRINDLE
12-05-11,OWNER SUR,OTC,DOG,S,0,2,0,NORMAL,BASSET HOUND,BR BRINDLE
12-05-11,STRAY,OTC,CAT,S,0,5,26,SICK,DOMESTIC SH,BLACK
12-05-11,STRAY,OTC,DOG,S,0,5,12,NORMAL,BASSET HOUND,TRICOLOR
12-05-11,STRAY,OTC,CAT,N,1,10,21,NORMAL,DOMESTIC SH,BLACK
12-05-11,OWNER SUR,FIELD,DOG,S,1,0,0,NORMAL,POODLE TOY,WHITE
12-05-11,STRAY,OTC,CAT,S,1,0,0,NORMAL,DOMESTIC SH,BLACK
12-05-11,OWNER SUR,OTC,DOG,N,1,0,0,NORMAL,LABRADOR RETR,BLACK
12-05-11,STRAY,OTC,DOG,F,2,6,1,NORMAL,BEAGLE,TRICOLOR
12-05-11,STRAY,OTC,DOG,N,2,6,1,NORMAL,MASTIFF,BROWN
12-05-11,OWNER SUR,OTC,CAT,S,2,6,1,NORMAL,DOMESTIC SH,BRN TABBY
12-05-11,STRAY,FIELD,DOG,N,2,6,1,NORMAL,CHIHUAHUA SH,TAN
12-05-11,STRAY,OTC,DOG,N,2,6,5,NORMAL,PIT BULL,FAWN
12-05-11,STRAY,FIELD,DOG,N,2,7,11,NORMAL,LABRADOR RETR,CHOCOLATE
12-05-11,OWNER SUR,OTC,CAT,N,2,0,0,NORMAL,DOMESTIC SH,BLACK
12-05-11,OWNER SUR,OTC,CAT,S,2,0,0,NORMAL,BALINESE,SEAL PT
12-05-11,STRAY,OTC,DOG,N,2,0,0,NORMAL,DACHSHUND,RED
12-05-11,STRAY,FIELD,DOG,N,2,0,0,NORMAL,CHIHUAHUA SH,BROWN
12-05-11,STRAY,OTC,CAT,S,2,0,0,NORMAL,DOMESTIC SH,CALICO
12-05-11,STRAY,OTC,DOG,M,2,0,0,NORMAL,SIBERIAN HUSKY,BLACK
12-05-11,STRAY,OTC,DOG,S,2,0,0,NORMAL,LABRADOR RETR,RED
12-05-11,STRAY,FIELD,DOG,S,3,10,4,NORMAL,CAROLINA DOG,BROWN
12-05-11,STRAY,OTC,CAT,N,3,0,0,NORMAL,DOMESTIC SH,BRN TABBY
12-05-11,OWNER SUR,OTC,DOG,S,3,0,0,NORMAL,BASSET HOUND,RED
12-05-11,OWNER SUR,OTC,CAT,N,3,0,0,NORMAL,DOMESTIC SH,BRN TABBY
12-05-11,STRAY,FIELD,DOG,N,3,0,0,NORMAL,WEST HIGHLAND,WHITE
12-05-11,PUBLIC AST,QUARANTINE,DOG,S,3,2,21,NORMAL,AM PIT BULL TER,WHITE
12-05-11,STRAY,OTC,DOG,N,4,0,1,NORMAL,DACHSHUND,BLACK
12-05-11,STRAY,OTC,CAT,N,5,0,1,NORMAL,MAINE COON,BRN TABBY
12-05-11,STRAY,FIELD,DOG,N,5,0,1,NORMAL,CHIHUAHUA SH,BROWN
12-05-11,STRAY,OTC,CAT,N,7,0,1,NORMAL,DOMESTIC SH,BRN TABBY
12-05-11,STRAY,FIELD,DOG,N,7,0,1,NORMAL,GREAT PYRENEES,BLACK
12-05-11,STRAY,OTC,CAT,S,8,0,2,NORMAL,DOMESTIC MH,CRM TABBY
12-05-11,PUBLIC AST,QUARANTINE,DOG,F,9,11,20,NORMAL,CHIHUAHUA SH,BLACK
12-05-11,STRAY,OTC,CAT,S,10,0,24,NORMAL,DOMESTIC SH,BLUE TABBY
12-05-11,STRAY,FIELD,DOG,N,10,0,2,INJURED,CHOW CHOW,BLACK
12-06-11,STRAY,OTC,CAT,S,0,2,0,NORMAL,DOMESTIC SH,TORBIE
12-06-11,STRAY,OTC,CAT,M,0,2,0,NORMAL,DOMESTIC SH,ORG TABBY
12-06-11,STRAY,OTC,CAT,N,0,2,0,NORMAL,DOMESTIC SH,ORG TABBY
12-06-11,STRAY,OTC,CAT,M,0,2,0,NORMAL,DOMESTIC SH,ORG TABBY
12-06-11,STRAY,OTC,CAT,N,0,2,0,NORMAL,DOMESTIC SH,ORG TABBY
12-06-11,STRAY,OTC,DOG,S,0,2,22,NORMAL,WELSH CORGI CAR,WHITE
12-06-11,STRAY,OTC,DOG,S,0,2,22,NORMAL,WELSH CORGI CAR,SABLE
12-06-11,STRAY,OTC,DOG,S,0,2,22,NORMAL,WELSH CORGI CAR,BLACK
12-06-11,STRAY,OTC,DOG,S,0,2,22,NORMAL,WELSH CORGI CAR,BLACK
12-06-11,STRAY,OTC,DOG,N,0,2,22,NORMAL,WELSH CORGI CAR,BLACK
12-06-11,STRAY,OTC,DOG,N,0,2,22,NORMAL,WELSH CORGI CAR,BLACK
12-06-11,OWNER SUR,OTC,DOG,S,0,2,0,SICK,POODLE MIN,CREAM
12-06-11,STRAY,OTC,DOG,N,0,2,8,NORMAL,LABRADOR RETR,BLACK
12-06-11,STRAY,FIELD,DOG,S,0,4,1,SICK,LABRADOR RETR,BLACK
12-06-11,OWNER SUR,OTC,DOG,N,0,5,16,NORMAL,AUST CATTLE DOG,BLUE TICK
12-06-11,STRAY,OTC,CAT,S,1,6,1,NORMAL,DOMESTIC SH,CALICO
12-06-11,STRAY,FIELD,DOG,S,1,6,1,NORMAL,LABRADOR RETR,YELLOW
12-06-11,PUBLIC AST,SURGERY,CAT,S,1,7,2,NORMAL,DOMESTIC SH,WHITE
12-06-11,STRAY,FIELD,DOG,S,1,7,2,NORMAL,GOLDEN RETR,BROWN
12-06-11,STRAY,OTC,DOG,F,1,8,1,NORMAL,BOXER,BROWN
12-06-11,STRAY,FIELD,DOG,N,1,8,1,NORMAL,LABRADOR RETR,BLACK
12-06-11,STRAY,OTC,DOG,S,1,9,2,NORMAL,LABRADOR RETR,CHOCOLATE
12-06-11,STRAY,OTC,DOG,F,1,0,0,NORMAL,LABRADOR RETR,BLACK
12-06-11,STRAY,OTC,DOG,N,1,0,0,NORMAL,LABRADOR RETR,RED
12-06-11,STRAY,FIELD,DOG,M,1,0,0,NORMAL,NORWICH TERRIER,SABLE
12-06-11,PUBLIC AST,SURGERY,CAT,S,1,0,0,FERAL,DOMESTIC SH,BLACK
12-06-11,PUBLIC AST,SURGERY,CAT,S,1,0,0,FERAL,DOMESTIC SH,BLUE
12-06-11,OWNER SUR,OTC,CAT,N,1,2,26,NORMAL,DOMESTIC SH,BLACK
12-06-11,OWNER SUR,OTC,CAT,S,1,2,0,NORMAL,DOMESTIC SH,BLACK
12-06-11,STRAY,FIELD,DOG,N,1,4,10,NORMAL,PIT BULL,BROWN
12-06-11,STRAY,OTC,DOG,N,2,6,1,NORMAL,DACHSHUND LH,RED
12-06-11,STRAY,OTC,DOG,N,2,6,1,NORMAL,ANATOL SHEPHERD,BR BRINDLE
12-06-11,OWNER SUR,OTC,DOG,N,2,6,1,NORMAL,RAT TERRIER,TRICOLOR
12-06-11,EUTH REQ,NO SUBTYPE,DOG,N,2,9,4,NORMAL,PIT BULL,RED
12-06-11,PUBLIC AST,SURGERY,CAT,S,2,0,0,NORMAL,SIAMESE,TORTIE PT
12-06-11,STRAY,OTC,DOG,F,2,0,0,NORMAL,BOXER,BR BRINDLE
12-06-11,OWNER SUR,RETURN,DOG,N,2,2,17,NORMAL,AUST CATTLE DOG,BLACK
12-06-11,STRAY,FIELD,DOG,S,2,2,18,NORMAL,CHIHUAHUA SH,BLACK
12-06-11,STRAY,FIELD,DOG,S,2,5,18,NORMAL,PIT BULL,BROWN
12-06-11,OWNER SUR,OTC,DOG,F,2,6,1,INJURED,CHIHUAHUA SH,TAN
12-06-11,STRAY,FIELD,DOG,N,3,0,0,NORMAL,CHIHUAHUA SH,BLACK
12-06-11,OWNER SUR,OTC,CAT,N,3,0,0,NORMAL,DOMESTIC SH,BRN TABBY
12-06-11,STRAY,OTC,DOG,N,3,6,1,NORMAL,BOXER,WHITE
12-06-11,OWNER SUR,OTC,DOG,F,4,7,9,NORMAL,PIT BULL,BLUE
12-06-11,STRAY,OTC,CAT,N,4,0,1,NORMAL,PERSIAN,BLACK
12-06-11,STRAY,OTC,DOG,N,5,0,1,NORMAL,ROTTWEILER,BLACK
12-06-11,STRAY,OTC,DOG,F,5,0,1,NORMAL,AM PIT BULL TER,WHITE
12-06-11,OWNER SUR,OTC,DOG,S,6,0,1,NORMAL,CATAHOULA,BLUE MERLE
12-06-11,STRAY,OTC,CAT,N,6,0,1,INJURED,DOMESTIC SH,BLACK
12-06-11,OWNER SUR,OTC,DOG,M,7,7,10,NORMAL,PIT BULL,BROWN
12-06-11,STRAY,OTC,DOG,M,7,0,1,NORMAL,GERM SHEPHERD,BLACK
12-06-11,OWNER SUR,OTC,DOG,N,9,6,3,NORMAL,LABRADOR RETR,CHOCOLATE
12-06-11,STRAY,OTC,DOG,S,9,0,2,NORMAL,GREAT DANE,BLACK
12-06-11,STRAY,OTC,DOG,S,10,0,2,NORMAL,BEAGLE,TRICOLOR
12-06-11,STRAY,FIELD,DOG,N,10,4,21,NORMAL,FLAT COAT RETR,BLACK
12-07-11,OWNER SUR,OTC,DOG,S,0,0,4,NURSING,CHIHUAHUA SH,BLACK
12-07-11,OWNER SUR,OTC,DOG,S,0,0,4,NURSING,CHIHUAHUA SH,TAN
12-07-11,OWNER SUR,OTC,DOG,N,0,0,4,NURSING,CHIHUAHUA SH,BLUE
12-07-11,OWNER SUR,OTC,DOG,N,0,0,4,NURSING,CHIHUAHUA SH,WHITE
12-07-11,OWNER SUR,OTC,DOG,F,0,2,0,NORMAL,DACHSHUND,RED MERLE
12-07-11,PUBLIC AST,NO SUBTYPE,DOG,F,0,5,1,NORMAL,CHIHUAHUA SH,BLACK
12-07-11,STRAY,OTC,CAT,S,1,6,1,NORMAL,DOMESTIC SH,TORTIE
12-07-11,STRAY,OTC,CAT,N,1,8,18,NORMAL,DOMESTIC MH,CRM TABBY
12-07-11,STRAY,OTC,DOG,N,1,8,1,NORMAL,GERM SHEPHERD,BLACK
12-07-11,STRAY,OTC,DOG,N,1,8,1,NORMAL,PIT BULL,FAWN
12-07-11,STRAY,QUARANTINE,CAT,N,1,9,2,NORMAL,DOMESTIC SH,BRN TABBY
12-07-11,STRAY,OTC,DOG,S,1,10,13,NORMAL,POINTER,BROWN
12-07-11,STRAY,OTC,DOG,S,1,11,0,NORMAL,AUST CATTLE DOG,RED MERLE
12-07-11,STRAY,OTC,DOG,S,1,11,0,NORMAL,AUST CATTLE DOG,RED MERLE
12-07-11,STRAY,OTC,CAT,N,1,11,0,NORMAL,DOMESTIC LH,BLACK
12-07-11,STRAY,OTC,DOG,F,1,0,0,NORMAL,SHETLD SHEEPDOG,RED
12-07-11,STRAY,OTC,DOG,N,1,0,0,NORMAL,GERM SHEPHERD,TAN
12-07-11,STRAY,OTC,DOG,N,1,0,0,NORMAL,LABRADOR RETR,BROWN
12-07-11,STRAY,FIELD,DOG,N,1,0,0,NORMAL,AMER BULLDOG,WHITE
12-07-11,STRAY,FIELD,DOG,S,1,0,0,INJURED,BEAGLE,WHITE
12-07-11,STRAY,OTC,DOG,S,1,0,0,NORMAL,AUST CATTLE DOG,BROWN
12-07-11,STRAY,QUARANTINE,CAT,N,1,0,2,NORMAL,SIAMESE,WHITE
12-07-11,STRAY,FIELD,DOG,N,1,2,19,NORMAL,CATAHOULA,BRN MERLE
12-07-11,STRAY,FIELD,DOG,N,1,2,0,NORMAL,BEAGLE,BROWN
12-07-11,STRAY,OTC,DOG,N,2,6,1,NORMAL,RHOD RIDGEBACK,BROWN
12-07-11,OWNER SUR,FIELD,DOG,N,2,6,1,NORMAL,BASENJI,WHITE
12-07-11,STRAY,FIELD,DOG,S,2,6,1,NORMAL,WELSH CORGI PEM,BLACK
12-07-11,OWNER SUR,OTC,CAT,N,2,6,1,NORMAL,DOMESTIC SH,ORG TABBY
12-07-11,STRAY,OTC,DOG,F,2,6,1,NORMAL,BASSET HOUND,RED
12-07-11,OWNER SUR,OTC,DOG,S,2,10,14,NORMAL,STAFFORDSHIRE,BROWN
12-07-11,STRAY,OTC,DOG,N,2,0,0,NORMAL,PIT BULL,BR BRINDLE
12-07-11,STRAY,FIELD,DOG,S,2,0,0,NORMAL,BRIARD,WHITE
12-07-11,STRAY,FIELD,DOG,S,2,0,0,NORMAL,BORDER COLLIE,BLACK
12-07-11,STRAY,OTC,DOG,S,3,0,0,NORMAL,ROTTWEILER,BLACK
12-07-11,STRAY,OTC,DOG,N,3,0,0,NORMAL,POODLE TOY,WHITE
12-07-11,STRAY,OTC,CAT,N,3,0,0,NORMAL,SIAMESE,LYNX PT
12-07-11,STRAY,OTC,DOG,N,3,0,0,NORMAL,LABRADOR RETR,BLACK
12-07-11,STRAY,OTC,CAT,S,3,0,0,NORMAL,DOMESTIC SH,BLUE TABBY
12-07-11,STRAY,FIELD,DOG,S,3,0,0,NORMAL,GERM SHEPHERD,BLACK
12-07-11,STRAY,FIELD,DOG,S,4,11,25,NORMAL,AUST SHEPHERD,BLUE MERLE
12-07-11,STRAY,OTC,DOG,N,4,0,1,NORMAL,POODLE TOY,WHITE
12-07-11,STRAY,OTC,DOG,N,5,7,22,NORMAL,BOSTON TERRIER,WHITE
12-07-11,STRAY,OTC,DOG,N,5,0,1,NORMAL,AUST SHEPHERD,BLACK
12-07-11,STRAY,OTC,DOG,S,5,0,1,NORMAL,POODLE MIN,WHITE
12-07-11,STRAY,OTC,CAT,S,5,0,1,NORMAL,DOMESTIC SH,TORTIE
12-07-11,OWNER SUR,OTC,DOG,N,5,2,12,NORMAL,BOXER,CHOCOLATE
12-07-11,OWNER SUR,OTC,DOG,N,6,0,1,NORMAL,PIT BULL,RED
12-07-11,STRAY,FIELD,DOG,N,6,0,1,NORMAL,CAIRN TERRIER,SILVER
12-07-11,STRAY,OTC,DOG,M,6,6,29,NORMAL,LABRADOR RETR,TAN
12-07-11,STRAY,OTC,DOG,M,8,0,2,AGED,PIT BULL,TAN
12-07-11,STRAY,OTC,CAT,N,13,0,27,NORMAL,DOMESTIC SH,BLACK
12-07-11,STRAY,OTC,CAT,N,17,0,21,NORMAL,DOMESTIC SH,ORG TABBY
12-08-11,OWNER SUR,OTC,CAT,S,0,2,22,FERAL,DOMESTIC SH,TORTIE
12-08-11,STRAY,OTC,DOG,N,0,2,1,NORMAL,CHIHUAHUA SH,BLACK
12-08-11,STRAY,FIELD,DOG,S,0,3,15,NORMAL,NEWFOUNDLAND,BLACK
12-08-11,STRAY,OTC,DOG,N,1,6,1,NORMAL,AUST CATTLE DOG,WHITE
12-08-11,OWNER SUR,OTC,DOG,S,1,7,2,NORMAL,GERM SHEPHERD,BROWN
12-08-11,OWNER SUR,OTC,DOG,S,1,7,2,NORMAL,LABRADOR RETR,BLACK
12-08-11,OWNER SUR,OTC,DOG,S,1,7,2,NORMAL,GERM SHEPHERD,TAN
12-08-11,STRAY,OTC,CAT,S,1,7,2,NORMAL,SIAMESE,LYNX PT
12-08-11,OWNER SUR,OTC,DOG,S,1,9,23,NORMAL,LABRADOR RETR,TAN
12-08-11,PUBLIC AST,QUARANTINE,CAT,N,1,11,0,NORMAL,DOMESTIC SH,CRM TABBY
12-08-11,STRAY,OTC,DOG,N,2,0,25,NORMAL,LABRADOR RETR,BLACK
12-08-11,STRAY,FIELD,DOG,S,1,0,0,NORMAL,AM PIT BULL TER,WHITE
12-08-11,STRAY,OTC,DOG,S,1,0,0,SICK,LABRADOR RETR,WHITE
12-08-11,STRAY,OTC,DOG,U,1,0,0,SICK,DACHSHUND,BLACK
12-08-11,OWNER SUR,OTC,DOG,N,1,0,1,NORMAL,PIT BULL,TAN
12-08-11,STRAY,OTC,DOG,N,1,4,8,NORMAL,LABRADOR RETR,YELLOW
12-08-11,STRAY,OTC,DOG,N,2,6,1,NORMAL,TIBETAN SPAN,WHITE
12-08-11,PUBLIC AST,QUARANTINE,DOG,S,2,0,0,NORMAL,DOBERMAN PINSCH,BLACK
12-08-11,STRAY,OTC,DOG,M,2,0,0,INJURED,PIT BULL,BR BRINDLE
12-08-11,STRAY,OTC,DOG,N,2,0,0,NORMAL,CHIHUAHUA SH,BUFF
12-08-11,STRAY,OTC,DOG,S,3,8,10,NORMAL,PIT BULL,BROWN
12-08-11,STRAY,FIELD,DOG,S,4,0,0,NORMAL,AUST CATTLE DOG,BLUE MERLE
12-08-11,STRAY,FIELD,DOG,N,3,0,0,NORMAL,PIT BULL,BLACK
12-08-11,STRAY,OTC,DOG,M,3,0,0,NORMAL,ROTTWEILER,BLACK
12-08-11,STRAY,OTC,DOG,N,3,0,0,NORMAL,GERM SHEPHERD,BLACK
12-08-11,STRAY,OTC,DOG,S,3,0,0,NORMAL,FOX TERR SMOOTH,TRICOLOR
12-08-11,STRAY,FIELD,DOG,N,3,0,0,NORMAL,PIT BULL,BLACK
12-08-11,STRAY,FIELD,DOG,N,3,0,0,INJURED,RAT TERRIER,TRICOLOR
12-08-11,STRAY,FIELD,DOG,S,3,2,19,NORMAL,PIT BULL,WHITE
12-08-11,STRAY,OTC,DOG,N,4,8,10,NORMAL,AMER BULLDOG,TAN
12-08-11,STRAY,OTC,DOG,N,5,0,1,NORMAL,LABRADOR RETR,BLACK
12-08-11,STRAY,OTC,CAT,N,5,0,1,NORMAL,DOMESTIC SH,BLACK
12-08-11,STRAY,OTC,DOG,S,6,0,1,NORMAL,AUST CATTLE DOG,TAN
12-08-11,OWNER SUR,OTC,DOG,N,6,5,17,NORMAL,BOXER,BLACK
12-08-11,STRAY,FIELD,DOG,S,10,4,24,NORMAL,PIT BULL,BLACK
12-08-11,OWNER SUR,OTC,DOG,S,13,0,3,AGED,GERM SH POINT,LIVER TICK
12-08-11,STRAY,OTC,DOG,S,NO AGE,INJURED,AUST CATTLE DOG,FAWN,,
12-09-11,OWNER SUR,OTC,DOG,N,0,2,22,NORMAL,SHETLD SHEEPDOG,TAN
12-09-11,PUBLIC AST,QUARANTINE,CAT,N,0,2,0,NORMAL,DOMESTIC SH,BRN TABBY
12-09-11,STRAY,OTC,DOG,M,0,2,0,NORMAL,CHIHUAHUA SH,TAN
12-09-11,OWNER SUR,OTC,DOG,N,0,4,15,NORMAL,PIT BULL,WHITE
12-09-11,STRAY,OTC,DOG,S,0,4,11,NORMAL,CHIHUAHUA SH,TAN
12-09-11,STRAY,OTC,DOG,N,0,4,11,NORMAL,BOXER,BR BRINDLE
12-09-11,STRAY,OTC,DOG,S,0,5,1,NORMAL,BOXER,BR BRINDLE
12-09-11,STRAY,OTC,DOG,N,0,6,23,NORMAL,MALTESE,WHITE
12-09-11,STRAY,OTC,DOG,S,1,6,1,NORMAL,PIT BULL,BLACK
12-09-11,STRAY,OTC,DOG,N,1,11,0,NORMAL,COLLIE ROUGH,BROWN
12-09-11,STRAY,FIELD,DOG,N,1,11,0,NORMAL,LABRADOR RETR,BLACK
12-09-11,STRAY,OTC,DOG,S,1,0,0,NORMAL,DACHSHUND,TAN
12-09-11,STRAY,OTC,DOG,S,1,0,0,NORMAL,DACHSHUND,BROWN
12-09-11,STRAY,OTC,DOG,N,1,0,0,NORMAL,DACHSHUND,BROWN
12-09-11,STRAY,FIELD,DOG,N,1,0,13,NORMAL,LABRADOR RETR,BLACK
12-09-11,STRAY,FIELD,DOG,N,2,6,2,NORMAL,LABRADOR RETR,YELLOW
12-09-11,OWNER SUR,RETURN,DOG,F,2,6,7,NORMAL,ROTTWEILER,BLACK
12-09-11,STRAY,OTC,DOG,N,3,0,0,NORMAL,DACHSHUND,SABLE
12-09-11,STRAY,OTC,DOG,S,2,0,0,NORMAL,PIT BULL,WHITE
12-09-11,STRAY,FIELD,DOG,S,2,0,0,NORMAL,GERM SHEPHERD,BLACK
12-09-11,STRAY,OTC,CAT,S,2,0,0,NORMAL,DOMESTIC SH,BLACK
12-09-11,OWNER SUR,OTC,DOG,N,4,0,15,NORMAL,GERM SHEPHERD,SABLE
12-09-11,STRAY,OTC,CAT,F,3,0,0,NORMAL,DOMESTIC SH,TORTIE
12-09-11,OWNER SUR,QUARANTINE,DOG,S,4,9,14,NORMAL,BOXER,BROWN
12-09-11,STRAY,OTC,CAT,N,4,0,1,NORMAL,DOMESTIC SH,BLACK
12-09-11,STRAY,OTC,DOG,S,5,11,19,NORMAL,PIT BULL,WHITE
12-09-11,OWNER SUR,OTC,DOG,S,5,0,1,NORMAL,DACHSHUND,BROWN
12-09-11,OWNER SUR,OTC,DOG,S,5,0,1,NORMAL,CHIHUAHUA SH,BLACK
12-09-11,PUBLIC AST,INVESTIGAT,DOG,M,5,0,1,NORMAL,PIT BULL,BROWN
12-09-11,OWNER SUR,OTC,CAT,N,6,0,1,NORMAL,DOMESTIC SH,ORG TABBY
12-09-11,OWNER SUR,QUARANTINE,CAT,F,7,0,0,SICK,DOMESTIC MH,BLACK
12-09-11,STRAY,FIELD,DOG,N,8,0,2,INJURED,COLLIE SMOOTH,BROWN
12-09-11,STRAY,OTC,DOG,N,12,0,1,NORMAL,AMER BULLDOG,WHITE
12-09-11,STRAY,OTC,DOG,S,13,0,3,NORMAL,PEKINGESE,BROWN
12-10-11,STRAY,OTC,CAT,N,0,2,2,NORMAL,DOMESTIC SH,BLUE
12-10-11,STRAY,OTC,DOG,N,0,2,10,NORMAL,LABRADOR RETR,TAN
12-10-11,STRAY,OTC,CAT,F,0,3,0,NORMAL,DOMESTIC MH,BLACK
12-10-11,STRAY,FIELD,CAT,N,0,5,1,INJURED,DOMESTIC MH,TORBIE
12-10-11,STRAY,OTC,DOG,S,1,7,16,NORMAL,DOBERMAN PINSCH,CHOCOLATE
12-10-11,STRAY,OTC,DOG,F,1,8,1,NORMAL,PIT BULL,BROWN
12-10-11,STRAY,OTC,DOG,N,1,8,1,NORMAL,PIT BULL,BLUE
12-10-11,STRAY,OTC,DOG,N,1,8,1,NORMAL,PIT BULL,FAWN
12-10-11,OWNER SUR,FIELD,DOG,F,1,0,0,INJURED,PIT BULL,TAN
12-10-11,OWNER SUR,RETURN,DOG,N,1,5,10,NORMAL,GERM SHEPHERD,BLACK
12-10-11,STRAY,OTC,DOG,S,2,9,11,NORMAL,DOBERMAN PINSCH,BLACK
12-10-11,OWNER SUR,OTC,DOG,S,2,0,0,NORMAL,SHETLD SHEEPDOG,SABLE
12-10-11,OWNER SUR,OTC,CAT,N,2,0,0,NORMAL,DOMESTIC SH,CRM TABBY
12-10-11,OWNER SUR,FIELD,DOG,N,2,0,0,NORMAL,PIT BULL,BRN TIGER
12-10-11,STRAY,FIELD,CAT,F,2,0,0,INJURED,DOMESTIC SH,BRN TABBY
12-10-11,OWNER SUR,FIELD,DOG,S,2,0,0,NORMAL,AUST CATTLE DOG,BLUE TICK
12-10-11,STRAY,OTC,CAT,S,2,6,26,NORMAL,DOMESTIC SH,CALICO
12-10-11,STRAY,OTC,DOG,N,3,0,0,NORMAL,DACHSHUND,RED
12-10-11,PUBLIC AST,QUARANTINE,DOG,N,3,6,1,NORMAL,GERM SHEPHERD,BR BRINDLE
12-10-11,OWNER SUR,OTC,CAT,S,4,0,1,NORMAL,DOMESTIC SH,CALICO
12-10-11,STRAY,QUARANTINE,DOG,N,5,6,2,INJURED,AM PIT BULL TER,BR BRINDLE
12-10-11,STRAY,OTC,DOG,S,5,0,1,NORMAL,CAIRN TERRIER,BLACK
12-10-11,STRAY,FIELD,CAT,F,5,0,1,INJURED,DOMESTIC LH,BRN TABBY
12-10-11,OWNER SUR,OTC,DOG,N,6,0,1,NORMAL,CHIHUAHUA SH,BUFF
12-10-11,STRAY,OTC,CAT,N,6,0,1,NORMAL,DOMESTIC SH,BLACK
12-10-11,OWNER SUR,OTC,DOG,S,10,0,2,NORMAL,CHIHUAHUA SH,BUFF
12-10-11,STRAY,OTC,DOG,N,12,0,27,NORMAL,PUG,FAWN
12-10-11,STRAY,OTC,DOG,S,12,0,2,NORMAL,POODLE MIN,BLACK
12-10-11,STRAY,OTC,CAT,N,12,0,3,SICK,DOMESTIC LH,BLACK
12-10-11,STRAY,OTC,DOG,M,NO AGE,NORMAL,PUG,FAWN,,
12-11-11,STRAY,OTC,DOG,N,0,1,23,NURSING,CHIHUAHUA LH,BLACK
12-11-11,STRAY,OTC,DOG,S,0,1,23,NURSING,CHIHUAHUA LH,BLACK
12-11-11,STRAY,OTC,DOG,N,0,2,15,SICK,LABRADOR RETR,WHITE
12-11-11,STRAY,FIELD,DOG,S,0,3,0,NORMAL,PIT BULL,WHITE
12-11-11,STRAY,FIELD,DOG,S,0,3,0,NORMAL,PIT BULL,BROWN
12-11-11,STRAY,FIELD,DOG,N,0,3,0,NORMAL,PIT BULL,BROWN
12-11-11,STRAY,FIELD,DOG,M,0,3,0,NORMAL,LABRADOR RETR,BROWN
12-11-11,OWNER SUR,FIELD,DOG,S,0,5,1,NORMAL,GERM SHEPHERD,BLACK
12-11-11,STRAY,OTC,DOG,N,0,6,16,NORMAL,LABRADOR RETR,WHITE
12-11-11,STRAY,OTC,DOG,M,0,6,16,NORMAL,LABRADOR RETR,SABLE
12-11-11,STRAY,OTC,DOG,S,0,6,16,NORMAL,LABRADOR RETR,WHITE
12-11-11,STRAY,OTC,DOG,S,0,6,16,NORMAL,LABRADOR RETR,TAN
12-11-11,OWNER SUR,FIELD,DOG,N,0,6,28,NORMAL,GERM SHEPHERD,SABLE
12-11-11,STRAY,OTC,CAT,S,1,7,4,NORMAL,RUSSIAN BLUE,BLUE
12-11-11,STRAY,FIELD,DOG,N,1,8,1,NORMAL,WELSH CORGI CAR,BROWN
12-11-11,OWNER SUR,OTC,CAT,S,1,9,19,NORMAL,DOMESTIC SH,BRN TABBY
12-11-11,OWNER SUR,OTC,CAT,S,1,9,19,NORMAL,DOMESTIC SH,BLACK
12-11-11,STRAY,OTC,CAT,N,1,0,0,NORMAL,DOMESTIC SH,ORG TABBY
12-11-11,STRAY,FIELD,DOG,N,1,0,0,NORMAL,LABRADOR RETR,RED
12-11-11,OWNER SUR,QUARANTINE,DOG,M,1,0,0,NORMAL,BOXER,BROWN
12-11-11,OWNER SUR,OTC,CAT,S,1,5,8,NORMAL,DOMESTIC SH,BLACK
12-11-11,OWNER SUR,QUARANTINE,DOG,M,2,6,1,NORMAL,BOXER,BROWN
12-11-11,STRAY,FIELD,DOG,N,2,6,1,NORMAL,AMERICAN STAFF,WHITE
12-11-11,STRAY,FIELD,DOG,N,2,6,3,NORMAL,LABRADOR RETR,CHOCOLATE
12-11-11,STRAY,FIELD,DOG,N,2,0,0,INJURED,ENG BULLDOG,WHITE
12-11-11,OWNER SUR,FIELD,DOG,N,2,0,0,NORMAL,GERM SHEPHERD,SABLE
12-11-11,STRAY,OTC,DOG,N,2,3,18,OTHER,WELSH CORGI CAR,CHOCOLATE
12-11-11,STRAY,OTC,DOG,N,2,6,1,SICK,CATAHOULA,BLACK
12-11-11,STRAY,OTC,DOG,N,3,11,14,NORMAL,PLOTT HOUND,BR BRINDLE
12-11-11,STRAY,OTC,CAT,N,3,0,0,NORMAL,SIAMESE,FLAME PT
12-11-11,OWNER SUR,OTC,DOG,N,3,0,0,NORMAL,DOBERMAN PINSCH,RED
12-11-11,STRAY,OTC,DOG,S,3,0,0,NURSING,CHIHUAHUA LH,BLACK
12-11-11,PUBLIC AST,QUARANTINE,DOG,S,3,4,26,NORMAL,PIT BULL,BR BRINDLE
12-11-11,STRAY,OTC,DOG,F,4,0,1,NORMAL,BORDER COLLIE,TRICOLOR
12-11-11,STRAY,OTC,DOG,S,5,0,1,NORMAL,DACHSHUND,BR BRINDLE
12-11-11,STRAY,FIELD,DOG,N,5,0,2,INJURED,POMERANIAN,RED
12-11-11,STRAY,FIELD,CAT,N,7,0,1,INJURED,DOMESTIC SH,BLACK
12-11-11,STRAY,OTC,DOG,M,8,0,0,SICK,LABRADOR RETR,BLACK
12-11-11,STRAY,FIELD,DOG,N,9,8,23,NORMAL,GOLDEN RETR,GOLD
12-11-11,STRAY,FIELD,DOG,S,10,8,23,NORMAL,BORDER COLLIE,BLACK
12-11-11,STRAY,OTC,CAT,N,NO AGE,NORMAL,DOMESTIC SH,BLUE TABBY,,
12-12-11,STRAY,OTC,CAT,F,0,1,15,SICK,DOMESTIC SH,ORG TABBY
12-12-11,STRAY,OTC,CAT,M,0,2,0,SICK,DOMESTIC SH,BRN TABBY
12-12-11,STRAY,OTC,CAT,M,0,2,0,SICK,DOMESTIC SH,BRN TABBY
12-12-11,STRAY,OTC,CAT,M,0,2,0,SICK,DOMESTIC SH,BRN TABBY
12-12-11,STRAY,OTC,CAT,M,0,2,0,SICK,DOMESTIC SH,BRN TABBY
12-12-11,STRAY,OTC,CAT,F,0,2,0,SICK,DOMESTIC SH,BRN TABBY
12-12-11,STRAY,OTC,CAT,F,0,2,22,SICK,DOMESTIC LH,BLACK
12-12-11,STRAY,OTC,CAT,M,0,2,0,SICK,DOMESTIC SH,BLUE TABBY
12-12-11,OWNER SUR,FIELD,DOG,S,0,2,13,NORMAL,LABRADOR RETR,YELLOW
12-12-11,OWNER SUR,FIELD,DOG,S,0,2,13,NORMAL,LABRADOR RETR,TAN
12-12-11,OWNER SUR,FIELD,DOG,N,0,2,13,NORMAL,LABRADOR RETR,BLACK
12-12-11,OWNER SUR,FIELD,DOG,N,0,2,13,NORMAL,LABRADOR RETR,BLACK
12-12-11,OWNER SUR,FIELD,DOG,S,0,2,13,NORMAL,LABRADOR RETR,TRICOLOR
12-12-11,STRAY,OTC,CAT,M,0,3,15,SICK,DOMESTIC MH,BLACK
12-12-11,STRAY,FIELD,DOG,S,0,3,15,NORMAL,BORDER COLLIE,BLACK
12-12-11,STRAY,FIELD,CAT,S,0,4,9,SICK,DOMESTIC SH,BLUE
12-12-11,STRAY,OTC,CAT,S,0,5,27,NORMAL,DOMESTIC SH,BLUE
12-12-11,STRAY,FIELD,DOG,N,1,6,1,NORMAL,AM PIT BULL TER,TAN
12-12-11,STRAY,OTC,DOG,S,1,9,2,NORMAL,GERM SHEPHERD,BLACK
12-12-11,OWNER SUR,OTC,DOG,S,1,9,4,NORMAL,BORDER COLLIE,BLACK
12-12-11,STRAY,FIELD,CAT,M,1,11,0,INJURED,DOMESTIC SH,BRN TABBY
12-12-11,OWNER SUR,OTC,DOG,S,1,0,0,NORMAL,AUST SHEPHERD,WHITE
12-12-11,STRAY,OTC,CAT,F,1,0,0,SICK,DOMESTIC SH,CALICO
12-12-11,STRAY,OTC,DOG,N,1,0,0,NORMAL,GREAT PYRENEES,WHITE
12-12-11,STRAY,FIELD,DOG,S,1,0,0,INJURED,BEAGLE,TAN
12-12-11,STRAY,EMERG CLC,DOG,S,1,4,14,INJURED,PIT BULL,BLUE
12-12-11,PUBLIC AST,OIJ,DOG,N,2,6,1,NORMAL,PIT BULL,Y BRINDLE
12-12-11,STRAY,OTC,DOG,S,2,0,0,NORMAL,GOLDEN RETR,RED
12-12-11,OWNER SUR,FIELD,DOG,S,2,0,0,NORMAL,POINTER,BR BRINDLE
12-12-11,STRAY,FIELD,DOG,N,2,0,0,INJURED,MASTIFF,BLACK
12-12-11,STRAY,OTC,DOG,M,2,0,0,NORMAL,LHASA APSO,WHITE
12-12-11,STRAY,OTC,DOG,F,2,0,0,NORMAL,CATAHOULA,BLUE MERLE
12-12-11,STRAY,OTC,DOG,N,2,0,0,NORMAL,PIT BULL,WHITE
12-12-11,STRAY,FIELD,DOG,F,3,0,0,NORMAL,GERM SHEPHERD,BLACK
12-12-11,STRAY,OTC,DOG,S,3,0,0,NORMAL,CHIHUAHUA LH,WHITE
12-12-11,STRAY,OTC,CAT,N,3,0,0,FERAL,DOMESTIC SH,ORG TABBY
12-12-11,STRAY,OTC,DOG,N,5,0,28,INJURED,AM PIT BULL TER,WHITE
12-12-11,STRAY,OTC,DOG,F,4,0,1,NORMAL,PIT BULL,BLACK
12-12-11,PUBLIC AST,QUARANTINE,DOG,N,4,0,1,NORMAL,MALTESE,WHITE
12-12-11,STRAY,EMERG CLC,DOG,F,4,0,2,INJURED,CHIHUAHUA SH,BROWN
12-12-11,STRAY,OTC,DOG,F,5,0,1,NORMAL,PIT BULL,WHITE
12-12-11,OWNER SUR,OTC,DOG,N,5,1,2,NORMAL,GERM SHEPHERD,BLACK
12-12-11,PUBLIC AST,OIJ,DOG,N,6,3,6,NORMAL,GOLDEN RETR,BUFF
12-12-11,STRAY,OTC,CAT,F,8,0,2,SICK,DOMESTIC MH,LYNX PT
12/13/2011,OWNER SUR,OTC,DOG,S,0,1,7,SICK,AUST SHEPHERD,WHITE
12/13/2011,OWNER SUR,OTC,DOG,F,0,1,7,SICK,AUST SHEPHERD,WHITE
12/13/2011,OWNER SUR,OTC,DOG,S,0,1,7,SICK,AUST SHEPHERD,WHITE
12/13/2011,OWNER SUR,OTC,DOG,N,0,1,7,SICK,AUST SHEPHERD,WHITE
12/13/2011,OWNER SUR,OTC,DOG,S,0,2,15,NORMAL,LABRADOR RETR,BLACK
12/13/2011,STRAY,FIELD,DOG,N,0,2,0,NORMAL,GR SWISS MTN,TRICOLOR
12/13/2011,OWNER SUR,OTC,CAT,S,0,3,15,NORMAL,DOMESTIC MH,TORTIE
12/13/2011,STRAY,OTC,DOG,S,0,3,15,NORMAL,PLOTT HOUND,BR BRINDLE
12/13/2011,STRAY,OTC,DOG,N,0,3,22,NORMAL,LABRADOR RETR,BROWN
12/13/2011,OWNER SUR,OTC,CAT,N,0,4,1,NORMAL,DOMESTIC SH,ORG TABBY
12/13/2011,STRAY,OTC,DOG,F,0,4,1,INJURED,PIT BULL,BLACK
12/13/2011,STRAY,OTC,DOG,S,0,5,16,NORMAL,BORDER COLLIE,BLACK
12/13/2011,STRAY,OTC,DOG,N,0,5,16,NORMAL,BORDER COLLIE,BLACK
12/13/2011,OWNER SUR,OTC,DOG,N,0,5,18,NORMAL,GERM SHEPHERD,TAN
12/13/2011,STRAY,FIELD,DOG,N,0,5,1,NORMAL,BASSET HOUND,TAN
12/13/2011,STRAY,FIELD,DOG,S,0,5,1,NORMAL,LABRADOR RETR,TAN
12/13/2011,STRAY,FIELD,DOG,N,0,5,1,NORMAL,LABRADOR RETR,TAN
12/13/2011,OWNER SUR,OTC,CAT,S,1,6,1,NORMAL,DOMESTIC SH,BLACK
12/13/2011,STRAY,EMERG CLC,DOG,S,1,9,28,NORMAL,CHIHUAHUA SH,BROWN
12/13/2011,STRAY,FIELD,DOG,S,1,9,2,NORMAL,AUST KELPIE,WHITE
12/13/2011,STRAY,FIELD,DOG,M,1,11,0,NORMAL,CATAHOULA,WHITE
12/13/2011,STRAY,OTC,DOG,S,1,11,0,NORMAL,VIZSLA,BR BRINDLE
12/13/2011,OWNER SUR,FIELD,DOG,S,1,11,0,NORMAL,GERM SHEPHERD,BLACK
12/13/2011,STRAY,FIELD,DOG,S,1,11,18,NORMAL,AMERICAN STAFF,TAN
12/13/2011,OWNER SUR,OTC,DOG,N,2,0,27,NORMAL,PIT BULL,BLUE
12/13/2011,STRAY,OTC,DOG,N,1,0,0,NORMAL,GREAT PYRENEES,CREAM
12/13/2011,STRAY,OTC,DOG,S,1,0,0,NORMAL,AUST CATTLE DOG,BLACK
12/13/2011,STRAY,OTC,DOG,S,1,0,0,NORMAL,PIT BULL,BR BRINDLE
12/13/2011,STRAY,OTC,DOG,S,1,0,0,NORMAL,PIT BULL,CHOCOLATE
12/13/2011,STRAY,OTC,DOG,S,1,0,0,NORMAL,PIT BULL,TAN
12/13/2011,STRAY,FIELD,DOG,N,2,6,1,NORMAL,GOLDEN RETR,TAN
12/13/2011,STRAY,OTC,DOG,N,2,6,1,NORMAL,POODLE MIN,WHITE
12/13/2011,STRAY,OTC,DOG,N,2,6,1,NORMAL,AUST KELPIE,BLACK
12/13/2011,OWNER SUR,OTC,CAT,N,2,9,8,NORMAL,DOMESTIC SH,BRN TABBY
12/13/2011,OWNER SUR,OTC,CAT,N,2,9,8,NORMAL,DOMESTIC SH,BLACK
12/13/2011,PUBLIC AST,QUARANTINE,DOG,N,2,11,2,NORMAL,GERM SHEPHERD,BLACK
12/13/2011,STRAY,FIELD,DOG,F,2,0,0,INJURED,PIT BULL,WHITE
12/13/2011,STRAY,EMERG CLC,DOG,F,2,0,0,INJURED,CHIHUAHUA SH,TRICOLOR
12/13/2011,STRAY,OTC,DOG,F,2,0,0,INJURED,PIT BULL,BLUE
12/13/2011,STRAY,FIELD,DOG,M,2,0,0,INJURED,RAT TERRIER,WHITE
12/13/2011,STRAY,OTC,DOG,S,2,0,0,NORMAL,STAFFORDSHIRE,BROWN
12/13/2011,STRAY,OTC,DOG,N,2,0,0,NORMAL,JACK RUSS TERR,WHITE
12/13/2011,STRAY,OTC,CAT,S,2,0,0,NORMAL,DOMESTIC SH,TORBIE
12/13/2011,STRAY,FIELD,DOG,S,2,6,1,NORMAL,BEAGLE,WHITE
12/13/2011,STRAY,OTC,DOG,N,2,6,1,NORMAL,LABRADOR RETR,BROWN
12/13/2011,PUBLIC AST,QUARANTINE,DOG,N,3,7,3,NORMAL,LABRADOR RETR,BLACK
12/13/2011,STRAY,FIELD,DOG,N,3,0,0,NORMAL,LABRADOR RETR,TAN
12/13/2011,PUBLIC AST,QUARANTINE,DOG,N,3,0,11,NORMAL,CHIHUAHUA SH,TAN
12/13/2011,OWNER SUR,OTC,DOG,S,3,3,26,NORMAL,LABRADOR RETR,BLACK
12/13/2011,STRAY,OTC,DOG,N,3,6,1,NORMAL,AUST CATTLE DOG,BR BRINDLE
12/13/2011,PUBLIC AST,QUARANTINE,DOG,M,4,6,4,NORMAL,PIT BULL,BLACK
12/13/2011,OWNER SUR,OTC,DOG,S,4,0,1,NORMAL,BEAGLE,WHITE
12/13/2011,STRAY,OTC,CAT,N,4,0,1,NORMAL,DOMESTIC SH,BLACK
12/13/2011,STRAY,EMERG CLC,DOG,S,4,0,1,NORMAL,CHIHUAHUA SH,TAN
12/13/2011,STRAY,OTC,DOG,S,5,7,19,NORMAL,LABRADOR RETR,BLACK
12/13/2011,STRAY,FIELD,DOG,S,6,0,27,NORMAL,BASSET HOUND,WHITE
12/13/2011,STRAY,FIELD,DOG,S,5,0,1,NORMAL,ENG BULLDOG,BR BRINDLE
12/13/2011,STRAY,OTC,DOG,N,6,0,1,NORMAL,WEIMARANER,BLUE
12/13/2011,OWNER SUR,OTC,CAT,N,6,0,1,NORMAL,DOMESTIC SH,BLACK
12/13/2011,STRAY,FIELD,DOG,N,7,0,1,NORMAL,SHETLD SHEEPDOG,BLACK
12/13/2011,OWNER SUR,QUARANTINE,DOG,S,8,0,2,NORMAL,JACK RUSS TERR,WHITE
12/13/2011,OWNER SUR,OTC,CAT,N,9,0,2,NORMAL,MAINE COON,WHITE
12/14/2011,STRAY,FIELD,DOG,N,0,2,22,NORMAL,COCKER SPAN,SABLE
12/14/2011,STRAY,FIELD,DOG,S,0,2,22,NORMAL,COCKER SPAN,BLACK
12/14/2011,STRAY,FIELD,DOG,S,0,2,22,NORMAL,LABRADOR RETR,BROWN
12/14/2011,STRAY,OTC,CAT,F,0,2,7,NORMAL,DOMESTIC SH,ORG TABBY
12/14/2011,OWNER SUR,OTC,DOG,M,0,3,15,NORMAL,AUST SHEPHERD,RED
12/14/2011,STRAY,OTC,DOG,S,0,3,15,NORMAL,PLOTT HOUND,BR BRINDLE
12/14/2011,STRAY,OTC,DOG,S,0,3,15,NORMAL,PLOTT HOUND,BR BRINDLE
12/14/2011,STRAY,EMERG CLC,CAT,N,0,3,0,INJURED,DOMESTIC MH,BLACK
12/14/2011,OWNER SUR,OTC,DOG,F,0,4,18,NORMAL,AUST SHEPHERD,TRICOLOR
12/14/2011,STRAY,FIELD,DOG,S,0,5,23,NORMAL,GERM SHEPHERD,BLACK
12/14/2011,STRAY,FIELD,DOG,N,0,5,10,NORMAL,BEAGLE,BLACK
12/14/2011,OWNER SUR,OTC,CAT,N,1,6,1,NORMAL,DOMESTIC SH,BRN TABBY
12/14/2011,OWNER SUR,OTC,CAT,S,1,6,1,NORMAL,DOMESTIC SH,TORTIE
12/14/2011,STRAY,FIELD,DOG,S,1,8,24,NORMAL,LABRADOR RETR,BROWN
12/14/2011,STRAY,FIELD,DOG,N,1,11,0,NORMAL,PIT BULL,RED
12/14/2011,STRAY,OTC,DOG,N,1,11,0,NORMAL,BORDER COLLIE,TRICOLOR
12/14/2011,STRAY,OTC,DOG,N,2,0,23,NORMAL,STAFFORDSHIRE,BLUE
12/14/2011,STRAY,OTC,DOG,S,1,0,0,NORMAL,AUST CATTLE DOG,BROWN
12/14/2011,STRAY,OTC,DOG,S,1,0,0,OTHER,PIT BULL,WHITE
12/14/2011,STRAY,OTC,DOG,S,1,1,28,NORMAL,LABRADOR RETR,BROWN
12/14/2011,STRAY,FIELD,DOG,S,2,6,1,NORMAL,AMERICAN STAFF,BLUE
12/14/2011,STRAY,FIELD,DOG,N,2,7,2,NORMAL,LABRADOR RETR,BLACK
12/14/2011,STRAY,OTC,DOG,N,3,0,0,NORMAL,MALTESE,WHITE
12/14/2011,STRAY,OTC,CAT,S,2,0,0,NORMAL,DOMESTIC SH,BLACK
12/14/2011,PUBLIC AST,QUARANTINE,DOG,N,2,0,0,NORMAL,PIT BULL,BLACK
12/14/2011,STRAY,OTC,DOG,M,2,0,0,NORMAL,BOXER,BR BRINDLE
12/14/2011,STRAY,FIELD,DOG,S,2,0,0,NORMAL,GERM SHEPHERD,RED
12/14/2011,STRAY,FIELD,DOG,S,3,8,19,NORMAL,SCHNAUZER MIN,BLACK
12/14/2011,STRAY,OTC,CAT,N,3,0,0,NORMAL,DOMESTIC SH,BRN TABBY
12/14/2011,STRAY,OTC,DOG,N,5,0,25,NORMAL,BERNESE MTN DOG,TRICOLOR
12/14/2011,STRAY,OTC,DOG,S,4,0,1,NORMAL,FOX TERR WIRE,BLACK
12/14/2011,STRAY,OTC,DOG,S,4,0,1,NORMAL,SHIH TZU,BLACK
12/14/2011,STRAY,FIELD,DOG,N,4,0,1,NORMAL,PIT BULL,BLUE
12/14/2011,PUBLIC AST,QUARANTINE,DOG,N,4,1,11,NORMAL,GREAT PYRENEES,WHITE
12/14/2011,PUBLIC AST,QUARANTINE,DOG,N,5,0,1,NORMAL,CHIHUAHUA SH,BLACK
12/14/2011,STRAY,OTC,DOG,F,6,0,1,NORMAL,FINNISH SPITZ,RED
12/14/2011,STRAY,OTC,DOG,N,6,0,1,NORMAL,RHOD RIDGEBACK,RED
12/14/2011,STRAY,FIELD,DOG,S,7,0,1,NORMAL,DACHSHUND,SABLE
12/14/2011,STRAY,OTC,DOG,S,9,0,2,NORMAL,RHOD RIDGEBACK,RED
12/14/2011,STRAY,OTC,DOG,F,10,0,0,NORMAL,CHIHUAHUA SH,WHITE
12/14/2011,STRAY,OTC,DOG,S,10,0,2,NORMAL,LABRADOR RETR,BLACK
12/14/2011,STRAY,OTC,CAT,S,16,6,3,NORMAL,DOMESTIC LH,TORTIE
12/15/2011,OWNER SUR,OTC,DOG,N,0,1,7,NORMAL,CATAHOULA,BLUE MERLE
12/15/2011,OWNER SUR,OTC,DOG,N,0,1,7,NORMAL,CATAHOULA,BLUE MERLE
12/15/2011,OWNER SUR,OTC,DOG,N,0,1,7,NORMAL,CATAHOULA,RED MERLE
12/15/2011,OWNER SUR,OTC,DOG,S,0,1,7,NORMAL,CATAHOULA,BLACK
12/15/2011,OWNER SUR,OTC,DOG,N,0,1,7,NORMAL,CATAHOULA,TRICOLOR
12/15/2011,OWNER SUR,OTC,DOG,N,0,1,7,NORMAL,CATAHOULA,BLACK
12/15/2011,OWNER SUR,OTC,DOG,S,0,1,7,NORMAL,CATAHOULA,BROWN
12/15/2011,STRAY,OTC,DOG,S,0,3,22,NORMAL,BORDER TERRIER,BUFF
12/15/2011,STRAY,FIELD,DOG,N,0,3,0,NORMAL,GERM SHEPHERD,TAN
12/15/2011,OWNER SUR,OTC,CAT,N,0,4,15,NORMAL,DOMESTIC SH,BLACK
12/15/2011,STRAY,OTC,CAT,N,0,5,16,NORMAL,DOMESTIC MH,BLACK
12/15/2011,STRAY,OTC,CAT,N,0,5,16,NORMAL,DOMESTIC SH,BRN TABBY
12/15/2011,STRAY,OTC,DOG,M,0,6,16,NORMAL,GERM SHEPHERD,BLACK
12/15/2011,STRAY,FIELD,DOG,S,1,8,19,NORMAL,PIT BULL,WHITE
12/15/2011,STRAY,OTC,DOG,N,1,8,1,NORMAL,PIT BULL,BR BRINDLE
12/15/2011,STRAY,OTC,DOG,S,1,8,1,NORMAL,BASSET HOUND,TRICOLOR
12/15/2011,OWNER SUR,OTC,DOG,N,1,8,1,NORMAL,BOXER,BROWN
12/15/2011,STRAY,OTC,CAT,S,1,11,0,NORMAL,DOMESTIC SH,TORTIE
12/15/2011,STRAY,OTC,CAT,S,1,0,0,NORMAL,DOMESTIC SH,BLACK
12/15/2011,STRAY,OTC,DOG,S,1,0,0,NORMAL,CHIHUAHUA SH,BROWN
12/15/2011,STRAY,FIELD,DOG,N,1,0,0,NORMAL,CHOW CHOW,BROWN
12/15/2011,STRAY,FIELD,DOG,F,1,0,0,INJURED,PUG,BROWN
12/15/2011,STRAY,OTC,DOG,S,2,6,1,NORMAL,AUST SHEPHERD,BLUE MERLE
12/15/2011,STRAY,OTC,DOG,S,2,6,1,NORMAL,PIT BULL,BROWN
12/15/2011,STRAY,OTC,DOG,S,2,6,1,NORMAL,AUST CATTLE DOG,RED
12/15/2011,STRAY,OTC,DOG,N,2,6,1,NORMAL,LABRADOR RETR,BUFF
12/15/2011,PUBLIC AST,QUARANTINE,DOG,N,3,0,0,NORMAL,BORDER COLLIE,BLACK
12/15/2011,STRAY,FIELD,DOG,N,3,0,0,INJURED,ALASKAN HUSKY,CREAM
12/15/2011,OWNER SUR,RETURN,DOG,N,3,1,19,NORMAL,AUST CATTLE DOG,BLUE TICK
12/15/2011,OWNER SUR,OTC,DOG,S,4,0,1,NORMAL,BORDER COLLIE,BLACK
12/15/2011,STRAY,OTC,DOG,S,4,0,1,NORMAL,GOLDEN RETR,GOLD
12/15/2011,STRAY,FIELD,DOG,M,5,0,1,NORMAL,PIT BULL,BROWN
12/15/2011,PUBLIC AST,QUARANTINE,CAT,N,5,0,1,NORMAL,DOMESTIC SH,BRN TABBY
12/15/2011,STRAY,OTC,CAT,S,5,0,1,NORMAL,DOMESTIC SH,BLACK
12/15/2011,STRAY,OTC,DOG,N,6,0,1,NORMAL,GERM SHEPHERD,BLACK
12/15/2011,STRAY,FIELD,DOG,N,6,6,22,NORMAL,LABRADOR RETR,TAN
12/15/2011,PUBLIC AST,QUARANTINE,DOG,S,8,0,3,NORMAL,CHIHUAHUA SH,BLACK
12/15/2011,STRAY,OTC,CAT,F,12,0,3,SICK,DOMESTIC SH,BLACK
12/15/2011,STRAY,OTC,CAT,S,14,0,3,NORMAL,DOMESTIC SH,BRN TABBY
12/16/2011,STRAY,OTC,DOG,S,0,1,22,NURSING,CHINESE SHARPEI,BLACK
12/16/2011,STRAY,OTC,DOG,S,0,1,22,NURSING,LABRADOR RETR,TAN
12/16/2011,STRAY,OTC,DOG,S,0,1,22,NURSING,CHINESE SHARPEI,BROWN
12/16/2011,STRAY,OTC,DOG,S,0,1,22,NURSING,GERM SHEPHERD,TAN
12/16/2011,STRAY,OTC,DOG,S,0,1,22,NURSING,CHINESE SHARPEI,TAN
12/16/2011,STRAY,OTC,DOG,N,0,2,15,NORMAL,LABRADOR RETR,BLACK
12/16/2011,STRAY,OTC,DOG,S,0,2,15,NORMAL,LABRADOR RETR,BLACK
12/16/2011,STRAY,OTC,DOG,M,0,2,15,NORMAL,LABRADOR RETR,BLACK
12/16/2011,STRAY,OTC,DOG,S,0,2,15,NORMAL,LABRADOR RETR,BROWN
12/16/2011,STRAY,OTC,DOG,N,0,2,15,NORMAL,LABRADOR RETR,BLACK
12/16/2011,STRAY,OTC,DOG,S,0,2,2,NORMAL,AUST CATTLE DOG,BROWN
12/16/2011,STRAY,FIELD,CAT,F,0,3,15,NORMAL,DOMESTIC SH,BRN TABBY
12/16/2011,STRAY,OTC,DOG,S,0,4,11,NORMAL,DACHSHUND LH,BLACK
12/16/2011,STRAY,OTC,DOG,S,1,9,2,NORMAL,BORDER TERRIER,TAN
12/16/2011,STRAY,OTC,DOG,N,1,11,0,NORMAL,AUST CATTLE DOG,BLUE TICK
12/16/2011,STRAY,FIELD,DOG,S,1,11,0,NORMAL,PIT BULL,WHITE
12/16/2011,OWNER SUR,OTC,DOG,N,2,0,22,NORMAL,LABRADOR RETR,BLACK
12/16/2011,STRAY,FIELD,DOG,S,2,0,0,NORMAL,PIT BULL,BR BRINDLE
12/16/2011,STRAY,OTC,DOG,S,1,0,0,NORMAL,CHIHUAHUA LH,BLACK
12/16/2011,OWNER SUR,OTC,CAT,N,1,0,0,NORMAL,TURKISH VAN,WHITE
12/16/2011,OWNER SUR,OTC,DOG,N,1,2,23,NORMAL,AMERICAN STAFF,WHITE
12/16/2011,STRAY,OTC,CAT,N,1,5,1,NORMAL,SIAMESE,FLAME PT
12/16/2011,STRAY,OTC,DOG,N,1,5,1,NORMAL,CHIHUAHUA SH,BLACK
12/16/2011,STRAY,OTC,DOG,S,2,6,1,NORMAL,RHOD RIDGEBACK,BROWN
12/16/2011,STRAY,OTC,DOG,S,2,6,1,NURSING,MIN PINSCHER,BLACK
12/16/2011,STRAY,FIELD,DOG,N,2,6,1,NORMAL,PIT BULL,RED
12/16/2011,STRAY,OTC,DOG,N,3,0,0,INJURED,AUST SHEPHERD,WHITE
12/16/2011,STRAY,OTC,CAT,S,2,0,0,NORMAL,DOMESTIC SH,BRN TABBY
12/16/2011,STRAY,OTC,DOG,M,2,0,0,NORMAL,LABRADOR RETR,BLACK
12/16/2011,STRAY,OTC,CAT,N,2,0,0,NORMAL,DOMESTIC SH,BRN TABBY
12/16/2011,STRAY,OTC,CAT,N,2,0,0,NORMAL,DOMESTIC SH,BRN TABBY
12/16/2011,STRAY,OTC,CAT,S,2,0,0,NORMAL,DOMESTIC SH,BLACK
12/16/2011,STRAY,FIELD,DOG,N,4,0,29,NORMAL,CHIHUAHUA SH,TAN
12/16/2011,STRAY,OTC,DOG,S,3,0,0,NORMAL,PIT BULL,WHITE
12/16/2011,STRAY,OTC,DOG,N,3,0,0,NORMAL,AUST CATTLE DOG,TAN
12/16/2011,STRAY,OTC,CAT,N,3,0,0,NORMAL,DOMESTIC SH,WHITE
12/16/2011,STRAY,OTC,CAT,N,4,0,1,NORMAL,DOMESTIC SH,CRM TABBY
12/16/2011,STRAY,OTC,DOG,N,4,0,1,NORMAL,RAT TERRIER,TRICOLOR
12/16/2011,STRAY,FIELD,DOG,M,6,0,1,NORMAL,MASTIFF,SABLE
12/16/2011,STRAY,FIELD,DOG,N,6,0,13,NORMAL,AIREDALE TERR,BROWN
12/16/2011,STRAY,FIELD,DOG,S,10,1,25,NORMAL,LABRADOR RETR,CHOCOLATE
12/17/2011,STRAY,FIELD,DOG,S,0,4,1,NORMAL,LABRADOR RETR,BROWN
12/17/2011,STRAY,OTC,DOG,S,0,6,23,NORMAL,BORDER COLLIE,BLACK
12/17/2011,STRAY,OTC,CAT,S,1,8,1,NORMAL,DOMESTIC SH,BRN TABBY
12/17/2011,OWNER SUR,OTC,DOG,S,1,9,2,NORMAL,BORDER COLLIE,TAN
12/17/2011,OWNER SUR,OTC,DOG,S,1,11,0,NORMAL,BORDER COLLIE,BLACK
12/17/2011,STRAY,FIELD,CAT,U,1,0,0,INJURED,DOMESTIC SH,GRAY
12/17/2011,PUBLIC AST,QUARANTINE,DOG,N,1,4,16,NORMAL,GERM SHEPHERD,SABLE
12/17/2011,STRAY,FIELD,DOG,S,1,4,29,NORMAL,AMERICAN STAFF,BLACK
12/17/2011,OWNER SUR,RETURN,DOG,S,1,5,7,NORMAL,PIT BULL,BLACK
12/17/2011,OWNER SUR,OTC,DOG,N,1,6,27,NORMAL,BORDER COLLIE,BLACK
12/17/2011,STRAY,OTC,DOG,S,2,6,1,PREGNANT,CATAHOULA,BR BRINDLE
12/17/2011,STRAY,FIELD,DOG,S,2,6,1,NORMAL,GERM SHEPHERD,TAN
12/17/2011,STRAY,FIELD,DOG,F,3,0,13,NORMAL,BOXER,TAN
12/17/2011,STRAY,OTC,DOG,N,3,0,29,NORMAL,DACHSHUND,BLACK
12/17/2011,STRAY,FIELD,DOG,N,2,0,0,NORMAL,WELSH CORGI CAR,BROWN
12/17/2011,STRAY,OTC,CAT,F,2,0,0,NORMAL,DOMESTIC SH,BRN TABBY
12/17/2011,STRAY,OTC,DOG,S,3,9,19,NORMAL,PIT BULL,BROWN
12/17/2011,STRAY,OTC,DOG,M,4,0,0,NORMAL,BASSET HOUND,TRICOLOR
12/17/2011,STRAY,OTC,CAT,M,3,0,0,NORMAL,DOMESTIC SH,BRN TABBY
12/17/2011,STRAY,OTC,CAT,S,3,0,0,NORMAL,DOMESTIC SH,TORTIE
12/17/2011,STRAY,OTC,DOG,N,4,9,19,NORMAL,AMER BULLDOG,TAN
12/17/2011,STRAY,OTC,DOG,S,9,0,28,NORMAL,LABRADOR RETR,BLACK
12/17/2011,STRAY,OTC,DOG,N,8,0,2,NORMAL,DACHSHUND,BLUE MERLE
12/17/2011,OWNER SUR,FIELD,DOG,M,8,0,2,INJURED,CHOW CHOW,WHITE
12/17/2011,STRAY,FIELD,DOG,M,12,0,3,NORMAL,PIT BULL,BR BRINDLE
12/18/2011,OWNER SUR,OTC,CAT,N,0,4,1,NORMAL,DOMESTIC SH,BLACK
12/18/2011,OWNER SUR,OTC,CAT,N,0,4,1,NORMAL,DOMESTIC SH,BLACK
12/18/2011,STRAY,OTC,DOG,N,0,4,1,NORMAL,PIT BULL,BLUE
12/18/2011,OWNER SUR,OTC,CAT,N,0,5,1,NORMAL,DOMESTIC SH,WHITE
12/18/2011,OWNER SUR,OTC,CAT,N,0,5,1,NORMAL,DOMESTIC MH,BLACK
12/18/2011,OWNER SUR,OTC,CAT,N,0,5,1,NORMAL,DOMESTIC SH,WHITE
12/18/2011,OWNER SUR,OTC,CAT,S,0,5,1,NORMAL,DOMESTIC MH,ORG TABBY
12/18/2011,OWNER SUR,OTC,CAT,S,0,5,1,NORMAL,DOMESTIC MH,ORG TABBY
12/18/2011,STRAY,OTC,CAT,N,1,6,11,NORMAL,DOMESTIC SH,BLACK
12/18/2011,STRAY,FIELD,DOG,U,1,7,2,INJURED,AUST CATTLE DOG,BLUE MERLE
12/18/2011,STRAY,OTC,CAT,N,1,8,1,NORMAL,DOMESTIC SH,BLACK
12/18/2011,STRAY,OTC,DOG,S,1,9,0,NORMAL,WELSH CORGI CAR,TAN
12/18/2011,OWNER SUR,OTC,CAT,N,1,11,0,NORMAL,DOMESTIC MH,BLACK
12/18/2011,OWNER SUR,OTC,CAT,N,1,11,0,NORMAL,DOMESTIC MH,BLACK
12/18/2011,STRAY,OTC,CAT,N,1,0,0,NORMAL,DOMESTIC SH,BLACK
12/18/2011,STRAY,FIELD,CAT,F,1,0,0,INJURED,DOMESTIC SH,ORANGE
12/18/2011,STRAY,FIELD,DOG,N,1,0,0,NORMAL,BASSET HOUND,BR BRINDLE
12/18/2011,STRAY,FIELD,DOG,N,1,0,0,NORMAL,AM PIT BULL TER,BROWN
12/18/2011,STRAY,OTC,CAT,F,1,0,0,INJURED,DOMESTIC MH,YELLOW
12/18/2011,STRAY,OTC,DOG,S,1,0,0,NORMAL,PIT BULL,RED
12/18/2011,OWNER SUR,RETURN,DOG,N,1,1,29,NORMAL,BASSET HOUND,BROWN
12/18/2011,STRAY,OTC,CAT,S,3,0,28,NORMAL,DOMESTIC SH,WHITE
12/18/2011,STRAY,OTC,DOG,N,2,0,0,NORMAL,AUST SHEPHERD,BLACK
12/18/2011,STRAY,FIELD,DOG,N,2,0,0,NORMAL,GREAT PYRENEES,WHITE
12/18/2011,PUBLIC AST,QUARANTINE,DOG,F,4,0,25,NORMAL,PIT BULL,WHITE
12/18/2011,STRAY,OTC,DOG,S,5,0,1,NORMAL,CATAHOULA,TRICOLOR
12/18/2011,STRAY,OTC,DOG,N,5,0,1,NORMAL,AUST CATTLE DOG,RED
12/18/2011,STRAY,OTC,DOG,N,6,10,19,NORMAL,LABRADOR RETR,BLACK
12/18/2011,STRAY,FIELD,DOG,N,6,0,1,NORMAL,GERM SHEPHERD,BROWN
12/18/2011,STRAY,OTC,DOG,N,6,0,1,NORMAL,POINTER,WHITE
12/18/2011,OWNER SUR,RETURN,DOG,S,7,1,26,NORMAL,LABRADOR RETR,BLACK
12/18/2011,STRAY,OTC,DOG,S,8,0,2,NORMAL,CHOW CHOW,BLACK
12/18/2011,STRAY,OTC,DOG,F,9,0,2,INJURED,YORKSHIRE TERR,TAN
12/18/2011,STRAY,FIELD,CAT,F,15,0,29,INJURED,DOMESTIC SH,TORTIE
12/19/2011,STRAY,FIELD,DOG,S,0,2,13,NORMAL,GERM SHEPHERD,TAN
12/19/2011,STRAY,FIELD,DOG,S,0,2,13,NORMAL,GERM SHEPHERD,TAN
12/19/2011,STRAY,FIELD,DOG,S,0,2,13,NORMAL,GERM SHEPHERD,TAN
12/19/2011,STRAY,FIELD,DOG,S,0,2,13,NORMAL,GERM SHEPHERD,TAN
12/19/2011,OWNER SUR,OTC,DOG,N,0,4,27,NORMAL,RAT TERRIER,WHITE
12/19/2011,OWNER SUR,OTC,CAT,S,0,4,1,NORMAL,SIAMESE,LILAC PT
12/19/2011,OWNER SUR,OTC,CAT,N,0,4,1,NORMAL,DOMESTIC SH,BRN TABBY
12/19/2011,STRAY,FIELD,DOG,M,0,4,1,NORMAL,AUST SHEPHERD,BR BRINDLE
12/19/2011,STRAY,OTC,DOG,S,0,4,10,NORMAL,AMER BULLDOG,WHITE
12/19/2011,STRAY,OTC,CAT,N,1,7,18,NORMAL,DOMESTIC SH,BLUE TABBY
12/19/2011,OWNER SUR,OTC,CAT,S,1,7,2,NORMAL,DOMESTIC SH,ORG TABBY
12/19/2011,OWNER SUR,OTC,DOG,N,1,7,2,NORMAL,PIT BULL,BLUE
12/19/2011,OWNER SUR,OTC,DOG,N,1,7,2,NORMAL,PIT BULL,BLUE
12/19/2011,OWNER SUR,OTC,DOG,S,1,7,2,NORMAL,PIT BULL,BLUE
12/19/2011,STRAY,FIELD,DOG,M,1,8,1,NORMAL,MANCHESTER TERR,BLACK
12/19/2011,STRAY,OTC,CAT,N,1,0,0,NORMAL,MAINE COON,BRN TABBY
12/19/2011,STRAY,OTC,DOG,N,1,0,0,INJURED,GERM SHEPHERD,BLACK
12/19/2011,STRAY,EMERG CLC,CAT,F,1,0,0,SICK,DOMESTIC SH,TORBIE
12/19/2011,OWNER SUR,OTC,DOG,S,1,1,29,NORMAL,PIT BULL,BLUE
12/19/2011,STRAY,FIELD,CAT,N,2,6,1,NORMAL,DOMESTIC SH,WHITE
12/19/2011,STRAY,OTC,DOG,N,2,6,1,NORMAL,PIT BULL,BLACK
12/19/2011,STRAY,OTC,CAT,S,2,6,1,NORMAL,DOMESTIC SH,BLACK
12/19/2011,STRAY,OTC,DOG,S,2,6,1,NORMAL,STAFFORDSHIRE,CHOCOLATE
12/19/2011,STRAY,FIELD,DOG,N,2,6,1,INJURED,CHIHUAHUA SH,CHOCOLATE
12/19/2011,PUBLIC AST,QUARANTINE,DOG,N,2,6,1,NORMAL,PIT BULL,BROWN
12/19/2011,PUBLIC AST,OIJ,DOG,N,2,10,6,NORMAL,MANCHESTER TERR,BLACK
12/19/2011,STRAY,OTC,DOG,N,3,0,0,NORMAL,LABRADOR RETR,CHOCOLATE
12/19/2011,STRAY,OTC,DOG,S,2,0,0,NORMAL,JACK RUSS TERR,TRICOLOR
12/19/2011,STRAY,OTC,DOG,N,2,0,0,NORMAL,BASENJI,RED
12/19/2011,STRAY,FIELD,DOG,F,2,0,6,NORMAL,GERM SHEPHERD,BLACK
12/19/2011,STRAY,FIELD,DOG,N,2,6,21,INJURED,PIT BULL,BLUE
12/19/2011,STRAY,OTC,DOG,N,3,0,0,NORMAL,COCKER SPAN,BUFF
12/19/2011,STRAY,OTC,DOG,M,4,0,1,NORMAL,POODLE MIN,SILVER
12/19/2011,OWNER SUR,OTC,DOG,S,4,0,1,NORMAL,AUST KELPIE,BLACK
12/19/2011,OWNER SUR,OTC,DOG,N,4,0,1,NORMAL,LABRADOR RETR,CHOCOLATE
12/19/2011,STRAY,OTC,DOG,S,5,0,1,NORMAL,ITAL GREYHOUND,BR BRINDLE
12/19/2011,STRAY,OTC,CAT,M,6,0,1,SICK,DOMESTIC SH,CRM TABBY
12/19/2011,PUBLIC AST,QUARANTINE,DOG,N,6,4,2,NORMAL,GERM SHEPHERD,BROWN
12/19/2011,STRAY,OTC,CAT,N,9,0,0,NORMAL,DOMESTIC SH,BRN TABBY
12/19/2011,STRAY,OTC,CAT,M,8,0,2,NORMAL,SIAMESE,SEAL PT
12/19/2011,STRAY,FIELD,DOG,S,16,0,0,INJURED,ALASKAN HUSKY,BROWN
12/20/2011,STRAY,FIELD,DOG,N,0,2,24,NORMAL,COLLIE ROUGH,TAN
12/20/2011,OWNER SUR,RETURN,DOG,N,0,5,8,NORMAL,BASSET HOUND,TAN
12/20/2011,OWNER SUR,RETURN,DOG,S,1,10,16,NORMAL,LABRADOR RETR,CHOCOLATE
12/20/2011,STRAY,FIELD,DOG,N,1,0,0,NORMAL,BORDER COLLIE,RED MERLE
12/20/2011,OWNER SUR,OTC,DOG,S,1,0,0,NORMAL,ALASK MALAMUTE,CHOCOLATE
12/20/2011,STRAY,FIELD,DOG,N,1,0,0,NORMAL,REDBONE HOUND,RED
12/20/2011,STRAY,OTC,DOG,N,2,6,1,NORMAL,CHIHUAHUA SH,WHITE
12/20/2011,OWNER SUR,OTC,DOG,S,2,6,1,NORMAL,PIT BULL,WHITE
12/20/2011,STRAY,OTC,DOG,N,2,0,0,SICK,CHIHUAHUA SH,TAN
12/20/2011,STRAY,FIELD,CAT,S,2,0,0,INJURED,DOMESTIC SH,BLUE
12/20/2011,PUBLIC AST,EMERGENCY,DOG,M,2,0,0,NORMAL,AUST CATTLE DOG,TAN
12/20/2011,STRAY,FIELD,DOG,M,2,6,1,INJURED,CHOW CHOW,BLACK
12/20/2011,OWNER SUR,OTC,DOG,S,2,6,1,NORMAL,PIT BULL,BROWN
12/20/2011,OWNER SUR,OTC,DOG,M,2,6,1,NORMAL,PUG,BLACK
12/20/2011,PUBLIC AST,QUARANTINE,CAT,M,3,0,0,NORMAL,DOMESTIC MH,BLACK
12/20/2011,PUBLIC AST,QUARANTINE,DOG,N,3,0,0,NORMAL,LABRADOR RETR,BLACK
12/20/2011,PUBLIC AST,QUARANTINE,DOG,N,3,0,1,NORMAL,PIT BULL,WHITE
12/20/2011,STRAY,OTC,CAT,S,4,0,1,NORMAL,DOMESTIC SH,BLACK
12/20/2011,STRAY,OTC,DOG,M,4,0,1,NORMAL,PIT BULL,BROWN
12/20/2011,STRAY,OTC,DOG,S,4,0,1,NORMAL,PIT BULL,WHITE
12/20/2011,STRAY,FIELD,DOG,F,6,0,28,NORMAL,DACHSHUND,BLACK
12/20/2011,STRAY,OTC,DOG,S,5,0,1,NORMAL,CHIHUAHUA SH,CHOCOLATE
12/20/2011,OWNER SUR,FIELD,DOG,S,5,1,10,INJURED,PIT BULL,BROWN
12/20/2011,STRAY,FIELD,DOG,N,9,0,2,NORMAL,ALASK MALAMUTE,WHITE
12/20/2011,STRAY,FIELD,DOG,M,10,2,13,NORMAL,CHOW CHOW,BUFF
12/21/2011,STRAY,OTC,DOG,N,0,2,22,NORMAL,BORDER TERRIER,BLACK
12/21/2011,OWNER SUR,OTC,DOG,S,0,2,6,NORMAL,WELSH CORGI CAR,BLACK
12/21/2011,STRAY,OTC,DOG,N,0,3,18,NORMAL,BORDER COLLIE,BLACK
12/21/2011,STRAY,OTC,DOG,N,0,3,0,NORMAL,CHIHUAHUA SH,TAN
12/21/2011,STRAY,FIELD,DOG,N,0,4,15,NORMAL,LABRADOR RETR,CHOCOLATE
12/21/2011,STRAY,FIELD,DOG,N,0,4,15,NORMAL,LABRADOR RETR,RED
12/21/2011,PUBLIC AST,NO SUBTYPE,DOG,S,0,5,1,NORMAL,POODLE MIN,WHITE
12/21/2011,STRAY,OTC,DOG,N,0,5,1,NORMAL,LABRADOR RETR,TAN
12/21/2011,STRAY,FIELD,DOG,S,0,5,1,NORMAL,PIT BULL,BR BRINDLE
12/21/2011,OWNER SUR,OTC,DOG,M,1,11,0,NORMAL,LABRADOR RETR,BLACK
12/21/2011,STRAY,OTC,DOG,F,2,0,27,NORMAL,LABRADOR RETR,BLACK
12/21/2011,STRAY,FIELD,DOG,N,1,0,0,INJURED,CHIHUAHUA SH,CHOCOLATE
12/21/2011,STRAY,OTC,DOG,S,1,0,0,NORMAL,CHIHUAHUA SH,SABLE
12/21/2011,PUBLIC AST,SURGERY,CAT,N,1,0,0,FERAL,DOMESTIC SH,BLACK
12/21/2011,PUBLIC AST,SURGERY,CAT,N,1,0,0,FERAL,SIAMESE,LYNX PT
12/21/2011,STRAY,FIELD,CAT,N,1,0,0,INJURED,DOMESTIC SH,BLUE TABBY
12/21/2011,STRAY,EMERG CLC,CAT,S,1,0,0,NORMAL,DOMESTIC SH,TORBIE
12/21/2011,STRAY,OTC,DOG,N,1,4,12,NORMAL,QUEENSLAND HEEL,TAN
12/21/2011,PUBLIC AST,QUARANTINE,DOG,S,2,6,1,NORMAL,BORDER COLLIE,WHITE
12/21/2011,STRAY,FIELD,DOG,N,2,6,1,NORMAL,PIT BULL,WHITE
12/21/2011,OWNER SUR,OTC,DOG,S,2,6,1,NORMAL,STAFFORDSHIRE,WHITE
12/21/2011,STRAY,OTC,DOG,N,2,0,0,NORMAL,BASENJI,BLACK
12/21/2011,STRAY,OTC,DOG,S,4,0,22,NORMAL,LABRADOR RETR,BLACK
12/21/2011,STRAY,OTC,DOG,N,3,0,0,NORMAL,PIT BULL,BROWN
12/21/2011,STRAY,OTC,DOG,S,3,0,0,NORMAL,RAT TERRIER,TRICOLOR
12/21/2011,STRAY,OTC,DOG,N,3,0,0,NORMAL,BORDER TERRIER,TRICOLOR
12/21/2011,STRAY,FIELD,DOG,M,4,0,1,NORMAL,AUST CATTLE DOG,BLUE MERLE
12/21/2011,OWNER SUR,OTC,DOG,S,4,3,27,NORMAL,BORDER COLLIE,BLACK
12/21/2011,PUBLIC AST,OIJ,DOG,N,5,0,1,NORMAL,AUST SHEPHERD,BLACK
12/21/2011,STRAY,OTC,DOG,N,5,4,5,NORMAL,BLOODHOUND,RED
12/21/2011,STRAY,OTC,DOG,N,8,0,2,NORMAL,POODLE MIN,CREAM
12/21/2011,STRAY,OTC,DOG,F,9,0,2,NORMAL,REDBONE HOUND,RED
12/21/2011,STRAY,OTC,CAT,S,10,0,2,NORMAL,CYMRIC,BRN TABBY
12/22/2011,STRAY,OTC,DOG,M,0,1,7,NORMAL,CHIHUAHUA SH,BROWN
12/22/2011,STRAY,OTC,DOG,N,0,2,15,NORMAL,GERM SH POINT,RED TICK
12/22/2011,STRAY,OTC,DOG,S,0,2,7,NORMAL,PIT BULL,BLACK
12/22/2011,STRAY,OTC,DOG,N,0,2,7,NORMAL,PIT BULL,BLACK
12/22/2011,OWNER SUR,OTC,CAT,N,0,4,1,NORMAL,DOMESTIC SH,BLACK
12/22/2011,OWNER SUR,OTC,DOG,N,0,5,22,NORMAL,ROTTWEILER,BLACK
12/22/2011,OWNER SUR,OTC,CAT,N,0,5,23,NORMAL,DOMESTIC SH,BRN TABBY
12/22/2011,STRAY,FIELD,DOG,S,0,5,1,NORMAL,PIT BULL,BLUE
12/22/2011,STRAY,OTC,DOG,S,0,6,16,NORMAL,STAFFORDSHIRE,WHITE
12/22/2011,PUBLIC AST,QUARANTINE,DOG,N,1,7,27,NORMAL,PIT BULL,BLUE
12/22/2011,STRAY,FIELD,CAT,S,1,9,1,NORMAL,DOMESTIC SH,ORG TABBY
12/22/2011,OWNER SUR,OTC,CAT,S,1,11,0,NORMAL,DOMESTIC SH,BLUE
12/22/2011,OWNER SUR,OTC,DOG,N,1,11,18,NORMAL,GERM SHEPHERD,BLACK
12/22/2011,STRAY,FIELD,DOG,S,1,0,0,NORMAL,BULLMASTIFF,FAWN
12/22/2011,STRAY,FIELD,DOG,S,1,0,0,NORMAL,GERM SHEPHERD,RED
12/22/2011,OWNER SUR,OTC,DOG,N,1,0,0,NORMAL,CATAHOULA,BR BRINDLE
12/22/2011,STRAY,FIELD,DOG,N,1,0,0,NORMAL,DACHSHUND,BLACK
12/22/2011,STRAY,FIELD,DOG,N,1,0,0,NORMAL,WELSH CORGI CAR,BLACK
12/22/2011,OWNER SUR,OTC,CAT,S,1,0,0,NORMAL,SIAMESE,TORTIE PT
12/22/2011,OWNER SUR,OTC,CAT,S,1,0,0,NORMAL,SIAMESE,LYNX PT
12/22/2011,STRAY,OTC,DOG,N,2,6,1,NORMAL,LABRADOR RETR,BLACK
12/22/2011,STRAY,OTC,DOG,S,3,0,20,NORMAL,POMERANIAN,RED
12/22/2011,STRAY,OTC,DOG,N,2,0,0,NORMAL,LABRADOR RETR,YELLOW
12/22/2011,STRAY,OTC,CAT,S,2,0,0,NORMAL,DOMESTIC SH,BRN TABBY
12/22/2011,STRAY,FIELD,CAT,S,2,0,0,INJURED,DOMESTIC SH,BLACK
12/22/2011,STRAY,FIELD,DOG,M,2,0,0,NORMAL,SIBERIAN HUSKY,BLACK
12/22/2011,STRAY,OTC,DOG,N,2,0,0,NORMAL,CHIHUAHUA SH,BUFF
12/22/2011,STRAY,OTC,DOG,N,2,0,0,NORMAL,CHIHUAHUA SH,TAN
12/22/2011,STRAY,OTC,DOG,S,2,0,0,NORMAL,DACHSHUND,BLUE MERLE
12/22/2011,STRAY,OTC,DOG,N,2,0,0,NORMAL,CHIHUAHUA SH,CHOCOLATE
12/22/2011,OWNER SUR,OTC,CAT,S,2,0,0,NORMAL,SIAMESE,SEAL PT
12/22/2011,STRAY,OTC,DOG,S,2,0,0,NORMAL,SCHNAUZER MIN,BLACK
12/22/2011,STRAY,OTC,DOG,S,2,0,1,OTHER,PIT BULL,BLACK
12/22/2011,STRAY,FIELD,DOG,N,2,6,1,NORMAL,LABRADOR RETR,CHOCOLATE
12/22/2011,OWNER SUR,OTC,DOG,M,2,6,1,NORMAL,PIT BULL,WHITE
12/22/2011,OWNER SUR,OTC,DOG,S,3,0,0,NORMAL,SCHNAUZER MIN,GRAY
12/22/2011,STRAY,OTC,DOG,S,3,0,0,NORMAL,AUST SHEPHERD,BLUE MERLE
12/22/2011,STRAY,OTC,DOG,S,4,9,13,NORMAL,GERM SHEPHERD,BLACK
12/22/2011,OWNER SUR,OTC,DOG,N,4,0,1,NORMAL,PIT BULL,BR BRINDLE
12/22/2011,STRAY,OTC,CAT,N,5,0,1,NORMAL,SIAMESE,LYNX PT
12/22/2011,OWNER SUR,OTC,DOG,N,6,0,1,SICK,PUG,BLACK
12/22/2011,STRAY,OTC,DOG,S,7,0,1,NORMAL,POMERANIAN,SABLE
12/22/2011,OWNER SUR,OTC,DOG,N,7,0,1,NORMAL,SCHNAUZER MIN,GRAY
12/22/2011,STRAY,OTC,CAT,S,8,0,2,NORMAL,SIAMESE,LYNX PT
12/22/2011,OWNER SUR,QUARANTINE,DOG,S,9,0,2,NORMAL,CHOW CHOW,BROWN
12/23/2011,STRAY,OTC,DOG,F,0,0,7,NURSING,PIT BULL,BR BRINDLE
12/23/2011,STRAY,OTC,DOG,F,0,0,7,NURSING,PIT BULL,SABLE
12/23/2011,STRAY,OTC,DOG,M,0,0,7,NURSING,PIT BULL,SABLE
12/23/2011,STRAY,OTC,DOG,M,0,0,7,NURSING,PIT BULL,BROWN
12/23/2011,OWNER SUR,OTC,CAT,M,0,1,15,NORMAL,DOMESTIC SH,BLACK
12/23/2011,OWNER SUR,OTC,CAT,F,0,1,15,NORMAL,DOMESTIC SH,BLACK
12/23/2011,STRAY,OTC,DOG,N,0,3,22,NORMAL,BLACK MOUTH CUR,BROWN
12/23/2011,STRAY,OTC,DOG,N,0,3,22,NORMAL,BLACK MOUTH CUR,BROWN
12/23/2011,STRAY,OTC,DOG,N,0,5,16,NORMAL,LABRADOR RETR,TAN
12/23/2011,STRAY,QUARANTINE,DOG,N,0,5,27,NORMAL,JACK RUSS TERR,BLACK
12/23/2011,STRAY,OTC,CAT,M,0,5,1,NORMAL,DOMESTIC SH,BLACK
12/23/2011,STRAY,OTC,DOG,N,0,5,1,NORMAL,MALTESE,APRICOT
12/23/2011,STRAY,OTC,DOG,N,0,5,1,NORMAL,MALTESE,WHITE
12/23/2011,PUBLIC AST,QUARANTINE,DOG,S,1,6,1,NORMAL,PIT BULL,BROWN
12/23/2011,OWNER SUR,OTC,DOG,N,1,10,26,NORMAL,POODLE STND,WHITE
12/23/2011,STRAY,OTC,DOG,S,1,11,0,NORMAL,BEAGLE,TAN
12/23/2011,OWNER SUR,RETURN,DOG,S,1,11,3,NORMAL,LABRADOR RETR,BROWN
12/23/2011,OWNER SUR,OTC,DOG,N,1,0,0,NORMAL,GERM SHEPHERD,TRICOLOR
12/23/2011,STRAY,FIELD,DOG,S,1,0,0,NORMAL,DALMATIAN,WHITE
12/23/2011,STRAY,OTC,DOG,N,1,2,0,INJURED,PIT BULL,BR BRINDLE
12/23/2011,STRAY,OTC,DOG,N,1,2,6,NORMAL,BOXER,BROWN
12/23/2011,STRAY,OTC,DOG,S,1,2,6,NORMAL,BOXER,BROWN
12/23/2011,OWNER SUR,OTC,CAT,N,2,6,1,NORMAL,DOMESTIC SH,BRN TABBY
12/23/2011,STRAY,OTC,DOG,F,2,6,1,NURSING,PIT BULL,WHITE
12/23/2011,STRAY,OTC,DOG,S,2,6,1,NORMAL,LABRADOR RETR,CHOCOLATE
12/23/2011,OWNER SUR,OTC,CAT,F,2,0,0,NORMAL,DOMESTIC SH,BLACK
12/23/2011,STRAY,OTC,DOG,N,2,0,0,NORMAL,POMERANIAN,RED
12/23/2011,STRAY,OTC,DOG,N,3,10,5,NORMAL,PIT BULL,BLACK
12/23/2011,OWNER SUR,OTC,DOG,S,3,0,0,NORMAL,BORDER COLLIE,TAN
12/23/2011,OWNER SUR,OTC,DOG,N,3,0,0,SICK,DACHSHUND,BROWN
12/23/2011,OWNER SUR,RETURN,CAT,S,3,1,24,NORMAL,DOMESTIC SH,BRN TABBY
12/23/2011,OWNER SUR,OTC,DOG,N,3,6,1,NORMAL,BORDER COLLIE,BLACK
12/23/2011,STRAY,FIELD,DOG,S,4,0,1,NORMAL,BORDER COLLIE,BLACK
12/23/2011,OWNER SUR,OTC,CAT,N,5,6,2,NORMAL,DOMESTIC MH,BLACK
12/23/2011,OWNER SUR,OTC,DOG,N,6,3,15,NORMAL,PIT BULL,RED
12/23/2011,OWNER SUR,OTC,DOG,S,7,0,1,NORMAL,CHIHUAHUA SH,CHOCOLATE
12/23/2011,STRAY,OTC,DOG,S,7,3,4,NORMAL,LABRADOR RETR,YELLOW
12/23/2011,STRAY,OTC,DOG,N,8,0,10,NORMAL,LABRADOR RETR,GOLD
12/23/2011,OWNER SUR,OTC,DOG,S,10,0,2,NORMAL,BOXER,TAN
12/23/2011,OWNER SUR,OTC,DOG,F,10,0,2,NORMAL,MALTESE,WHITE
12/23/2011,PUBLIC AST,OWNER DIED,DOG,N,10,0,2,AGED,ENG SPRNGR SPAN,CHOCOLATE
12/24/2011,STRAY,OTC,CAT,N,0,6,16,SICK,DOMESTIC SH,BLUE TABBY
12/24/2011,STRAY,OTC,DOG,N,1,0,0,NORMAL,TR WALKER HOUND,BROWN
12/24/2011,STRAY,FIELD,DOG,N,1,0,0,NORMAL,SIBERIAN HUSKY,CREAM
12/24/2011,OWNER SUR,QUARANTINE,DOG,N,1,1,13,NORMAL,POODLE MIN,WHITE
12/24/2011,STRAY,OTC,DOG,N,2,6,1,NORMAL,PIT BULL,BROWN
12/24/2011,STRAY,FIELD,CAT,N,2,0,0,NORMAL,SIAMESE,FLAME PT
12/24/2011,STRAY,OTC,CAT,N,2,0,0,NORMAL,DOMESTIC SH,ORG TABBY
12/24/2011,STRAY,OTC,DOG,N,2,0,0,NORMAL,PIT BULL,BROWN
12/24/2011,STRAY,OTC,DOG,N,5,0,1,NORMAL,BOXER,BR BRINDLE
12/25/2011,OWNER SUR,OTC,DOG,M,1,6,1,SICK,CHIHUAHUA SH,BROWN
12/25/2011,OWNER SUR,OTC,DOG,F,1,6,1,SICK,CHIHUAHUA SH,BLUE
12/25/2011,STRAY,FIELD,DOG,M,1,0,0,INJURED,LABRADOR RETR,YELLOW
12/25/2011,OWNER SUR,FIELD,DOG,N,3,0,0,NORMAL,CATAHOULA,BRN MERLE
12/25/2011,STRAY,OTC,DOG,N,3,5,8,NORMAL,ROTTWEILER,SABLE
12/25/2011,PUBLIC AST,EMERGENCY,DOG,S,4,0,14,INJURED,AUST CATTLE DOG,BLACK
12/25/2011,STRAY,FIELD,DOG,F,5,0,2,AGED,ALASKAN HUSKY,WHITE
12/26/2011,STRAY,FIELD,DOG,F,0,0,7,NORMAL,GERM SHEPHERD,WHITE
12/26/2011,STRAY,FIELD,DOG,M,0,0,7,NORMAL,GERM SHEPHERD,SABLE
12/26/2011,STRAY,FIELD,DOG,F,0,0,7,NORMAL,GERM SHEPHERD,SABLE
12/26/2011,STRAY,FIELD,DOG,F,0,0,7,NORMAL,GERM SHEPHERD,SABLE
12/26/2011,STRAY,FIELD,DOG,F,0,0,7,NORMAL,GERM SHEPHERD,SABLE
12/26/2011,STRAY,FIELD,DOG,F,0,0,7,NORMAL,GERM SHEPHERD,TAN
12/26/2011,STRAY,FIELD,DOG,M,0,0,7,NORMAL,GERM SHEPHERD,TAN
12/26/2011,STRAY,FIELD,DOG,M,0,0,7,NORMAL,GERM SHEPHERD,SABLE
12/26/2011,OWNER SUR,OTC,CAT,N,0,2,0,NORMAL,DOMESTIC SH,WHITE
12/26/2011,OWNER SUR,OTC,CAT,S,0,2,0,NORMAL,DOMESTIC SH,BLACK
12/26/2011,OWNER SUR,OTC,CAT,S,0,2,0,NORMAL,DOMESTIC SH,LILAC PT
12/26/2011,OWNER SUR,OTC,CAT,N,0,2,0,NORMAL,DOMESTIC SH,LILAC PT
12/26/2011,STRAY,OTC,DOG,N,0,2,0,NORMAL,BOSTON TERRIER,WHITE
12/26/2011,STRAY,OTC,DOG,M,0,3,15,NORMAL,BOXER,WHITE
12/26/2011,STRAY,FIELD,DOG,N,0,4,27,INJURED,LABRADOR RETR,BLACK
12/26/2011,OWNER SUR,RETURN,DOG,M,0,4,8,NORMAL,AUST SHEPHERD,BR BRINDLE
12/26/2011,STRAY,OTC,DOG,N,1,6,1,NORMAL,AUST CATTLE DOG,RED TICK
12/26/2011,OWNER SUR,OTC,DOG,S,1,7,14,NORMAL,PIT BULL,FAWN
12/26/2011,STRAY,OTC,DOG,F,1,7,2,SICK,CHIHUAHUA SH,BLUE
12/26/2011,STRAY,FIELD,DOG,F,1,7,2,NORMAL,LABRADOR RETR,CHOCOLATE
12/26/2011,OWNER SUR,OTC,CAT,F,1,8,1,NORMAL,DOMESTIC SH,TORTIE
12/26/2011,OWNER SUR,OTC,DOG,S,1,8,1,NORMAL,AUST CATTLE DOG,RED
12/26/2011,OWNER SUR,RETURN,DOG,S,1,10,22,NORMAL,LABRADOR RETR,CHOCOLATE
12/26/2011,OWNER SUR,OTC,DOG,N,1,10,29,NORMAL,LABRADOR RETR,BLACK
12/26/2011,STRAY,FIELD,DOG,N,1,11,0,NORMAL,CATAHOULA,TAN
12/26/2011,STRAY,OTC,DOG,S,1,11,0,NORMAL,POODLE MIN,CREAM
12/26/2011,OWNER SUR,FIELD,DOG,S,1,0,0,NORMAL,PAPILLON,BLACK
12/26/2011,STRAY,OTC,CAT,S,1,0,0,NORMAL,DOMESTIC SH,BRN TABBY
12/26/2011,STRAY,OTC,CAT,S,1,0,0,NORMAL,DOMESTIC SH,CALICO
12/26/2011,STRAY,OTC,DOG,S,1,0,0,NORMAL,AUST CATTLE DOG,WHITE
12/26/2011,STRAY,OTC,DOG,N,1,0,0,NORMAL,ENG BULLDOG,RED
12/26/2011,STRAY,OTC,DOG,N,2,6,1,NORMAL,BOXER,WHITE
12/26/2011,STRAY,FIELD,DOG,N,2,6,1,NORMAL,PUG,BR BRINDLE
12/26/2011,STRAY,OTC,DOG,N,2,6,1,NORMAL,DALMATIAN,WHITE
12/26/2011,STRAY,FIELD,DOG,N,3,0,0,NORMAL,LABRADOR RETR,YELLOW
12/26/2011,STRAY,OTC,DOG,N,2,0,0,NORMAL,AUST CATTLE DOG,BLUE MERLE
12/26/2011,PUBLIC AST,QUARANTINE,CAT,N,2,0,0,NORMAL,DOMESTIC MH,ORG TABBY
12/26/2011,STRAY,OTC,DOG,M,2,0,0,INJURED,CHIHUAHUA SH,TAN
12/26/2011,STRAY,OTC,DOG,S,2,0,0,INJURED,CHIHUAHUA SH,BR BRINDLE
12/26/2011,OWNER SUR,FIELD,DOG,N,2,0,0,NORMAL,DACHSHUND,BLACK
12/26/2011,PUBLIC AST,QUARANTINE,DOG,S,2,6,1,NORMAL,GERM SHEPHERD,BROWN
12/26/2011,STRAY,OTC,DOG,N,3,11,4,INJURED,AMER BULLDOG,WHITE
12/26/2011,PUBLIC AST,NO SUBTYPE,DOG,N,4,0,11,NORMAL,PIT BULL,BR BRINDLE
12/26/2011,STRAY,OTC,DOG,N,3,0,0,NORMAL,LABRADOR RETR,YELLOW
12/26/2011,STRAY,OTC,DOG,S,3,0,0,NORMAL,BLUE LACY,TRICOLOR
12/26/2011,STRAY,OTC,CAT,F,4,0,1,NORMAL,DOMESTIC SH,BLACK
12/26/2011,OWNER SUR,OTC,DOG,F,4,0,1,NORMAL,BORDER TERRIER,BLACK
12/26/2011,STRAY,FIELD,DOG,N,5,10,13,NORMAL,PIT BULL,BLACK
12/26/2011,OWNER SUR,OTC,DOG,S,5,0,1,NORMAL,CHIHUAHUA SH,TAN
12/26/2011,STRAY,OTC,DOG,N,5,0,1,NORMAL,BOSTON TERRIER,BLACK
12/26/2011,STRAY,OTC,CAT,S,5,0,1,NORMAL,DOMESTIC SH,TORTIE
12/26/2011,OWNER SUR,QUARANTINE,DOG,N,5,0,4,NORMAL,BULLDOG,BR BRINDLE
12/26/2011,OWNER SUR,OTC,CAT,N,5,4,15,NORMAL,DOMESTIC SH,BLACK
12/26/2011,STRAY,OTC,DOG,N,7,8,0,NORMAL,LABRADOR RETR,WHITE
12/26/2011,STRAY,OTC,CAT,N,8,0,2,NORMAL,DOMESTIC SH,ORG TABBY
12/26/2011,STRAY,OTC,DOG,M,8,0,2,INJURED,JACK RUSS TERR,BLACK
12/26/2011,STRAY,OTC,DOG,S,9,7,16,NORMAL,JACK RUSS TERR,BLACK
12/27/2011,STRAY,FIELD,DOG,S,0,3,15,NORMAL,AUST CATTLE DOG,WHITE
12/27/2011,OWNER SUR,OTC,DOG,S,0,5,1,OTHER,PIT BULL,WHITE
12/27/2011,OWNER SUR,OTC,DOG,N,0,6,29,NORMAL,DOBERMAN PINSCH,BLACK
12/27/2011,OWNER SUR,OTC,DOG,S,0,6,29,NORMAL,DOBERMAN PINSCH,BLACK
12/27/2011,OWNER SUR,OTC,DOG,N,0,6,29,NORMAL,DOBERMAN PINSCH,BLACK
12/27/2011,STRAY,OTC,DOG,F,1,7,2,NORMAL,AUST SHEPHERD,BROWN
12/27/2011,OWNER SUR,OTC,DOG,N,1,11,0,NORMAL,LABRADOR RETR,BLACK
12/27/2011,OWNER SUR,RETURN,DOG,S,1,11,14,NORMAL,VIZSLA,BR BRINDLE
12/27/2011,STRAY,FIELD,DOG,N,1,11,0,NORMAL,AKITA,BR BRINDLE
12/27/2011,STRAY,OTC,DOG,N,1,0,0,NORMAL,JACK RUSS TERR,BROWN
12/27/2011,STRAY,FIELD,DOG,S,1,0,0,NORMAL,FRENCH BULLDOG,BLUE
12/27/2011,STRAY,FIELD,DOG,S,1,0,0,NORMAL,PIT BULL,CHOCOLATE
12/27/2011,STRAY,OTC,CAT,S,1,0,0,NORMAL,DOMESTIC MH,BLACK
12/27/2011,STRAY,OTC,DOG,F,1,1,26,NORMAL,LABRADOR RETR,BLACK
12/27/2011,STRAY,OTC,DOG,N,2,6,1,OTHER,VIZSLA,RED
12/27/2011,STRAY,FIELD,CAT,M,2,6,1,INJURED,DOMESTIC LH,BLK SMOKE
12/27/2011,STRAY,FIELD,DOG,S,2,0,0,INJURED,YORKSHIRE TERR,BLACK
12/27/2011,STRAY,FIELD,DOG,N,2,0,0,INJURED,AMER BULLDOG,BROWN
12/27/2011,STRAY,OTC,DOG,S,2,0,0,NORMAL,DACHSHUND LH,TRICOLOR
12/27/2011,STRAY,FIELD,DOG,S,3,0,0,NORMAL,LABRADOR RETR,TRICOLOR
12/27/2011,OWNER SUR,OTC,DOG,F,3,0,0,OTHER,PIT BULL,WHITE
12/27/2011,PUBLIC AST,OIJ,DOG,N,3,0,0,NORMAL,MIN PINSCHER,BLACK
12/27/2011,STRAY,FIELD,CAT,S,3,0,0,INJURED,SIAMESE,LYNX PT
12/27/2011,STRAY,OTC,DOG,S,3,0,0,NORMAL,PIT BULL,BROWN
12/27/2011,OWNER SUR,RETURN,DOG,S,3,1,11,NORMAL,ROTTWEILER,BLACK
12/27/2011,OWNER SUR,QUARANTINE,DOG,N,3,1,13,NORMAL,CHIHUAHUA SH,BROWN
12/27/2011,STRAY,OTC,CAT,N,4,0,1,NORMAL,DOMESTIC SH,ORG TABBY
12/27/2011,OWNER SUR,QUARANTINE,DOG,S,6,9,0,NORMAL,LABRADOR RETR,BUFF
12/27/2011,STRAY,OTC,DOG,S,6,0,1,NORMAL,BOXER,BR BRINDLE
12/27/2011,OWNER SUR,OTC,CAT,N,6,0,1,NORMAL,CYMRIC,ORG TABBY
12/27/2011,STRAY,FIELD,DOG,N,6,0,1,NORMAL,BOXER,BROWN
12/27/2011,STRAY,FIELD,DOG,N,7,0,1,NORMAL,AMER BULLDOG,BLUE
12/27/2011,STRAY,OTC,DOG,N,8,0,2,NORMAL,JACK RUSS TERR,WHITE
12/27/2011,STRAY,FIELD,DOG,S,10,0,2,NORMAL,CHINESE SHARPEI,TAN
12/27/2011,STRAY,FIELD,DOG,S,10,0,2,NORMAL,CHINESE SHARPEI,BROWN
12/27/2011,STRAY,FIELD,DOG,S,12,0,3,AGED,DACHSHUND,RED
12/27/2011,STRAY,OTC,DOG,F,12,0,3,OTHER,LABRADOR RETR,YELLOW
12/28/2011,STRAY,OTC,DOG,F,0,0,7,NURSING,SCHNAUZER MIN,BLACK
12/28/2011,STRAY,OTC,DOG,M,0,0,7,NURSING,SCHNAUZER MIN,TAN
12/28/2011,STRAY,OTC,DOG,M,0,0,7,NURSING,SCHNAUZER MIN,TAN
12/28/2011,STRAY,OTC,DOG,M,0,0,7,NURSING,SCHNAUZER MIN,BLACK
12/28/2011,STRAY,OTC,DOG,M,0,0,7,NURSING,SCHNAUZER MIN,BLACK
12/28/2011,STRAY,FIELD,DOG,S,0,2,10,NORMAL,AUST CATTLE DOG,BLUE TICK
12/28/2011,STRAY,OTC,DOG,S,0,3,16,SICK,CATAHOULA,WHITE
12/28/2011,STRAY,OTC,CAT,N,0,3,0,NORMAL,DOMESTIC SH,ORG TABBY
12/28/2011,STRAY,OTC,CAT,N,0,3,0,NORMAL,DOMESTIC SH,ORG TABBY
12/28/2011,OWNER SUR,FIELD,DOG,S,0,5,1,NORMAL,PIT BULL,BR BRINDLE
12/28/2011,STRAY,FIELD,DOG,F,1,6,1,SICK,PIT BULL,CHOCOLATE
12/28/2011,STRAY,OTC,DOG,S,1,7,2,NORMAL,GERM SHEPHERD,BLACK
12/28/2011,STRAY,OTC,DOG,S,1,7,2,NORMAL,SHETLD SHEEPDOG,TAN
12/28/2011,PUBLIC AST,QUARANTINE,DOG,N,2,6,1,NORMAL,RAT TERRIER,BROWN
12/28/2011,PUBLIC AST,QUARANTINE,DOG,N,2,6,1,NORMAL,RAT TERRIER,BROWN
12/28/2011,STRAY,OTC,DOG,F,2,0,0,NURSING,SCHNAUZER MIN,BLACK
12/28/2011,PUBLIC AST,QUARANTINE,DOG,S,2,0,0,NORMAL,LABRADOR RETR,TAN
12/28/2011,STRAY,FIELD,CAT,M,2,0,0,INJURED,DOMESTIC SH,BRN TABBY
12/28/2011,PUBLIC AST,QUARANTINE,CAT,N,2,0,0,NORMAL,DOMESTIC MH,ORG TABBY
12/28/2011,STRAY,FIELD,DOG,S,2,0,0,NURSING,AMER BULLDOG,BLACK
12/28/2011,STRAY,OTC,DOG,N,3,6,1,NORMAL,DACHSHUND LH,RED
12/28/2011,OWNER SUR,FIELD,DOG,N,4,11,27,NORMAL,PIT BULL,BLACK
12/28/2011,STRAY,OTC,DOG,M,4,0,1,NORMAL,LABRADOR RETR,YELLOW
12/28/2011,STRAY,OTC,CAT,N,5,6,2,NORMAL,DOMESTIC SH,CRM TABBY
12/28/2011,STRAY,OTC,DOG,N,5,6,2,NORMAL,LHASA APSO,BR BRINDLE
12/28/2011,STRAY,OTC,DOG,N,5,0,1,NORMAL,BEAGLE,TRICOLOR
12/28/2011,STRAY,OTC,DOG,S,6,0,1,NORMAL,STAFFORDSHIRE,BLACK
12/28/2011,OWNER SUR,OTC,DOG,S,6,0,1,NORMAL,POODLE MIN,WHITE
12/28/2011,STRAY,FIELD,DOG,S,7,0,1,OTHER,BORDER COLLIE,BLACK
12/28/2011,OWNER SUR,QUARANTINE,DOG,M,7,0,1,NORMAL,LHASA APSO,APRICOT
12/28/2011,STRAY,FIELD,DOG,M,7,0,2,NORMAL,LABRADOR RETR,BLACK
12/28/2011,STRAY,OTC,DOG,F,9,0,2,NORMAL,LABRADOR RETR,BLACK
12/28/2011,PUBLIC AST,EMERGENCY,DOG,N,9,0,2,NORMAL,RAT TERRIER,TRICOLOR
12/28/2011,STRAY,FIELD,DOG,S,10,0,2,NORMAL,WEIMARANER,BLUE
12/28/2011,PUBLIC AST,QUARANTINE,DOG,N,NO AGE,NORMAL,CHIHUAHUA SH,BROWN,,
12/29/2011,STRAY,OTC,DOG,M,0,2,18,NORMAL,CATAHOULA,BR BRINDLE
12/29/2011,STRAY,OTC,DOG,N,0,2,18,NORMAL,ROTTWEILER,TRICOLOR
12/29/2011,STRAY,OTC,DOG,S,0,2,22,NORMAL,ROTTWEILER,BLACK
12/29/2011,STRAY,OTC,DOG,S,0,2,9,NORMAL,ANATOL SHEPHERD,BROWN
12/29/2011,STRAY,FIELD,DOG,N,0,3,22,NORMAL,POODLE MIN,APRICOT
12/29/2011,STRAY,OTC,CAT,N,0,3,0,NORMAL,DOMESTIC SH,ORG TABBY
12/29/2011,STRAY,OTC,DOG,M,0,4,1,NORMAL,ROTTWEILER,BROWN
12/29/2011,STRAY,OTC,DOG,F,0,4,1,NORMAL,ROTTWEILER,BR BRINDLE
12/29/2011,STRAY,OTC,DOG,S,0,4,10,NORMAL,NORFOLK TERRIER,BUFF
12/29/2011,STRAY,OTC,DOG,N,0,4,10,NORMAL,NORFOLK TERRIER,WHITE
12/29/2011,STRAY,FIELD,DOG,M,0,6,16,INJURED,BORDER COLLIE,BLACK
12/29/2011,STRAY,OTC,DOG,S,1,6,1,NORMAL,BEAGLE,BROWN
12/29/2011,STRAY,OTC,CAT,N,1,10,28,NORMAL,DOMESTIC MH,ORG TABBY
12/29/2011,STRAY,OTC,DOG,S,1,11,0,NORMAL,BRUSS GRIFFON,BR BRINDLE
12/29/2011,OWNER SUR,OTC,CAT,N,1,11,28,NORMAL,DOMESTIC SH,ORG TABBY
12/29/2011,OWNER SUR,OTC,CAT,N,1,11,28,NORMAL,DOMESTIC SH,ORG TABBY
12/29/2011,STRAY,OTC,DOG,M,1,0,0,INJURED,DACHSHUND WH,BLACK
12/29/2011,STRAY,FIELD,DOG,N,1,0,0,NORMAL,CHIHUAHUA LH,TAN
12/29/2011,PUBLIC AST,QUARANTINE,DOG,N,1,0,0,NORMAL,AMER BULLDOG,BROWN
12/29/2011,STRAY,OTC,DOG,S,1,0,0,NORMAL,PUG,BLACK
12/29/2011,STRAY,FIELD,DOG,M,1,2,29,NORMAL,SIBERIAN HUSKY,RED
12/29/2011,PUBLIC AST,QUARANTINE,DOG,N,3,0,27,NORMAL,PIT BULL,TAN
12/29/2011,OWNER SUR,OTC,DOG,S,3,0,0,NORMAL,BEAGLE,TRICOLOR
12/29/2011,STRAY,OTC,CAT,U,2,0,0,NORMAL,DOMESTIC SH,BLACK
12/29/2011,STRAY,FIELD,DOG,N,2,0,0,NORMAL,AM PIT BULL TER,TAN
12/29/2011,STRAY,OTC,DOG,S,2,0,0,NORMAL,PIT BULL,BLUE
12/29/2011,PUBLIC AST,QUARANTINE,DOG,S,2,0,0,NORMAL,PIT BULL,BLUE
12/29/2011,PUBLIC AST,QUARANTINE,DOG,M,2,4,9,NORMAL,AM PIT BULL TER,BR BRINDLE
12/29/2011,OWNER SUR,OTC,DOG,N,3,0,0,NORMAL,AUST SHEPHERD,TRICOLOR
12/29/2011,STRAY,OTC,DOG,N,4,0,1,INJURED,MIN PINSCHER,BLACK
12/29/2011,OWNER SUR,FIELD,DOG,S,4,0,1,NORMAL,PIT BULL,BR BRINDLE
12/29/2011,STRAY,FIELD,DOG,N,4,0,4,NORMAL,PIT BULL,BLACK
12/29/2011,OWNER SUR,OTC,DOG,S,5,0,1,INJURED,DACHSHUND,BLACK
12/29/2011,STRAY,FIELD,DOG,N,5,3,0,NORMAL,LABRADOR RETR,CHOCOLATE
12/29/2011,STRAY,FIELD,DOG,F,6,0,1,NORMAL,AUST CATTLE DOG,WHITE
12/29/2011,STRAY,OTC,DOG,S,6,0,1,NORMAL,BEAGLE,TRICOLOR
12/29/2011,STRAY,OTC,CAT,S,7,0,1,NORMAL,DOMESTIC SH,TORTIE
12/29/2011,STRAY,FIELD,DOG,S,8,0,2,NORMAL,CHIHUAHUA SH,BR BRINDLE
12/29/2011,PUBLIC AST,QUARANTINE,DOG,M,10,0,3,NORMAL,ROTTWEILER,BLACK
12/29/2011,OWNER SUR,OTC,DOG,F,11,0,2,NORMAL,CHIHUAHUA SH,BROWN
12/29/2011,STRAY,OTC,DOG,S,13,0,29,NORMAL,POINTER,WHITE
12/30/2011,STRAY,OTC,CAT,N,0,2,15,NORMAL,DOMESTIC SH,BRN TABBY
12/30/2011,STRAY,OTC,DOG,S,0,2,0,NORMAL,CATAHOULA,BRN MERLE
12/30/2011,STRAY,OTC,DOG,S,0,2,0,NORMAL,CATAHOULA,BRN MERLE
12/30/2011,STRAY,OTC,DOG,S,0,2,0,NORMAL,CATAHOULA,BLACK
12/30/2011,STRAY,OTC,DOG,S,0,2,2,NORMAL,AUST CATTLE DOG,RED MERLE
12/30/2011,STRAY,OTC,DOG,S,0,2,7,NORMAL,AUST CATTLE DOG,WHITE
12/30/2011,STRAY,EMERG CLC,DOG,S,0,2,8,NORMAL,LABRADOR RETR,BLACK
12/30/2011,STRAY,EMERG CLC,DOG,N,0,2,8,NORMAL,LABRADOR RETR,BLACK
12/30/2011,STRAY,EMERG CLC,DOG,N,0,3,15,NORMAL,LABRADOR RETR,BLACK
12/30/2011,STRAY,OTC,DOG,N,0,3,0,NORMAL,LABRADOR RETR,BROWN
12/30/2011,OWNER SUR,RETURN,DOG,S,0,3,1,SICK,PLOTT HOUND,BR BRINDLE
12/30/2011,OWNER SUR,OTC,DOG,S,1,6,1,SICK,CHIHUAHUA SH,RED
12/30/2011,STRAY,OTC,DOG,S,1,6,1,NORMAL,DOBERMAN PINSCH,TRICOLOR
12/30/2011,OWNER SUR,OTC,CAT,S,1,8,1,NORMAL,DOMESTIC SH,BLACK
12/30/2011,OWNER SUR,OTC,CAT,S,1,8,1,NORMAL,DOMESTIC SH,BLACK
12/30/2011,STRAY,FIELD,DOG,N,1,10,29,NORMAL,PIT BULL,BLACK
12/30/2011,STRAY,OTC,DOG,S,1,11,0,NORMAL,CAIRN TERRIER,WHITE
12/30/2011,STRAY,OTC,DOG,S,1,0,0,NORMAL,WHIPPET,BR BRINDLE
12/30/2011,STRAY,OTC,CAT,S,1,0,0,NORMAL,DOMESTIC SH,BRN TABBY
12/30/2011,STRAY,FIELD,DOG,N,1,0,0,NORMAL,CHIHUAHUA SH,BLACK
12/30/2011,STRAY,OTC,DOG,N,1,2,27,NORMAL,PIT BULL,BLUE
12/30/2011,STRAY,OTC,DOG,N,1,3,13,NORMAL,BOSTON TERRIER,BLACK
12/30/2011,STRAY,OTC,DOG,N,2,0,0,NORMAL,PIT BULL,TAN
12/30/2011,STRAY,QUARANTINE,CAT,N,2,0,0,NORMAL,DOMESTIC SH,BLUE
12/30/2011,STRAY,OTC,DOG,S,2,6,29,NORMAL,PIT BULL,RED
12/30/2011,STRAY,EMERG CLC,CAT,S,3,0,0,NORMAL,DOMESTIC SH,BRN TABBY
12/30/2011,OWNER SUR,OTC,DOG,S,3,0,1,SICK,AUST SHEPHERD,BLACK
12/30/2011,PUBLIC AST,QUARANTINE,DOG,M,3,0,2,NORMAL,GOLDEN RETR,GOLD
12/30/2011,PUBLIC AST,QUARANTINE,DOG,N,4,0,0,NORMAL,LABRADOR RETR,BLACK
12/30/2011,STRAY,OTC,DOG,S,4,0,1,NORMAL,LABRADOR RETR,TAN
12/30/2011,STRAY,OTC,DOG,N,6,0,24,NORMAL,DACHSHUND,BLACK
12/30/2011,STRAY,OTC,CAT,N,6,0,1,NORMAL,DOMESTIC SH,ORG TABBY
12/30/2011,STRAY,OTC,DOG,S,8,7,28,NORMAL,PIT BULL,BLACK
12/30/2011,PUBLIC AST,QUARANTINE,DOG,N,9,0,0,NORMAL,BASENJI,TAN
12/30/2011,OWNER SUR,OTC,CAT,N,9,0,2,NORMAL,MAINE COON,BRN TABBY
12/30/2011,STRAY,OTC,CAT,S,10,0,2,NORMAL,PERSIAN,TORTIE
12/30/2011,PUBLIC AST,QUARANTINE,DOG,N,10,5,15,NORMAL,FLAT COAT RETR,BLACK
12/30/2011,STRAY,OTC,DOG,S,12,0,0,NORMAL,FINNISH SPITZ,RED
12/31/2011,STRAY,OTC,DOG,N,0,2,22,NORMAL,CATAHOULA,BLUE MERLE
12/31/2011,STRAY,OTC,DOG,N,0,2,22,NORMAL,GREAT PYRENEES,WHITE
12/31/2011,STRAY,OTC,DOG,N,0,3,22,NORMAL,GERM SHEPHERD,BLACK
12/31/2011,STRAY,OTC,CAT,N,0,3,0,INJURED,DOMESTIC SH,BLUE TABBY
12/31/2011,STRAY,FIELD,DOG,N,0,5,1,NORMAL,PIT BULL,WHITE
12/31/2011,STRAY,FIELD,DOG,N,1,6,1,NORMAL,HARRIER,WHITE
12/31/2011,STRAY,FIELD,DOG,S,1,6,1,NORMAL,POINTER,WHITE
12/31/2011,STRAY,OTC,CAT,S,1,7,2,NORMAL,DOMESTIC SH,ORG TABBY
12/31/2011,STRAY,FIELD,CAT,M,1,0,0,INJURED,DOMESTIC LH,WHITE
12/31/2011,STRAY,OTC,CAT,S,1,0,0,NORMAL,DOMESTIC SH,BRN TABBY
12/31/2011,STRAY,OTC,DOG,S,1,4,4,NORMAL,WHIPPET,BLACK
12/31/2011,STRAY,FIELD,DOG,S,2,6,1,NORMAL,GERM SHEPHERD,TAN
12/31/2011,STRAY,OTC,DOG,S,2,6,1,NORMAL,GERM SHEPHERD,BROWN
12/31/2011,STRAY,OTC,DOG,N,2,6,1,NORMAL,PIT BULL,BR BRINDLE
12/31/2011,STRAY,FIELD,CAT,S,2,6,1,NORMAL,BIRMAN,SEAL PT
12/31/2011,STRAY,FIELD,CAT,S,2,6,1,NORMAL,MAINE COON,BRN TABBY
12/31/2011,STRAY,QUARANTINE,CAT,S,3,0,0,NORMAL,BOMBAY,BLACK
12/31/2011,OWNER SUR,FIELD,DOG,N,2,0,0,NORMAL,AMER BULLDOG,WHITE
12/31/2011,STRAY,OTC,CAT,N,2,0,0,NORMAL,MAINE COON,BRN TABBY
12/31/2011,STRAY,FIELD,CAT,U,2,0,0,INJURED,DOMESTIC SH,BLACK
12/31/2011,OWNER SUR,RETURN,DOG,N,4,0,25,NORMAL,AM PIT BULL TER,BLACK
12/31/2011,STRAY,OTC,DOG,M,3,0,0,NORMAL,STAFFORDSHIRE,WHITE
12/31/2011,STRAY,FIELD,DOG,N,3,0,0,NORMAL,AUST CATTLE DOG,WHITE
12/31/2011,STRAY,OTC,CAT,N,3,0,0,NORMAL,DOMESTIC SH,ORG TABBY
12/31/2011,STRAY,OTC,DOG,F,3,0,0,NORMAL,ROTTWEILER,BLACK
12/31/2011,PUBLIC AST,QUARANTINE,DOG,N,4,0,1,NORMAL,GREAT DANE,BLACK
12/31/2011,STRAY,OTC,CAT,N,4,0,1,NORMAL,DOMESTIC LH,BLACK
12/31/2011,OWNER SUR,FIELD,DOG,M,4,0,1,NORMAL,PIT BULL,BR BRINDLE
12/31/2011,STRAY,OTC,DOG,S,4,0,1,NORMAL,WEST HIGHLAND,WHITE
12/31/2011,STRAY,OTC,CAT,S,7,0,1,NORMAL,DOMESTIC SH,CALICO
12/31/2011,STRAY,OTC,DOG,N,8,0,2,NORMAL,SILKY TERRIER,TAN
12/31/2011,STRAY,FIELD,DOG,F,8,0,2,NORMAL,POMERANIAN,RED
12/31/2011,STRAY,OTC,CAT,U,NO AGE,NORMAL,DOMESTIC SH,BRN TABBY,,
